
-1.2000000000000000E+001,-1.2000000000000000E+001, 1.0603721473482199E+001
-1.1999990000000000E+001,-1.1999990000000000E+001, 1.0603721472983858E+001
-1.1999980000000001E+001,-1.1999980000000001E+001, 1.0603721472468985E+001
-1.1999970000000001E+001,-1.1999970000000001E+001, 1.0603721471964036E+001
-1.1999950000000002E+001,-1.1999950000000002E+001, 1.0603721470961542E+001
-1.1999910000000002E+001,-1.1999910000000002E+001, 1.0603721468933703E+001
-1.1999830000000001E+001,-1.1999830000000001E+001, 1.0603721464888785E+001
-1.1999670000000002E+001,-1.1999670000000002E+001, 1.0603721456806840E+001
-1.1999350000000002E+001,-1.1999350000000002E+001, 1.0603721440626185E+001
-1.1998710000000001E+001,-1.1998710000000001E+001, 1.0603721408252721E+001
-1.1997710000000001E+001,-1.1997710000000001E+001, 1.0603721357584281E+001
-1.1996710000000002E+001,-1.1996710000000002E+001, 1.0603721306844966E+001
-1.1995710000000003E+001,-1.1995710000000003E+001, 1.0603721256022169E+001
-1.1994710000000003E+001,-1.1994710000000003E+001, 1.0603721205125927E+001
-1.1993710000000004E+001,-1.1993710000000004E+001, 1.0603721154147319E+001
-1.1992710000000004E+001,-1.1992710000000004E+001, 1.0603721103084776E+001
-1.1991710000000005E+001,-1.1991710000000005E+001, 1.0603721051940308E+001
-1.1990710000000005E+001,-1.1990710000000005E+001, 1.0603721000724660E+001
-1.1989710000000006E+001,-1.1989710000000006E+001, 1.0603720949423483E+001
-1.1988710000000006E+001,-1.1988710000000006E+001, 1.0603720898030742E+001
-1.1987710000000007E+001,-1.1987710000000007E+001, 1.0603720846576060E+001
-1.1986710000000008E+001,-1.1986710000000008E+001, 1.0603720795031915E+001
-1.1985710000000008E+001,-1.1985710000000008E+001, 1.0603720743410832E+001
-1.1984710000000009E+001,-1.1984710000000009E+001, 1.0603720691702042E+001
-1.1983710000000009E+001,-1.1983710000000009E+001, 1.0603720639893066E+001
-1.1982710000000010E+001,-1.1982710000000010E+001, 1.0603720588035554E+001
-1.1981710000000010E+001,-1.1981710000000010E+001, 1.0603720536092162E+001
-1.1980710000000011E+001,-1.1980710000000011E+001, 1.0603720484052140E+001
-1.1979710000000011E+001,-1.1979710000000011E+001, 1.0603720431928675E+001
-1.1978710000000012E+001,-1.1978710000000012E+001, 1.0603720379741272E+001
-1.1977710000000013E+001,-1.1977710000000013E+001, 1.0603720327444281E+001
-1.1976710000000013E+001,-1.1976710000000013E+001, 1.0603720275091966E+001
-1.1975710000000014E+001,-1.1975710000000014E+001, 1.0603720222662982E+001
-1.1974710000000014E+001,-1.1974710000000014E+001, 1.0603720170119653E+001
-1.1973710000000015E+001,-1.1973710000000015E+001, 1.0603720117524091E+001
-1.1972710000000015E+001,-1.1972710000000015E+001, 1.0603720064824365E+001
-1.1971710000000016E+001,-1.1971710000000016E+001, 1.0603720012040171E+001
-1.1970710000000016E+001,-1.1970710000000016E+001, 1.0603719959183472E+001
-1.1969710000000017E+001,-1.1969710000000017E+001, 1.0603719906238958E+001
-1.1968710000000018E+001,-1.1968710000000018E+001, 1.0603719853215562E+001
-1.1967710000000018E+001,-1.1967710000000018E+001, 1.0603719800112639E+001
-1.1966710000000019E+001,-1.1966710000000019E+001, 1.0603719746925862E+001
-1.1965710000000019E+001,-1.1965710000000019E+001, 1.0603719693643546E+001
-1.1964710000000020E+001,-1.1964710000000020E+001, 1.0603719640269304E+001
-1.1963710000000020E+001,-1.1963710000000020E+001, 1.0603719586829854E+001
-1.1962710000000021E+001,-1.1962710000000021E+001, 1.0603719533306032E+001
-1.1961710000000021E+001,-1.1961710000000021E+001, 1.0603719479689710E+001
-1.1960710000000022E+001,-1.1960710000000022E+001, 1.0603719425988064E+001
-1.1959710000000022E+001,-1.1959710000000022E+001, 1.0603719372204417E+001
-1.1958710000000023E+001,-1.1958710000000023E+001, 1.0603719318334788E+001
-1.1957710000000024E+001,-1.1957710000000024E+001, 1.0603719264397899E+001
-1.1956710000000024E+001,-1.1956710000000024E+001, 1.0603719210351281E+001
-1.1955710000000025E+001,-1.1955710000000025E+001, 1.0603719156220755E+001
-1.1954710000000025E+001,-1.1954710000000025E+001, 1.0603719102023042E+001
-1.1953710000000026E+001,-1.1953710000000026E+001, 1.0603719047722068E+001
-1.1952710000000026E+001,-1.1952710000000026E+001, 1.0603718993341445E+001
-1.1951710000000027E+001,-1.1951710000000027E+001, 1.0603718938875968E+001
-1.1950710000000027E+001,-1.1950710000000027E+001, 1.0603718884333990E+001
-1.1949710000000028E+001,-1.1949710000000028E+001, 1.0603718829693261E+001
-1.1948710000000029E+001,-1.1948710000000029E+001, 1.0603718774975452E+001
-1.1947710000000029E+001,-1.1947710000000029E+001, 1.0603718720154877E+001
-1.1946710000000030E+001,-1.1946710000000030E+001, 1.0603718665261139E+001
-1.1945710000000030E+001,-1.1945710000000030E+001, 1.0603718610278559E+001
-1.1944710000000031E+001,-1.1944710000000031E+001, 1.0603718555211744E+001
-1.1943710000000031E+001,-1.1943710000000031E+001, 1.0603718500046154E+001
-1.1942710000000032E+001,-1.1942710000000032E+001, 1.0603718444818067E+001
-1.1941710000000032E+001,-1.1941710000000032E+001, 1.0603718389490986E+001
-1.1940710000000033E+001,-1.1940710000000033E+001, 1.0603718334065553E+001
-1.1939710000000034E+001,-1.1939710000000034E+001, 1.0603718278563111E+001
-1.1938710000000034E+001,-1.1938710000000034E+001, 1.0603718222972375E+001
-1.1937710000000035E+001,-1.1937710000000035E+001, 1.0603718167289250E+001
-1.1936710000000035E+001,-1.1936710000000035E+001, 1.0603718111519523E+001
-1.1935710000000036E+001,-1.1935710000000036E+001, 1.0603718055667720E+001
-1.1934710000000036E+001,-1.1934710000000036E+001, 1.0603717999721434E+001
-1.1933710000000037E+001,-1.1933710000000037E+001, 1.0603717943690782E+001
-1.1932710000000037E+001,-1.1932710000000037E+001, 1.0603717887570813E+001
-1.1931710000000038E+001,-1.1931710000000038E+001, 1.0603717831363376E+001
-1.1930710000000039E+001,-1.1930710000000039E+001, 1.0603717775061282E+001
-1.1929710000000039E+001,-1.1929710000000039E+001, 1.0603717718675812E+001
-1.1928710000000040E+001,-1.1928710000000040E+001, 1.0603717662190288E+001
-1.1927710000000040E+001,-1.1927710000000040E+001, 1.0603717605625452E+001
-1.1926710000000041E+001,-1.1926710000000041E+001, 1.0603717548977990E+001
-1.1925710000000041E+001,-1.1925710000000041E+001, 1.0603717492241106E+001
-1.1924710000000042E+001,-1.1924710000000042E+001, 1.0603717435406192E+001
-1.1923710000000042E+001,-1.1923710000000042E+001, 1.0603717378482484E+001
-1.1922710000000043E+001,-1.1922710000000043E+001, 1.0603717321465091E+001
-1.1921710000000044E+001,-1.1921710000000044E+001, 1.0603717264359037E+001
-1.1920710000000044E+001,-1.1920710000000044E+001, 1.0603717207171819E+001
-1.1919710000000045E+001,-1.1919710000000045E+001, 1.0603717149897669E+001
-1.1918710000000045E+001,-1.1918710000000045E+001, 1.0603717092513834E+001
-1.1917710000000046E+001,-1.1917710000000046E+001, 1.0603717035046083E+001
-1.1916710000000046E+001,-1.1916710000000046E+001, 1.0603716977508046E+001
-1.1915710000000047E+001,-1.1915710000000047E+001, 1.0603716919849450E+001
-1.1914710000000047E+001,-1.1914710000000047E+001, 1.0603716862117023E+001
-1.1913710000000048E+001,-1.1913710000000048E+001, 1.0603716804278845E+001
-1.1912710000000049E+001,-1.1912710000000049E+001, 1.0603716746370434E+001
-1.1911710000000049E+001,-1.1911710000000049E+001, 1.0603716688355195E+001
-1.1910710000000050E+001,-1.1910710000000050E+001, 1.0603716630259370E+001
-1.1909710000000050E+001,-1.1909710000000050E+001, 1.0603716572060588E+001
-1.1908710000000051E+001,-1.1908710000000051E+001, 1.0603716513791632E+001
-1.1907710000000051E+001,-1.1907710000000051E+001, 1.0603716455397038E+001
-1.1906710000000052E+001,-1.1906710000000052E+001, 1.0603716396937980E+001
-1.1905710000000052E+001,-1.1905710000000052E+001, 1.0603716338373268E+001
-1.1904710000000053E+001,-1.1904710000000053E+001, 1.0603716279720519E+001
-1.1903710000000054E+001,-1.1903710000000054E+001, 1.0603716220985614E+001
-1.1902710000000054E+001,-1.1902710000000054E+001, 1.0603716162142419E+001
-1.1901710000000055E+001,-1.1901710000000055E+001, 1.0603716103209042E+001
-1.1900710000000055E+001,-1.1900710000000055E+001, 1.0603716044184937E+001
-1.1899710000000056E+001,-1.1899710000000056E+001, 1.0603715985067998E+001
-1.1898710000000056E+001,-1.1898710000000056E+001, 1.0603715925858205E+001
-1.1897710000000057E+001,-1.1897710000000057E+001, 1.0603715866567329E+001
-1.1896710000000057E+001,-1.1896710000000057E+001, 1.0603715807173231E+001
-1.1895710000000058E+001,-1.1895710000000058E+001, 1.0603715747670073E+001
-1.1894710000000059E+001,-1.1894710000000059E+001, 1.0603715688078751E+001
-1.1893710000000059E+001,-1.1893710000000059E+001, 1.0603715628405247E+001
-1.1892710000000060E+001,-1.1892710000000060E+001, 1.0603715568632950E+001
-1.1891710000000060E+001,-1.1891710000000060E+001, 1.0603715508792932E+001
-1.1890710000000061E+001,-1.1890710000000061E+001, 1.0603715448816562E+001
-1.1889710000000061E+001,-1.1889710000000061E+001, 1.0603715388762529E+001
-1.1888710000000062E+001,-1.1888710000000062E+001, 1.0603715328608917E+001
-1.1887710000000062E+001,-1.1887710000000062E+001, 1.0603715268364168E+001
-1.1886710000000063E+001,-1.1886710000000063E+001, 1.0603715208026625E+001
-1.1885710000000064E+001,-1.1885710000000064E+001, 1.0603715147591931E+001
-1.1884710000000064E+001,-1.1884710000000064E+001, 1.0603715087051665E+001
-1.1883710000000065E+001,-1.1883710000000065E+001, 1.0603715026437882E+001
-1.1882710000000065E+001,-1.1882710000000065E+001, 1.0603714965709846E+001
-1.1881710000000066E+001,-1.1881710000000066E+001, 1.0603714904897668E+001
-1.1880710000000066E+001,-1.1880710000000066E+001, 1.0603714843995967E+001
-1.1879710000000067E+001,-1.1879710000000067E+001, 1.0603714782984712E+001
-1.1878710000000067E+001,-1.1878710000000067E+001, 1.0603714721880950E+001
-1.1877710000000068E+001,-1.1877710000000068E+001, 1.0603714660679044E+001
-1.1876710000000068E+001,-1.1876710000000068E+001, 1.0603714599378584E+001
-1.1875710000000069E+001,-1.1875710000000069E+001, 1.0603714537986271E+001
-1.1874710000000070E+001,-1.1874710000000070E+001, 1.0603714476500880E+001
-1.1873710000000070E+001,-1.1873710000000070E+001, 1.0603714414914293E+001
-1.1872710000000071E+001,-1.1872710000000071E+001, 1.0603714353241811E+001
-1.1871710000000071E+001,-1.1871710000000071E+001, 1.0603714291459884E+001
-1.1870710000000072E+001,-1.1870710000000072E+001, 1.0603714229571445E+001
-1.1869710000000072E+001,-1.1869710000000072E+001, 1.0603714167603666E+001
-1.1868710000000073E+001,-1.1868710000000073E+001, 1.0603714105536959E+001
-1.1867710000000073E+001,-1.1867710000000073E+001, 1.0603714043361121E+001
-1.1866710000000074E+001,-1.1866710000000074E+001, 1.0603713981092033E+001
-1.1865710000000075E+001,-1.1865710000000075E+001, 1.0603713918728793E+001
-1.1864710000000075E+001,-1.1864710000000075E+001, 1.0603713856278901E+001
-1.1863710000000076E+001,-1.1863710000000076E+001, 1.0603713793716272E+001
-1.1862710000000076E+001,-1.1862710000000076E+001, 1.0603713731062060E+001
-1.1861710000000077E+001,-1.1861710000000077E+001, 1.0603713668313997E+001
-1.1860710000000077E+001,-1.1860710000000077E+001, 1.0603713605432860E+001
-1.1859710000000078E+001,-1.1859710000000078E+001, 1.0603713542481472E+001
-1.1858710000000078E+001,-1.1858710000000078E+001, 1.0603713479432740E+001
-1.1857710000000079E+001,-1.1857710000000079E+001, 1.0603713416278168E+001
-1.1856710000000080E+001,-1.1856710000000080E+001, 1.0603713353018691E+001
-1.1855710000000080E+001,-1.1855710000000080E+001, 1.0603713289689949E+001
-1.1854710000000081E+001,-1.1854710000000081E+001, 1.0603713226234337E+001
-1.1853710000000081E+001,-1.1853710000000081E+001, 1.0603713162681569E+001
-1.1852710000000082E+001,-1.1852710000000082E+001, 1.0603713099033284E+001
-1.1851710000000082E+001,-1.1851710000000082E+001, 1.0603713035275177E+001
-1.1850710000000083E+001,-1.1850710000000083E+001, 1.0603712971438341E+001
-1.1849710000000083E+001,-1.1849710000000083E+001, 1.0603712907478295E+001
-1.1848710000000084E+001,-1.1848710000000084E+001, 1.0603712843439027E+001
-1.1847710000000085E+001,-1.1847710000000085E+001, 1.0603712779291584E+001
-1.1846710000000085E+001,-1.1846710000000085E+001, 1.0603712715031357E+001
-1.1845710000000086E+001,-1.1845710000000086E+001, 1.0603712650670246E+001
-1.1844710000000086E+001,-1.1844710000000086E+001, 1.0603712586224226E+001
-1.1843710000000087E+001,-1.1843710000000087E+001, 1.0603712521683565E+001
-1.1842710000000087E+001,-1.1842710000000087E+001, 1.0603712457023374E+001
-1.1841710000000088E+001,-1.1841710000000088E+001, 1.0603712392269081E+001
-1.1840710000000088E+001,-1.1840710000000088E+001, 1.0603712327416558E+001
-1.1839710000000089E+001,-1.1839710000000089E+001, 1.0603712262443590E+001
-1.1838710000000090E+001,-1.1838710000000090E+001, 1.0603712197381762E+001
-1.1837710000000090E+001,-1.1837710000000090E+001, 1.0603712132227162E+001
-1.1836710000000091E+001,-1.1836710000000091E+001, 1.0603712066965878E+001
-1.1835710000000091E+001,-1.1835710000000091E+001, 1.0603712001594131E+001
-1.1834710000000092E+001,-1.1834710000000092E+001, 1.0603711936129843E+001
-1.1833710000000092E+001,-1.1833710000000092E+001, 1.0603711870548315E+001
-1.1832710000000093E+001,-1.1832710000000093E+001, 1.0603711804887594E+001
-1.1831710000000093E+001,-1.1831710000000093E+001, 1.0603711739114361E+001
-1.1830710000000094E+001,-1.1830710000000094E+001, 1.0603711673225428E+001
-1.1829710000000095E+001,-1.1829710000000095E+001, 1.0603711607257315E+001
-1.1828710000000095E+001,-1.1828710000000095E+001, 1.0603711541151190E+001
-1.1827710000000096E+001,-1.1827710000000096E+001, 1.0603711474969511E+001
-1.1826710000000096E+001,-1.1826710000000096E+001, 1.0603711408683822E+001
-1.1825710000000097E+001,-1.1825710000000097E+001, 1.0603711342296274E+001
-1.1824710000000097E+001,-1.1824710000000097E+001, 1.0603711275789115E+001
-1.1823710000000098E+001,-1.1823710000000098E+001, 1.0603711209193126E+001
-1.1822710000000098E+001,-1.1822710000000098E+001, 1.0603711142476769E+001
-1.1821710000000099E+001,-1.1821710000000099E+001, 1.0603711075670798E+001
-1.1820710000000100E+001,-1.1820710000000100E+001, 1.0603711008754953E+001
-1.1819710000000100E+001,-1.1819710000000100E+001, 1.0603710941738047E+001
-1.1818710000000101E+001,-1.1818710000000101E+001, 1.0603710874607856E+001
-1.1817710000000101E+001,-1.1817710000000101E+001, 1.0603710807383797E+001
-1.1816710000000102E+001,-1.1816710000000102E+001, 1.0603710740056231E+001
-1.1815710000000102E+001,-1.1815710000000102E+001, 1.0603710672616049E+001
-1.1814710000000103E+001,-1.1814710000000103E+001, 1.0603710605073966E+001
-1.1813710000000103E+001,-1.1813710000000103E+001, 1.0603710537425574E+001
-1.1812710000000104E+001,-1.1812710000000104E+001, 1.0603710469672251E+001
-1.1811710000000105E+001,-1.1811710000000105E+001, 1.0603710401804282E+001
-1.1810710000000105E+001,-1.1810710000000105E+001, 1.0603710333844571E+001
-1.1809710000000106E+001,-1.1809710000000106E+001, 1.0603710265774936E+001
-1.1808710000000106E+001,-1.1808710000000106E+001, 1.0603710197595968E+001
-1.1807710000000107E+001,-1.1807710000000107E+001, 1.0603710129318953E+001
-1.1806710000000107E+001,-1.1806710000000107E+001, 1.0603710060921268E+001
-1.1805710000000108E+001,-1.1805710000000108E+001, 1.0603709992430607E+001
-1.1804710000000108E+001,-1.1804710000000108E+001, 1.0603709923825967E+001
-1.1803710000000109E+001,-1.1803710000000109E+001, 1.0603709855118888E+001
-1.1802710000000110E+001,-1.1802710000000110E+001, 1.0603709786301447E+001
-1.1801710000000110E+001,-1.1801710000000110E+001, 1.0603709717389448E+001
-1.1800710000000111E+001,-1.1800710000000111E+001, 1.0603709648346140E+001
-1.1799710000000111E+001,-1.1799710000000111E+001, 1.0603709579220215E+001
-1.1798710000000112E+001,-1.1798710000000112E+001, 1.0603709509964432E+001
-1.1797710000000112E+001,-1.1797710000000112E+001, 1.0603709440635404E+001
-1.1796710000000113E+001,-1.1796710000000113E+001, 1.0603709371159255E+001
-1.1795710000000113E+001,-1.1795710000000113E+001, 1.0603709301594225E+001
-1.1794710000000114E+001,-1.1794710000000114E+001, 1.0603709231922597E+001
-1.1793710000000114E+001,-1.1793710000000114E+001, 1.0603709162142756E+001
-1.1792710000000115E+001,-1.1792710000000115E+001, 1.0603709092253354E+001
-1.1791710000000116E+001,-1.1791710000000116E+001, 1.0603709022242835E+001
-1.1790710000000116E+001,-1.1790710000000116E+001, 1.0603708952147645E+001
-1.1789710000000117E+001,-1.1789710000000117E+001, 1.0603708881926973E+001
-1.1788710000000117E+001,-1.1788710000000117E+001, 1.0603708811598374E+001
-1.1787710000000118E+001,-1.1787710000000118E+001, 1.0603708741163484E+001
-1.1786710000000118E+001,-1.1786710000000118E+001, 1.0603708670631699E+001
-1.1785710000000119E+001,-1.1785710000000119E+001, 1.0603708599983708E+001
-1.1784710000000119E+001,-1.1784710000000119E+001, 1.0603708529212113E+001
-1.1783710000000120E+001,-1.1783710000000120E+001, 1.0603708458339938E+001
-1.1782710000000121E+001,-1.1782710000000121E+001, 1.0603708387366032E+001
-1.1781710000000121E+001,-1.1781710000000121E+001, 1.0603708316279524E+001
-1.1780710000000122E+001,-1.1780710000000122E+001, 1.0603708245074049E+001
-1.1779710000000122E+001,-1.1779710000000122E+001, 1.0603708173778692E+001
-1.1778710000000123E+001,-1.1778710000000123E+001, 1.0603708102353355E+001
-1.1777710000000123E+001,-1.1777710000000123E+001, 1.0603708030825235E+001
-1.1776710000000124E+001,-1.1776710000000124E+001, 1.0603707959189769E+001
-1.1775710000000124E+001,-1.1775710000000124E+001, 1.0603707887431186E+001
-1.1774710000000125E+001,-1.1774710000000125E+001, 1.0603707815586892E+001
-1.1773710000000126E+001,-1.1773710000000126E+001, 1.0603707743609494E+001
-1.1772710000000126E+001,-1.1772710000000126E+001, 1.0603707671518633E+001
-1.1771710000000127E+001,-1.1771710000000127E+001, 1.0603707599338103E+001
-1.1770710000000127E+001,-1.1770710000000127E+001, 1.0603707527026614E+001
-1.1769710000000128E+001,-1.1769710000000128E+001, 1.0603707454605740E+001
-1.1768710000000128E+001,-1.1768710000000128E+001, 1.0603707382083787E+001
-1.1767710000000129E+001,-1.1767710000000129E+001, 1.0603707309451547E+001
-1.1766710000000129E+001,-1.1766710000000129E+001, 1.0603707236705391E+001
-1.1765710000000130E+001,-1.1765710000000130E+001, 1.0603707163839193E+001
-1.1764710000000131E+001,-1.1764710000000131E+001, 1.0603707090860723E+001
-1.1763710000000131E+001,-1.1763710000000131E+001, 1.0603707017775822E+001
-1.1762710000000132E+001,-1.1762710000000132E+001, 1.0603706944570893E+001
-1.1761710000000132E+001,-1.1761710000000132E+001, 1.0603706871274996E+001
-1.1760710000000133E+001,-1.1760710000000133E+001, 1.0603706797843858E+001
-1.1759710000000133E+001,-1.1759710000000133E+001, 1.0603706724308422E+001
-1.1758710000000134E+001,-1.1758710000000134E+001, 1.0603706650677392E+001
-1.1757710000000134E+001,-1.1757710000000134E+001, 1.0603706576903592E+001
-1.1756710000000135E+001,-1.1756710000000135E+001, 1.0603706503026258E+001
-1.1755710000000136E+001,-1.1755710000000136E+001, 1.0603706429040539E+001
-1.1754710000000136E+001,-1.1754710000000136E+001, 1.0603706354934932E+001
-1.1753710000000137E+001,-1.1753710000000137E+001, 1.0603706280728648E+001
-1.1752710000000137E+001,-1.1752710000000137E+001, 1.0603706206396231E+001
-1.1751710000000138E+001,-1.1751710000000138E+001, 1.0603706131964376E+001
-1.1750710000000138E+001,-1.1750710000000138E+001, 1.0603706057398957E+001
-1.1749710000000139E+001,-1.1749710000000139E+001, 1.0603705982728282E+001
-1.1748710000000139E+001,-1.1748710000000139E+001, 1.0603705907951175E+001
-1.1747710000000140E+001,-1.1747710000000140E+001, 1.0603705833046725E+001
-1.1746710000000141E+001,-1.1746710000000141E+001, 1.0603705758055323E+001
-1.1745710000000141E+001,-1.1745710000000141E+001, 1.0603705682915006E+001
-1.1744710000000142E+001,-1.1744710000000142E+001, 1.0603705607676153E+001
-1.1743710000000142E+001,-1.1743710000000142E+001, 1.0603705532316541E+001
-1.1742710000000143E+001,-1.1742710000000143E+001, 1.0603705456858673E+001
-1.1741710000000143E+001,-1.1741710000000143E+001, 1.0603705381268266E+001
-1.1740710000000144E+001,-1.1740710000000144E+001, 1.0603705305572650E+001
-1.1739710000000144E+001,-1.1739710000000144E+001, 1.0603705229746495E+001
-1.1738710000000145E+001,-1.1738710000000145E+001, 1.0603705153819464E+001
-1.1737710000000146E+001,-1.1737710000000146E+001, 1.0603705077783127E+001
-1.1736710000000146E+001,-1.1736710000000146E+001, 1.0603705001617096E+001
-1.1735710000000147E+001,-1.1735710000000147E+001, 1.0603704925332169E+001
-1.1734710000000147E+001,-1.1734710000000147E+001, 1.0603704848934253E+001
-1.1733710000000148E+001,-1.1733710000000148E+001, 1.0603704772433838E+001
-1.1732710000000148E+001,-1.1732710000000148E+001, 1.0603704695788188E+001
-1.1731710000000149E+001,-1.1731710000000149E+001, 1.0603704619066432E+001
-1.1730710000000149E+001,-1.1730710000000149E+001, 1.0603704542215210E+001
-1.1729710000000150E+001,-1.1729710000000150E+001, 1.0603704465234543E+001
-1.1728710000000151E+001,-1.1728710000000151E+001, 1.0603704388129742E+001
-1.1727710000000151E+001,-1.1727710000000151E+001, 1.0603704310926510E+001
-1.1726710000000152E+001,-1.1726710000000152E+001, 1.0603704233601277E+001
-1.1725710000000152E+001,-1.1725710000000152E+001, 1.0603704156167948E+001
-1.1724710000000153E+001,-1.1724710000000153E+001, 1.0603704078614756E+001
-1.1723710000000153E+001,-1.1723710000000153E+001, 1.0603704000930168E+001
-1.1722710000000154E+001,-1.1722710000000154E+001, 1.0603703923130929E+001
-1.1721710000000154E+001,-1.1721710000000154E+001, 1.0603703845221830E+001
-1.1720710000000155E+001,-1.1720710000000155E+001, 1.0603703767181994E+001
-1.1719710000000156E+001,-1.1719710000000156E+001, 1.0603703689032741E+001
-1.1718710000000156E+001,-1.1718710000000156E+001, 1.0603703610767575E+001
-1.1717710000000157E+001,-1.1717710000000157E+001, 1.0603703532393531E+001
-1.1716710000000157E+001,-1.1716710000000157E+001, 1.0603703453899312E+001
-1.1715710000000158E+001,-1.1715710000000158E+001, 1.0603703375280247E+001
-1.1714710000000158E+001,-1.1714710000000158E+001, 1.0603703296537180E+001
-1.1713710000000159E+001,-1.1713710000000159E+001, 1.0603703217685947E+001
-1.1712710000000159E+001,-1.1712710000000159E+001, 1.0603703138698776E+001
-1.1711710000000160E+001,-1.1711710000000160E+001, 1.0603703059611480E+001
-1.1710710000000160E+001,-1.1710710000000160E+001, 1.0603702980390544E+001
-1.1709710000000161E+001,-1.1709710000000161E+001, 1.0603702901052815E+001
-1.1708710000000162E+001,-1.1708710000000162E+001, 1.0603702821603937E+001
-1.1707710000000162E+001,-1.1707710000000162E+001, 1.0603702742038017E+001
-1.1706710000000163E+001,-1.1706710000000163E+001, 1.0603702662346375E+001
-1.1705710000000163E+001,-1.1705710000000163E+001, 1.0603702582532662E+001
-1.1704710000000164E+001,-1.1704710000000164E+001, 1.0603702502620649E+001
-1.1703710000000164E+001,-1.1703710000000164E+001, 1.0603702422567480E+001
-1.1702710000000165E+001,-1.1702710000000165E+001, 1.0603702342389745E+001
-1.1701710000000165E+001,-1.1701710000000165E+001, 1.0603702262113314E+001
-1.1700710000000166E+001,-1.1700710000000166E+001, 1.0603702181699253E+001
-1.1699710000000167E+001,-1.1699710000000167E+001, 1.0603702101167976E+001
-1.1698710000000167E+001,-1.1698710000000167E+001, 1.0603702020527763E+001
-1.1697710000000168E+001,-1.1697710000000168E+001, 1.0603701939751577E+001
-1.1696710000000168E+001,-1.1696710000000168E+001, 1.0603701858854169E+001
-1.1695710000000169E+001,-1.1695710000000169E+001, 1.0603701777850727E+001
-1.1694710000000169E+001,-1.1694710000000169E+001, 1.0603701696716623E+001
-1.1693710000000170E+001,-1.1693710000000170E+001, 1.0603701615462553E+001
-1.1692710000000170E+001,-1.1692710000000170E+001, 1.0603701534094137E+001
-1.1691710000000171E+001,-1.1691710000000171E+001, 1.0603701452587318E+001
-1.1690710000000172E+001,-1.1690710000000172E+001, 1.0603701370982272E+001
-1.1689710000000172E+001,-1.1689710000000172E+001, 1.0603701289231099E+001
-1.1688710000000173E+001,-1.1688710000000173E+001, 1.0603701207381459E+001
-1.1687710000000173E+001,-1.1687710000000173E+001, 1.0603701125405710E+001
-1.1686710000000174E+001,-1.1686710000000174E+001, 1.0603701043291098E+001
-1.1685710000000174E+001,-1.1685710000000174E+001, 1.0603700961075011E+001
-1.1684710000000175E+001,-1.1684710000000175E+001, 1.0603700878726450E+001
-1.1683710000000175E+001,-1.1683710000000175E+001, 1.0603700796259822E+001
-1.1682710000000176E+001,-1.1682710000000176E+001, 1.0603700713655620E+001
-1.1681710000000177E+001,-1.1681710000000177E+001, 1.0603700630955508E+001
-1.1680710000000177E+001,-1.1680710000000177E+001, 1.0603700548110305E+001
-1.1679710000000178E+001,-1.1679710000000178E+001, 1.0603700465167673E+001
-1.1678710000000178E+001,-1.1678710000000178E+001, 1.0603700382079920E+001
-1.1677710000000179E+001,-1.1677710000000179E+001, 1.0603700298874896E+001
-1.1676710000000179E+001,-1.1676710000000179E+001, 1.0603700215545857E+001
-1.1675710000000180E+001,-1.1675710000000180E+001, 1.0603700132106605E+001
-1.1674710000000180E+001,-1.1674710000000180E+001, 1.0603700048518489E+001
-1.1673710000000181E+001,-1.1673710000000181E+001, 1.0603699964832028E+001
-1.1672710000000182E+001,-1.1672710000000182E+001, 1.0603699881014915E+001
-1.1671710000000182E+001,-1.1671710000000182E+001, 1.0603699797073569E+001
-1.1670710000000183E+001,-1.1670710000000183E+001, 1.0603699713006192E+001
-1.1669710000000183E+001,-1.1669710000000183E+001, 1.0603699628802904E+001
-1.1668710000000184E+001,-1.1668710000000184E+001, 1.0603699544480435E+001
-1.1667710000000184E+001,-1.1667710000000184E+001, 1.0603699460052169E+001
-1.1666710000000185E+001,-1.1666710000000185E+001, 1.0603699375494282E+001
-1.1665710000000185E+001,-1.1665710000000185E+001, 1.0603699290808882E+001
-1.1664710000000186E+001,-1.1664710000000186E+001, 1.0603699205983478E+001
-1.1663710000000187E+001,-1.1663710000000187E+001, 1.0603699121069379E+001
-1.1662710000000187E+001,-1.1662710000000187E+001, 1.0603699036010424E+001
-1.1661710000000188E+001,-1.1661710000000188E+001, 1.0603698950813893E+001
-1.1660710000000188E+001,-1.1660710000000188E+001, 1.0603698865506635E+001
-1.1659710000000189E+001,-1.1659710000000189E+001, 1.0603698780075804E+001
-1.1658710000000189E+001,-1.1658710000000189E+001, 1.0603698694518673E+001
-1.1657710000000190E+001,-1.1657710000000190E+001, 1.0603698608845976E+001
-1.1656710000000190E+001,-1.1656710000000190E+001, 1.0603698523036979E+001
-1.1655710000000191E+001,-1.1655710000000191E+001, 1.0603698437105280E+001
-1.1654710000000192E+001,-1.1654710000000192E+001, 1.0603698351041276E+001
-1.1653710000000192E+001,-1.1653710000000192E+001, 1.0603698264860437E+001
-1.1652710000000193E+001,-1.1652710000000193E+001, 1.0603698178548308E+001
-1.1651710000000193E+001,-1.1651710000000193E+001, 1.0603698092112884E+001
-1.1650710000000194E+001,-1.1650710000000194E+001, 1.0603698005552397E+001
-1.1649710000000194E+001,-1.1649710000000194E+001, 1.0603697918859286E+001
-1.1648710000000195E+001,-1.1648710000000195E+001, 1.0603697832057625E+001
-1.1647710000000195E+001,-1.1647710000000195E+001, 1.0603697745104121E+001
-1.1646710000000196E+001,-1.1646710000000196E+001, 1.0603697658045368E+001
-1.1645710000000197E+001,-1.1645710000000197E+001, 1.0603697570851709E+001
-1.1644710000000197E+001,-1.1644710000000197E+001, 1.0603697483535598E+001
-1.1643710000000198E+001,-1.1643710000000198E+001, 1.0603697396093454E+001
-1.1642710000000198E+001,-1.1642710000000198E+001, 1.0603697308525177E+001
-1.1641710000000199E+001,-1.1641710000000199E+001, 1.0603697220832528E+001
-1.1640710000000199E+001,-1.1640710000000199E+001, 1.0603697133006257E+001
-1.1639710000000200E+001,-1.1639710000000200E+001, 1.0603697045058842E+001
-1.1638710000000200E+001,-1.1638710000000200E+001, 1.0603696956973650E+001
-1.1637710000000201E+001,-1.1637710000000201E+001, 1.0603696868772412E+001
-1.1636710000000202E+001,-1.1636710000000202E+001, 1.0603696780443888E+001
-1.1635710000000202E+001,-1.1635710000000202E+001, 1.0603696691986173E+001
-1.1634710000000203E+001,-1.1634710000000203E+001, 1.0603696603402931E+001
-1.1633710000000203E+001,-1.1633710000000203E+001, 1.0603696514683017E+001
-1.1632710000000204E+001,-1.1632710000000204E+001, 1.0603696425845865E+001
-1.1631710000000204E+001,-1.1631710000000204E+001, 1.0603696336865774E+001
-1.1630710000000205E+001,-1.1630710000000205E+001, 1.0603696247774742E+001
-1.1629710000000205E+001,-1.1629710000000205E+001, 1.0603696158559853E+001
-1.1628710000000206E+001,-1.1628710000000206E+001, 1.0603696069207352E+001
-1.1627710000000206E+001,-1.1627710000000206E+001, 1.0603695979736553E+001
-1.1626710000000207E+001,-1.1626710000000207E+001, 1.0603695890119514E+001
-1.1625710000000208E+001,-1.1625710000000208E+001, 1.0603695800392421E+001
-1.1624710000000208E+001,-1.1624710000000208E+001, 1.0603695710525919E+001
-1.1623710000000209E+001,-1.1623710000000209E+001, 1.0603695620527262E+001
-1.1622710000000209E+001,-1.1622710000000209E+001, 1.0603695530404218E+001
-1.1621710000000210E+001,-1.1621710000000210E+001, 1.0603695440156020E+001
-1.1620710000000210E+001,-1.1620710000000210E+001, 1.0603695349783500E+001
-1.1619710000000211E+001,-1.1619710000000211E+001, 1.0603695259270062E+001
-1.1618710000000211E+001,-1.1618710000000211E+001, 1.0603695168641414E+001
-1.1617710000000212E+001,-1.1617710000000212E+001, 1.0603695077874963E+001
-1.1616710000000213E+001,-1.1616710000000213E+001, 1.0603694986978901E+001
-1.1615710000000213E+001,-1.1615710000000213E+001, 1.0603694895960530E+001
-1.1614710000000214E+001,-1.1614710000000214E+001, 1.0603694804805349E+001
-1.1613710000000214E+001,-1.1613710000000214E+001, 1.0603694713523325E+001
-1.1612710000000215E+001,-1.1612710000000215E+001, 1.0603694622119360E+001
-1.1611710000000215E+001,-1.1611710000000215E+001, 1.0603694530579595E+001
-1.1610710000000216E+001,-1.1610710000000216E+001, 1.0603694438914252E+001
-1.1609710000000216E+001,-1.1609710000000216E+001, 1.0603694347121506E+001
-1.1608710000000217E+001,-1.1608710000000217E+001, 1.0603694255179189E+001
-1.1607710000000218E+001,-1.1607710000000218E+001, 1.0603694163125375E+001
-1.1606710000000218E+001,-1.1606710000000218E+001, 1.0603694070939380E+001
-1.1605710000000219E+001,-1.1605710000000219E+001, 1.0603693978630238E+001
-1.1604710000000219E+001,-1.1604710000000219E+001, 1.0603693886168145E+001
-1.1603710000000220E+001,-1.1603710000000220E+001, 1.0603693793604242E+001
-1.1602710000000220E+001,-1.1602710000000220E+001, 1.0603693700894674E+001
-1.1601710000000221E+001,-1.1601710000000221E+001, 1.0603693608039153E+001
-1.1600710000000221E+001,-1.1600710000000221E+001, 1.0603693515089299E+001
-1.1599710000000222E+001,-1.1599710000000222E+001, 1.0603693421984552E+001
-1.1598710000000223E+001,-1.1598710000000223E+001, 1.0603693328765093E+001
-1.1597710000000223E+001,-1.1597710000000223E+001, 1.0603693235384688E+001
-1.1596710000000224E+001,-1.1596710000000224E+001, 1.0603693141906472E+001
-1.1595710000000224E+001,-1.1595710000000224E+001, 1.0603693048277453E+001
-1.1594710000000225E+001,-1.1594710000000225E+001, 1.0603692954519055E+001
-1.1593710000000225E+001,-1.1593710000000225E+001, 1.0603692860653156E+001
-1.1592710000000226E+001,-1.1592710000000226E+001, 1.0603692766626613E+001
-1.1591710000000226E+001,-1.1591710000000226E+001, 1.0603692672495932E+001
-1.1590710000000227E+001,-1.1590710000000227E+001, 1.0603692578206665E+001
-1.1589710000000228E+001,-1.1589710000000228E+001, 1.0603692483807835E+001
-1.1588710000000228E+001,-1.1588710000000228E+001, 1.0603692389254778E+001
-1.1587710000000229E+001,-1.1587710000000229E+001, 1.0603692294601618E+001
-1.1586710000000229E+001,-1.1586710000000229E+001, 1.0603692199796782E+001
-1.1585710000000230E+001,-1.1585710000000230E+001, 1.0603692104856041E+001
-1.1584710000000230E+001,-1.1584710000000230E+001, 1.0603692009795978E+001
-1.1583710000000231E+001,-1.1583710000000231E+001, 1.0603691914593892E+001
-1.1582710000000231E+001,-1.1582710000000231E+001, 1.0603691819267988E+001
-1.1581710000000232E+001,-1.1581710000000232E+001, 1.0603691723805415E+001
-1.1580710000000233E+001,-1.1580710000000233E+001, 1.0603691628215724E+001
-1.1579710000000233E+001,-1.1579710000000233E+001, 1.0603691532497745E+001
-1.1578710000000234E+001,-1.1578710000000234E+001, 1.0603691436641400E+001
-1.1577710000000234E+001,-1.1577710000000234E+001, 1.0603691340658402E+001
-1.1576710000000235E+001,-1.1576710000000235E+001, 1.0603691244523535E+001
-1.1575710000000235E+001,-1.1575710000000235E+001, 1.0603691148272793E+001
-1.1574710000000236E+001,-1.1574710000000236E+001, 1.0603691051884619E+001
-1.1573710000000236E+001,-1.1573710000000236E+001, 1.0603690955373807E+001
-1.1572710000000237E+001,-1.1572710000000237E+001, 1.0603690858722853E+001
-1.1571710000000238E+001,-1.1571710000000238E+001, 1.0603690761954656E+001
-1.1570710000000238E+001,-1.1570710000000238E+001, 1.0603690665035931E+001
-1.1569710000000239E+001,-1.1569710000000239E+001, 1.0603690567973786E+001
-1.1568710000000239E+001,-1.1568710000000239E+001, 1.0603690470800796E+001
-1.1567710000000240E+001,-1.1567710000000240E+001, 1.0603690373502861E+001
-1.1566710000000240E+001,-1.1566710000000240E+001, 1.0603690276034083E+001
-1.1565710000000241E+001,-1.1565710000000241E+001, 1.0603690178474302E+001
-1.1564710000000241E+001,-1.1564710000000241E+001, 1.0603690080767171E+001
-1.1563710000000242E+001,-1.1563710000000242E+001, 1.0603689982897917E+001
-1.1562710000000243E+001,-1.1562710000000243E+001, 1.0603689884944222E+001
-1.1561710000000243E+001,-1.1561710000000243E+001, 1.0603689786824381E+001
-1.1560710000000244E+001,-1.1560710000000244E+001, 1.0603689688588393E+001
-1.1559710000000244E+001,-1.1559710000000244E+001, 1.0603689590200876E+001
-1.1558710000000245E+001,-1.1558710000000245E+001, 1.0603689491702767E+001
-1.1557710000000245E+001,-1.1557710000000245E+001, 1.0603689393048306E+001
-1.1556710000000246E+001,-1.1556710000000246E+001, 1.0603689294272499E+001
-1.1555710000000246E+001,-1.1555710000000246E+001, 1.0603689195358834E+001
-1.1554710000000247E+001,-1.1554710000000247E+001, 1.0603689096307637E+001
-1.1553710000000248E+001,-1.1553710000000248E+001, 1.0603688997142294E+001
-1.1552710000000248E+001,-1.1552710000000248E+001, 1.0603688897822529E+001
-1.1551710000000249E+001,-1.1551710000000249E+001, 1.0603688798373962E+001
-1.1550710000000249E+001,-1.1550710000000249E+001, 1.0603688698813807E+001
-1.1549710000000250E+001,-1.1549710000000250E+001, 1.0603688599092747E+001
-1.1548710000000250E+001,-1.1548710000000250E+001, 1.0603688499246148E+001
-1.1547710000000251E+001,-1.1547710000000251E+001, 1.0603688399258255E+001
-1.1546710000000251E+001,-1.1546710000000251E+001, 1.0603688299150546E+001
-1.1545710000000252E+001,-1.1545710000000252E+001, 1.0603688198895686E+001
-1.1544710000000252E+001,-1.1544710000000252E+001, 1.0603688098533613E+001
-1.1543710000000253E+001,-1.1543710000000253E+001, 1.0603687998003512E+001
-1.1542710000000254E+001,-1.1542710000000254E+001, 1.0603687897350616E+001
-1.1541710000000254E+001,-1.1541710000000254E+001, 1.0603687796566035E+001
-1.1540710000000255E+001,-1.1540710000000255E+001, 1.0603687695654685E+001
-1.1539710000000255E+001,-1.1539710000000255E+001, 1.0603687594590681E+001
-1.1538710000000256E+001,-1.1538710000000256E+001, 1.0603687493411703E+001
-1.1537710000000256E+001,-1.1537710000000256E+001, 1.0603687392079220E+001
-1.1536710000000257E+001,-1.1536710000000257E+001, 1.0603687290607379E+001
-1.1535710000000257E+001,-1.1535710000000257E+001, 1.0603687189019329E+001
-1.1534710000000258E+001,-1.1534710000000258E+001, 1.0603687087287238E+001
-1.1533710000000259E+001,-1.1533710000000259E+001, 1.0603686985440499E+001
-1.1532710000000259E+001,-1.1532710000000259E+001, 1.0603686883448772E+001
-1.1531710000000260E+001,-1.1531710000000260E+001, 1.0603686781294918E+001
-1.1530710000000260E+001,-1.1530710000000260E+001, 1.0603686679033537E+001
-1.1529710000000261E+001,-1.1529710000000261E+001, 1.0603686576638710E+001
-1.1528710000000261E+001,-1.1528710000000261E+001, 1.0603686474100996E+001
-1.1527710000000262E+001,-1.1527710000000262E+001, 1.0603686371428088E+001
-1.1526710000000262E+001,-1.1526710000000262E+001, 1.0603686268635565E+001
-1.1525710000000263E+001,-1.1525710000000263E+001, 1.0603686165684056E+001
-1.1524710000000264E+001,-1.1524710000000264E+001, 1.0603686062618582E+001
-1.1523710000000264E+001,-1.1523710000000264E+001, 1.0603685959386834E+001
-1.1522710000000265E+001,-1.1522710000000265E+001, 1.0603685856048127E+001
-1.1521710000000265E+001,-1.1521710000000265E+001, 1.0603685752570973E+001
-1.1520710000000266E+001,-1.1520710000000266E+001, 1.0603685648953252E+001
-1.1519710000000266E+001,-1.1519710000000266E+001, 1.0603685545201904E+001
-1.1518710000000267E+001,-1.1518710000000267E+001, 1.0603685441321904E+001
-1.1517710000000267E+001,-1.1517710000000267E+001, 1.0603685337290678E+001
-1.1516710000000268E+001,-1.1516710000000268E+001, 1.0603685233134167E+001
-1.1515710000000269E+001,-1.1515710000000269E+001, 1.0603685128848106E+001
-1.1514710000000269E+001,-1.1514710000000269E+001, 1.0603685024411979E+001
-1.1513710000000270E+001,-1.1513710000000270E+001, 1.0603684919846373E+001
-1.1512710000000270E+001,-1.1512710000000270E+001, 1.0603684815147821E+001
-1.1511710000000271E+001,-1.1511710000000271E+001, 1.0603684710318346E+001
-1.1510710000000271E+001,-1.1510710000000271E+001, 1.0603684605336529E+001
-1.1509710000000272E+001,-1.1509710000000272E+001, 1.0603684500236694E+001
-1.1508710000000272E+001,-1.1508710000000272E+001, 1.0603684394994735E+001
-1.1507710000000273E+001,-1.1507710000000273E+001, 1.0603684289611039E+001
-1.1506710000000274E+001,-1.1506710000000274E+001, 1.0603684184086358E+001
-1.1505710000000274E+001,-1.1505710000000274E+001, 1.0603684078451613E+001
-1.1504710000000275E+001,-1.1504710000000275E+001, 1.0603683972662207E+001
-1.1503710000000275E+001,-1.1503710000000275E+001, 1.0603683866738868E+001
-1.1502710000000276E+001,-1.1502710000000276E+001, 1.0603683760686653E+001
-1.1501710000000276E+001,-1.1501710000000276E+001, 1.0603683654493908E+001
-1.1500710000000277E+001,-1.1500710000000277E+001, 1.0603683548161470E+001
-1.1499710000000277E+001,-1.1499710000000277E+001, 1.0603683441698639E+001
-1.1498710000000278E+001,-1.1498710000000278E+001, 1.0603683335095507E+001
-1.1497710000000279E+001,-1.1497710000000279E+001, 1.0603683228358953E+001
-1.1496710000000279E+001,-1.1496710000000279E+001, 1.0603683121489247E+001
-1.1495710000000280E+001,-1.1495710000000280E+001, 1.0603683014470292E+001
-1.1494710000000280E+001,-1.1494710000000280E+001, 1.0603682907321872E+001
-1.1493710000000281E+001,-1.1493710000000281E+001, 1.0603682800051951E+001
-1.1492710000000281E+001,-1.1492710000000281E+001, 1.0603682692636806E+001
-1.1491710000000282E+001,-1.1491710000000282E+001, 1.0603682585067681E+001
-1.1490710000000282E+001,-1.1490710000000282E+001, 1.0603682477397491E+001
-1.1489710000000283E+001,-1.1489710000000283E+001, 1.0603682369562698E+001
-1.1488710000000284E+001,-1.1488710000000284E+001, 1.0603682261594322E+001
-1.1487710000000284E+001,-1.1487710000000284E+001, 1.0603682153517150E+001
-1.1486710000000285E+001,-1.1486710000000285E+001, 1.0603682045265501E+001
-1.1485710000000285E+001,-1.1485710000000285E+001, 1.0603681936906538E+001
-1.1484710000000286E+001,-1.1484710000000286E+001, 1.0603681828376176E+001
-1.1483710000000286E+001,-1.1483710000000286E+001, 1.0603681719756663E+001
-1.1482710000000287E+001,-1.1482710000000287E+001, 1.0603681610966438E+001
-1.1481710000000287E+001,-1.1481710000000287E+001, 1.0603681502053423E+001
-1.1480710000000288E+001,-1.1480710000000288E+001, 1.0603681392998832E+001
-1.1479710000000289E+001,-1.1479710000000289E+001, 1.0603681283804510E+001
-1.1478710000000289E+001,-1.1478710000000289E+001, 1.0603681174493779E+001
-1.1477710000000290E+001,-1.1477710000000290E+001, 1.0603681065022879E+001
-1.1476710000000290E+001,-1.1476710000000290E+001, 1.0603680955415534E+001
-1.1475710000000291E+001,-1.1475710000000291E+001, 1.0603680845694971E+001
-1.1474710000000291E+001,-1.1474710000000291E+001, 1.0603680735824096E+001
-1.1473710000000292E+001,-1.1473710000000292E+001, 1.0603680625818143E+001
-1.1472710000000292E+001,-1.1472710000000292E+001, 1.0603680515665129E+001
-1.1471710000000293E+001,-1.1471710000000293E+001, 1.0603680405391206E+001
-1.1470710000000294E+001,-1.1470710000000294E+001, 1.0603680294971724E+001
-1.1469710000000294E+001,-1.1469710000000294E+001, 1.0603680184412278E+001
-1.1468710000000295E+001,-1.1468710000000295E+001, 1.0603680073729704E+001
-1.1467710000000295E+001,-1.1467710000000295E+001, 1.0603679962906007E+001
-1.1466710000000296E+001,-1.1466710000000296E+001, 1.0603679851932979E+001
-1.1465710000000296E+001,-1.1465710000000296E+001, 1.0603679740835446E+001
-1.1464710000000297E+001,-1.1464710000000297E+001, 1.0603679629608253E+001
-1.1463710000000297E+001,-1.1463710000000297E+001, 1.0603679518228899E+001
-1.1462710000000298E+001,-1.1462710000000298E+001, 1.0603679406712377E+001
-1.1461710000000298E+001,-1.1461710000000298E+001, 1.0603679295080568E+001
-1.1460710000000299E+001,-1.1460710000000299E+001, 1.0603679183302356E+001
-1.1459710000000300E+001,-1.1459710000000300E+001, 1.0603679071484340E+001
-1.1458710000000300E+001,-1.1458710000000300E+001, 1.0603678959664737E+001
-1.1457710000000301E+001,-1.1457710000000301E+001, 1.0603678847831596E+001
-1.1456710000000301E+001,-1.1456710000000301E+001, 1.0603678736004799E+001
-1.1455710000000302E+001,-1.1455710000000302E+001, 1.0603678624189158E+001
-1.1454710000000302E+001,-1.1454710000000302E+001, 1.0603678512370205E+001
-1.1453710000000303E+001,-1.1453710000000303E+001, 1.0603678400553502E+001
-1.1452710000000303E+001,-1.1452710000000303E+001, 1.0603678288727878E+001
-1.1451710000000304E+001,-1.1451710000000304E+001, 1.0603678176903278E+001
-1.1450710000000305E+001,-1.1450710000000305E+001, 1.0603678065072808E+001
-1.1449710000000305E+001,-1.1449710000000305E+001, 1.0603677953259254E+001
-1.1448710000000306E+001,-1.1448710000000306E+001, 1.0603677841441625E+001
-1.1447710000000306E+001,-1.1447710000000306E+001, 1.0603677729593553E+001
-1.1446710000000307E+001,-1.1446710000000307E+001, 1.0603677617779610E+001
-1.1445710000000307E+001,-1.1445710000000307E+001, 1.0603677505946155E+001
-1.1444710000000308E+001,-1.1444710000000308E+001, 1.0603677394120856E+001
-1.1443710000000308E+001,-1.1443710000000308E+001, 1.0603677282296175E+001
-1.1442710000000309E+001,-1.1442710000000309E+001, 1.0603677170475137E+001
-1.1441710000000310E+001,-1.1441710000000310E+001, 1.0603677058628179E+001
-1.1440710000000310E+001,-1.1440710000000310E+001, 1.0603676946801707E+001
-1.1439710000000311E+001,-1.1439710000000311E+001, 1.0603676834973328E+001
-1.1438710000000311E+001,-1.1438710000000311E+001, 1.0603676723147412E+001
-1.1437710000000312E+001,-1.1437710000000312E+001, 1.0603676611317697E+001
-1.1436710000000312E+001,-1.1436710000000312E+001, 1.0603676499498727E+001
-1.1435710000000313E+001,-1.1435710000000313E+001, 1.0603676387657373E+001
-1.1434710000000313E+001,-1.1434710000000313E+001, 1.0603676275820790E+001
-1.1433710000000314E+001,-1.1433710000000314E+001, 1.0603676163979461E+001
-1.1432710000000315E+001,-1.1432710000000315E+001, 1.0603676052150094E+001
-1.1431710000000315E+001,-1.1431710000000315E+001, 1.0603675940324745E+001
-1.1430710000000316E+001,-1.1430710000000316E+001, 1.0603675828480821E+001
-1.1429710000000316E+001,-1.1429710000000316E+001, 1.0603675716655594E+001
-1.1428710000000317E+001,-1.1428710000000317E+001, 1.0603675604824137E+001
-1.1427710000000317E+001,-1.1427710000000317E+001, 1.0603675492992782E+001
-1.1426710000000318E+001,-1.1426710000000318E+001, 1.0603675381149186E+001
-1.1425710000000318E+001,-1.1425710000000318E+001, 1.0603675269306498E+001
-1.1424710000000319E+001,-1.1424710000000319E+001, 1.0603675157476976E+001
-1.1423710000000320E+001,-1.1423710000000320E+001, 1.0603675045636743E+001
-1.1422710000000320E+001,-1.1422710000000320E+001, 1.0603674933791144E+001
-1.1421710000000321E+001,-1.1421710000000321E+001, 1.0603674821965779E+001
-1.1420710000000321E+001,-1.1420710000000321E+001, 1.0603674710122663E+001
-1.1419710000000322E+001,-1.1419710000000322E+001, 1.0603674598289784E+001
-1.1418710000000322E+001,-1.1418710000000322E+001, 1.0603674486446053E+001
-1.1417710000000323E+001,-1.1417710000000323E+001, 1.0603674374603234E+001
-1.1416710000000323E+001,-1.1416710000000323E+001, 1.0603674262753504E+001
-1.1415710000000324E+001,-1.1415710000000324E+001, 1.0603674150922984E+001
-1.1414710000000325E+001,-1.1414710000000325E+001, 1.0603674039078928E+001
-1.1413710000000325E+001,-1.1413710000000325E+001, 1.0603673927241957E+001
-1.1412710000000326E+001,-1.1412710000000326E+001, 1.0603673815396062E+001
-1.1411710000000326E+001,-1.1411710000000326E+001, 1.0603673703557700E+001
-1.1410710000000327E+001,-1.1410710000000327E+001, 1.0603673591702110E+001
-1.1409710000000327E+001,-1.1409710000000327E+001, 1.0603673479852532E+001
-1.1408710000000328E+001,-1.1408710000000328E+001, 1.0603673368018276E+001
-1.1407710000000328E+001,-1.1407710000000328E+001, 1.0603673256176656E+001
-1.1406710000000329E+001,-1.1406710000000329E+001, 1.0603673144327818E+001
-1.1405710000000330E+001,-1.1405710000000330E+001, 1.0603673032480046E+001
-1.1404710000000330E+001,-1.1404710000000330E+001, 1.0603672920627389E+001
-1.1403710000000331E+001,-1.1403710000000331E+001, 1.0603672808792941E+001
-1.1402710000000331E+001,-1.1402710000000331E+001, 1.0603672696943692E+001
-1.1401710000000332E+001,-1.1401710000000332E+001, 1.0603672585086944E+001
-1.1400710000000332E+001,-1.1400710000000332E+001, 1.0603672473245060E+001
-1.1399710000000333E+001,-1.1399710000000333E+001, 1.0603672361403049E+001
-1.1398710000000333E+001,-1.1398710000000333E+001, 1.0603672249545557E+001
-1.1397710000000334E+001,-1.1397710000000334E+001, 1.0603672137691108E+001
-1.1396710000000335E+001,-1.1396710000000335E+001, 1.0603672025850907E+001
-1.1395710000000335E+001,-1.1395710000000335E+001, 1.0603671913995736E+001
-1.1394710000000336E+001,-1.1394710000000336E+001, 1.0603671802146618E+001
-1.1393710000000336E+001,-1.1393710000000336E+001, 1.0603671690286518E+001
-1.1392710000000337E+001,-1.1392710000000337E+001, 1.0603671578431872E+001
-1.1391710000000337E+001,-1.1391710000000337E+001, 1.0603671466580785E+001
-1.1390710000000338E+001,-1.1390710000000338E+001, 1.0603671354734661E+001
-1.1389710000000338E+001,-1.1389710000000338E+001, 1.0603671242881529E+001
-1.1388710000000339E+001,-1.1388710000000339E+001, 1.0603671131014879E+001
-1.1387710000000340E+001,-1.1387710000000340E+001, 1.0603671019171237E+001
-1.1386710000000340E+001,-1.1386710000000340E+001, 1.0603670907307862E+001
-1.1385710000000341E+001,-1.1385710000000341E+001, 1.0603670795466227E+001
-1.1384710000000341E+001,-1.1384710000000341E+001, 1.0603670683601601E+001
-1.1383710000000342E+001,-1.1383710000000342E+001, 1.0603670571738501E+001
-1.1382710000000342E+001,-1.1382710000000342E+001, 1.0603670459892836E+001
-1.1381710000000343E+001,-1.1381710000000343E+001, 1.0603670348019540E+001
-1.1380710000000343E+001,-1.1380710000000343E+001, 1.0603670236167915E+001
-1.1379710000000344E+001,-1.1379710000000344E+001, 1.0603670124316402E+001
-1.1378710000000344E+001,-1.1378710000000344E+001, 1.0603670012449392E+001
-1.1377710000000345E+001,-1.1377710000000345E+001, 1.0603669900586436E+001
-1.1376710000000346E+001,-1.1376710000000346E+001, 1.0603669788732509E+001
-1.1375710000000346E+001,-1.1375710000000346E+001, 1.0603669676876198E+001
-1.1374710000000347E+001,-1.1374710000000347E+001, 1.0603669565016871E+001
-1.1373710000000347E+001,-1.1373710000000347E+001, 1.0603669453149520E+001
-1.1372710000000348E+001,-1.1372710000000348E+001, 1.0603669341300014E+001
-1.1371710000000348E+001,-1.1371710000000348E+001, 1.0603669229427389E+001
-1.1370710000000349E+001,-1.1370710000000349E+001, 1.0603669117552240E+001
-1.1369710000000349E+001,-1.1369710000000349E+001, 1.0603669005689877E+001
-1.1368710000000350E+001,-1.1368710000000350E+001, 1.0603668893828559E+001
-1.1367710000000351E+001,-1.1367710000000351E+001, 1.0603668781980218E+001
-1.1366710000000351E+001,-1.1366710000000351E+001, 1.0603668670103229E+001
-1.1365710000000352E+001,-1.1365710000000352E+001, 1.0603668558241406E+001
-1.1364710000000352E+001,-1.1364710000000352E+001, 1.0603668446381722E+001
-1.1363710000000353E+001,-1.1363710000000353E+001, 1.0603668334495792E+001
-1.1362710000000353E+001,-1.1362710000000353E+001, 1.0603668222641165E+001
-1.1361710000000354E+001,-1.1361710000000354E+001, 1.0603668110776457E+001
-1.1360710000000354E+001,-1.1360710000000354E+001, 1.0603667998903152E+001
-1.1359710000000355E+001,-1.1359710000000355E+001, 1.0603667887033412E+001
-1.1358710000000356E+001,-1.1358710000000356E+001, 1.0603667775176682E+001
-1.1357710000000356E+001,-1.1357710000000356E+001, 1.0603667663295395E+001
-1.1356710000000357E+001,-1.1356710000000357E+001, 1.0603667551436894E+001
-1.1355710000000357E+001,-1.1355710000000357E+001, 1.0603667439562722E+001
-1.1354710000000358E+001,-1.1354710000000358E+001, 1.0603667327685072E+001
-1.1353710000000358E+001,-1.1353710000000358E+001, 1.0603667215813154E+001
-1.1352710000000359E+001,-1.1352710000000359E+001, 1.0603667103945003E+001
-1.1351710000000359E+001,-1.1351710000000359E+001, 1.0603666992067810E+001
-1.1350710000000360E+001,-1.1350710000000360E+001, 1.0603666880201200E+001
-1.1349710000000361E+001,-1.1349710000000361E+001, 1.0603666768323695E+001
-1.1348710000000361E+001,-1.1348710000000361E+001, 1.0603666656452694E+001
-1.1347710000000362E+001,-1.1347710000000362E+001, 1.0603666544568414E+001
-1.1346710000000362E+001,-1.1346710000000362E+001, 1.0603666432693544E+001
-1.1345710000000363E+001,-1.1345710000000363E+001, 1.0603666320826916E+001
-1.1344710000000363E+001,-1.1344710000000363E+001, 1.0603666208960878E+001
-1.1343710000000364E+001,-1.1343710000000364E+001, 1.0603666097077383E+001
-1.1342710000000364E+001,-1.1342710000000364E+001, 1.0603665985208391E+001
-1.1341710000000365E+001,-1.1341710000000365E+001, 1.0603665873329737E+001
-1.1340710000000366E+001,-1.1340710000000366E+001, 1.0603665761441491E+001
-1.1339710000000366E+001,-1.1339710000000366E+001, 1.0603665649557765E+001
-1.1338710000000367E+001,-1.1338710000000367E+001, 1.0603665537692375E+001
-1.1337710000000367E+001,-1.1337710000000367E+001, 1.0603665425805843E+001
-1.1336710000000368E+001,-1.1336710000000368E+001, 1.0603665313931728E+001
-1.1335710000000368E+001,-1.1335710000000368E+001, 1.0603665202052110E+001
-1.1334710000000369E+001,-1.1334710000000369E+001, 1.0603665090169340E+001
-1.1333710000000369E+001,-1.1333710000000369E+001, 1.0603664978295363E+001
-1.1332710000000370E+001,-1.1332710000000370E+001, 1.0603664866408433E+001
-1.1331710000000371E+001,-1.1331710000000371E+001, 1.0603664754517130E+001
-1.1330710000000371E+001,-1.1330710000000371E+001, 1.0603664642654641E+001
-1.1329710000000372E+001,-1.1329710000000372E+001, 1.0603664530760856E+001
-1.1328710000000372E+001,-1.1328710000000372E+001, 1.0603664418866266E+001
-1.1327710000000373E+001,-1.1327710000000373E+001, 1.0603664306994101E+001
-1.1326710000000373E+001,-1.1326710000000373E+001, 1.0603664195103216E+001
-1.1325710000000374E+001,-1.1325710000000374E+001, 1.0603664083226814E+001
-1.1324710000000374E+001,-1.1324710000000374E+001, 1.0603663971341724E+001
-1.1323710000000375E+001,-1.1323710000000375E+001, 1.0603663859449382E+001
-1.1322710000000376E+001,-1.1322710000000376E+001, 1.0603663747560370E+001
-1.1321710000000376E+001,-1.1321710000000376E+001, 1.0603663635676060E+001
-1.1320710000000377E+001,-1.1320710000000377E+001, 1.0603663523781721E+001
-1.1319710000000377E+001,-1.1319710000000377E+001, 1.0603663411907451E+001
-1.1318710000000378E+001,-1.1318710000000378E+001, 1.0603663300021667E+001
-1.1317710000000378E+001,-1.1317710000000378E+001, 1.0603663188132797E+001
-1.1316710000000379E+001,-1.1316710000000379E+001, 1.0603663076238638E+001
-1.1315710000000379E+001,-1.1315710000000379E+001, 1.0603662964355387E+001
-1.1314710000000380E+001,-1.1314710000000380E+001, 1.0603662852457063E+001
-1.1313710000000381E+001,-1.1313710000000381E+001, 1.0603662740565015E+001
-1.1312710000000381E+001,-1.1312710000000381E+001, 1.0603662628674606E+001
-1.1311710000000382E+001,-1.1311710000000382E+001, 1.0603662516798348E+001
-1.1310710000000382E+001,-1.1310710000000382E+001, 1.0603662404897594E+001
-1.1309710000000383E+001,-1.1309710000000383E+001, 1.0603662292999521E+001
-1.1308710000000383E+001,-1.1308710000000383E+001, 1.0603662181102891E+001
-1.1307710000000384E+001,-1.1307710000000384E+001, 1.0603662069214186E+001
-1.1306710000000384E+001,-1.1306710000000384E+001, 1.0603661957324116E+001
-1.1305710000000385E+001,-1.1305710000000385E+001, 1.0603661845433304E+001
-1.1304710000000386E+001,-1.1304710000000386E+001, 1.0603661733528973E+001
-1.1303710000000386E+001,-1.1303710000000386E+001, 1.0603661621632032E+001
-1.1302710000000387E+001,-1.1302710000000387E+001, 1.0603661509743239E+001
-1.1301710000000387E+001,-1.1301710000000387E+001, 1.0603661397852782E+001
-1.1300710000000388E+001,-1.1300710000000388E+001, 1.0603661285950320E+001
-1.1299710000000388E+001,-1.1299710000000388E+001, 1.0603661174046465E+001
-1.1298710000000389E+001,-1.1298710000000389E+001, 1.0603661062151458E+001
-1.1297710000000389E+001,-1.1297710000000389E+001, 1.0603660950246560E+001
-1.1296710000000390E+001,-1.1296710000000390E+001, 1.0603660838347148E+001
-1.1295710000000390E+001,-1.1295710000000390E+001, 1.0603660726449259E+001
-1.1294710000000391E+001,-1.1294710000000391E+001, 1.0603660614557089E+001
-1.1293710000000392E+001,-1.1293710000000392E+001, 1.0603660502648587E+001
-1.1292710000000392E+001,-1.1292710000000392E+001, 1.0603660390749354E+001
-1.1291710000000393E+001,-1.1291710000000393E+001, 1.0603660278847800E+001
-1.1290710000000393E+001,-1.1290710000000393E+001, 1.0603660166952782E+001
-1.1289710000000394E+001,-1.1289710000000394E+001, 1.0603660055059596E+001
-1.1288710000000394E+001,-1.1288710000000394E+001, 1.0603659943155238E+001
-1.1287710000000395E+001,-1.1287710000000395E+001, 1.0603659831242268E+001
-1.1286710000000395E+001,-1.1286710000000395E+001, 1.0603659719334591E+001
-1.1285710000000396E+001,-1.1285710000000396E+001, 1.0603659607429671E+001
-1.1284710000000397E+001,-1.1284710000000397E+001, 1.0603659495526248E+001
-1.1283710000000397E+001,-1.1283710000000397E+001, 1.0603659383622409E+001
-1.1282710000000398E+001,-1.1282710000000398E+001, 1.0603659271724188E+001
-1.1281710000000398E+001,-1.1281710000000398E+001, 1.0603659159807398E+001
-1.1280710000000399E+001,-1.1280710000000399E+001, 1.0603659047908359E+001
-1.1279710000000399E+001,-1.1279710000000399E+001, 1.0603658936001764E+001
-1.1278710000000400E+001,-1.1278710000000400E+001, 1.0603658824093239E+001
-1.1277710000000400E+001,-1.1277710000000400E+001, 1.0603658712187187E+001
-1.1276710000000401E+001,-1.1276710000000401E+001, 1.0603658600274308E+001
-1.1275710000000402E+001,-1.1275710000000402E+001, 1.0603658488361487E+001
-1.1274710000000402E+001,-1.1274710000000402E+001, 1.0603658376454302E+001
-1.1273710000000403E+001,-1.1273710000000403E+001, 1.0603658264545635E+001
-1.1272710000000403E+001,-1.1272710000000403E+001, 1.0603658152637262E+001
-1.1271710000000404E+001,-1.1271710000000404E+001, 1.0603658040731480E+001
-1.1270710000000404E+001,-1.1270710000000404E+001, 1.0603657928805003E+001
-1.1269710000000405E+001,-1.1269710000000405E+001, 1.0603657816899247E+001
-1.1268710000000405E+001,-1.1268710000000405E+001, 1.0603657704982982E+001
-1.1267710000000406E+001,-1.1267710000000406E+001, 1.0603657593075230E+001
-1.1266710000000407E+001,-1.1266710000000407E+001, 1.0603657481166113E+001
-1.1265710000000407E+001,-1.1265710000000407E+001, 1.0603657369250000E+001
-1.1264710000000408E+001,-1.1264710000000408E+001, 1.0603657257350797E+001
-1.1263710000000408E+001,-1.1263710000000408E+001, 1.0603657145427157E+001
-1.1262710000000409E+001,-1.1262710000000409E+001, 1.0603657033499930E+001
-1.1261710000000409E+001,-1.1261710000000409E+001, 1.0603656921588756E+001
-1.1260710000000410E+001,-1.1260710000000410E+001, 1.0603656809680757E+001
-1.1259710000000410E+001,-1.1259710000000410E+001, 1.0603656697758620E+001
-1.1258710000000411E+001,-1.1258710000000411E+001, 1.0603656585844631E+001
-1.1257710000000412E+001,-1.1257710000000412E+001, 1.0603656473920681E+001
-1.1256710000000412E+001,-1.1256710000000412E+001, 1.0603656362014798E+001
-1.1255710000000413E+001,-1.1255710000000413E+001, 1.0603656250084528E+001
-1.1254710000000413E+001,-1.1254710000000413E+001, 1.0603656138165501E+001
-1.1253710000000414E+001,-1.1253710000000414E+001, 1.0603656026247254E+001
-1.1252710000000414E+001,-1.1252710000000414E+001, 1.0603655914320793E+001
-1.1251710000000415E+001,-1.1251710000000415E+001, 1.0603655802398928E+001
-1.1250710000000415E+001,-1.1250710000000415E+001, 1.0603655690479531E+001
-1.1249710000000416E+001,-1.1249710000000416E+001, 1.0603655578563849E+001
-1.1248710000000417E+001,-1.1248710000000417E+001, 1.0603655466651896E+001
-1.1247710000000417E+001,-1.1247710000000417E+001, 1.0603655354724552E+001
-1.1246710000000418E+001,-1.1246710000000418E+001, 1.0603655242796021E+001
-1.1245710000000418E+001,-1.1245710000000418E+001, 1.0603655130868759E+001
-1.1244710000000419E+001,-1.1244710000000419E+001, 1.0603655018949397E+001
-1.1243710000000419E+001,-1.1243710000000419E+001, 1.0603654907033951E+001
-1.1242710000000420E+001,-1.1242710000000420E+001, 1.0603654795110703E+001
-1.1241710000000420E+001,-1.1241710000000420E+001, 1.0603654683185216E+001
-1.1240710000000421E+001,-1.1240710000000421E+001, 1.0603654571243126E+001
-1.1239710000000422E+001,-1.1239710000000422E+001, 1.0603654459315639E+001
-1.1238710000000422E+001,-1.1238710000000422E+001, 1.0603654347390222E+001
-1.1237710000000423E+001,-1.1237710000000423E+001, 1.0603654235465234E+001
-1.1236710000000423E+001,-1.1236710000000423E+001, 1.0603654123539606E+001
-1.1235710000000424E+001,-1.1235710000000424E+001, 1.0603654011612246E+001
-1.1234710000000424E+001,-1.1234710000000424E+001, 1.0603653899682946E+001
-1.1233710000000425E+001,-1.1233710000000425E+001, 1.0603653787740281E+001
-1.1232710000000425E+001,-1.1232710000000425E+001, 1.0603653675816606E+001
-1.1231710000000426E+001,-1.1231710000000426E+001, 1.0603653563889655E+001
-1.1230710000000427E+001,-1.1230710000000427E+001, 1.0603653451963176E+001
-1.1229710000000427E+001,-1.1229710000000427E+001, 1.0603653340027497E+001
-1.1228710000000428E+001,-1.1228710000000428E+001, 1.0603653228102360E+001
-1.1227710000000428E+001,-1.1227710000000428E+001, 1.0603653116153827E+001
-1.1226710000000429E+001,-1.1226710000000429E+001, 1.0603653004238460E+001
-1.1225710000000429E+001,-1.1225710000000429E+001, 1.0603652892313331E+001
-1.1224710000000430E+001,-1.1224710000000430E+001, 1.0603652780364776E+001
-1.1223710000000430E+001,-1.1223710000000430E+001, 1.0603652668439075E+001
-1.1222710000000431E+001,-1.1222710000000431E+001, 1.0603652556491207E+001
-1.1221710000000432E+001,-1.1221710000000432E+001, 1.0603652444564190E+001
-1.1220710000000432E+001,-1.1220710000000432E+001, 1.0603652332627711E+001
-1.1219710000000433E+001,-1.1219710000000433E+001, 1.0603652220702038E+001
-1.1218710000000433E+001,-1.1218710000000433E+001, 1.0603652108759992E+001
-1.1217710000000434E+001,-1.1217710000000434E+001, 1.0603651996820956E+001
-1.1216710000000434E+001,-1.1216710000000434E+001, 1.0603651884871804E+001
-1.1215710000000435E+001,-1.1215710000000435E+001, 1.0603651772933178E+001
-1.1214710000000435E+001,-1.1214710000000435E+001, 1.0603651661008321E+001
-1.1213710000000436E+001,-1.1213710000000436E+001, 1.0603651549063960E+001
-1.1212710000000436E+001,-1.1212710000000436E+001, 1.0603651437138575E+001
-1.1211710000000437E+001,-1.1211710000000437E+001, 1.0603651325196104E+001
-1.1210710000000438E+001,-1.1210710000000438E+001, 1.0603651213253347E+001
-1.1209710000000438E+001,-1.1209710000000438E+001, 1.0603651101293050E+001
-1.1208710000000439E+001,-1.1208710000000439E+001, 1.0603650989356877E+001
-1.1207710000000439E+001,-1.1207710000000439E+001, 1.0603650877430450E+001
-1.1206710000000440E+001,-1.1206710000000440E+001, 1.0603650765493136E+001
-1.1205710000000440E+001,-1.1205710000000440E+001, 1.0603650653530345E+001
-1.1204710000000441E+001,-1.1204710000000441E+001, 1.0603650541592373E+001
-1.1203710000000441E+001,-1.1203710000000441E+001, 1.0603650429651632E+001
-1.1202710000000442E+001,-1.1202710000000442E+001, 1.0603650317703535E+001
-1.1201710000000443E+001,-1.1201710000000443E+001, 1.0603650205762087E+001
-1.1200710000000443E+001,-1.1200710000000443E+001, 1.0603650093814894E+001
-1.1199710000000444E+001,-1.1199710000000444E+001, 1.0603649981865594E+001
-1.1198710000000444E+001,-1.1198710000000444E+001, 1.0603649869926340E+001
-1.1197710000000445E+001,-1.1197710000000445E+001, 1.0603649757978227E+001
-1.1196710000000445E+001,-1.1196710000000445E+001, 1.0603649646026110E+001
-1.1195710000000446E+001,-1.1195710000000446E+001, 1.0603649534092012E+001
-1.1194710000000446E+001,-1.1194710000000446E+001, 1.0603649422135772E+001
-1.1193710000000447E+001,-1.1193710000000447E+001, 1.0603649310175809E+001
-1.1192710000000448E+001,-1.1192710000000448E+001, 1.0603649198227860E+001
-1.1191710000000448E+001,-1.1191710000000448E+001, 1.0603649086284952E+001
-1.1190710000000449E+001,-1.1190710000000449E+001, 1.0603648974332005E+001
-1.1189710000000449E+001,-1.1189710000000449E+001, 1.0603648862388582E+001
-1.1188710000000450E+001,-1.1188710000000450E+001, 1.0603648750446059E+001
-1.1187710000000450E+001,-1.1187710000000450E+001, 1.0603648638479532E+001
-1.1186710000000451E+001,-1.1186710000000451E+001, 1.0603648526530334E+001
-1.1185710000000451E+001,-1.1185710000000451E+001, 1.0603648414578069E+001
-1.1184710000000452E+001,-1.1184710000000452E+001, 1.0603648302622007E+001
-1.1183710000000453E+001,-1.1183710000000453E+001, 1.0603648190670146E+001
-1.1182710000000453E+001,-1.1182710000000453E+001, 1.0603648078719029E+001
-1.1181710000000454E+001,-1.1181710000000454E+001, 1.0603647966760743E+001
-1.1180710000000454E+001,-1.1180710000000454E+001, 1.0603647854818579E+001
-1.1179710000000455E+001,-1.1179710000000455E+001, 1.0603647742838156E+001
-1.1178710000000455E+001,-1.1178710000000455E+001, 1.0603647630893850E+001
-1.1177710000000456E+001,-1.1177710000000456E+001, 1.0603647518940674E+001
-1.1176710000000456E+001,-1.1176710000000456E+001, 1.0603647406992755E+001
-1.1175710000000457E+001,-1.1175710000000457E+001, 1.0603647295026269E+001
-1.1174710000000458E+001,-1.1174710000000458E+001, 1.0603647183067206E+001
-1.1173710000000458E+001,-1.1173710000000458E+001, 1.0603647071119088E+001
-1.1172710000000459E+001,-1.1172710000000459E+001, 1.0603646959158354E+001
-1.1171710000000459E+001,-1.1171710000000459E+001, 1.0603646847197258E+001
-1.1170710000000460E+001,-1.1170710000000460E+001, 1.0603646735224935E+001
-1.1169710000000460E+001,-1.1169710000000460E+001, 1.0603646623267327E+001
-1.1168710000000461E+001,-1.1168710000000461E+001, 1.0603646511311867E+001
-1.1167710000000461E+001,-1.1167710000000461E+001, 1.0603646399350534E+001
-1.1166710000000462E+001,-1.1166710000000462E+001, 1.0603646287385045E+001
-1.1165710000000463E+001,-1.1165710000000463E+001, 1.0603646175432559E+001
-1.1164710000000463E+001,-1.1164710000000463E+001, 1.0603646063457477E+001
-1.1163710000000464E+001,-1.1163710000000464E+001, 1.0603645951487460E+001
-1.1162710000000464E+001,-1.1162710000000464E+001, 1.0603645839539082E+001
-1.1161710000000465E+001,-1.1161710000000465E+001, 1.0603645727569690E+001
-1.1160710000000465E+001,-1.1160710000000465E+001, 1.0603645615612690E+001
-1.1159710000000466E+001,-1.1159710000000466E+001, 1.0603645503657471E+001
-1.1158710000000466E+001,-1.1158710000000466E+001, 1.0603645391664710E+001
-1.1157710000000467E+001,-1.1157710000000467E+001, 1.0603645279717437E+001
-1.1156710000000468E+001,-1.1156710000000468E+001, 1.0603645167741441E+001
-1.1155710000000468E+001,-1.1155710000000468E+001, 1.0603645055778818E+001
-1.1154710000000469E+001,-1.1154710000000469E+001, 1.0603644943815766E+001
-1.1153710000000469E+001,-1.1153710000000469E+001, 1.0603644831835155E+001
-1.1152710000000470E+001,-1.1152710000000470E+001, 1.0603644719863848E+001
-1.1151710000000470E+001,-1.1151710000000470E+001, 1.0603644607900726E+001
-1.1150710000000471E+001,-1.1150710000000471E+001, 1.0603644495932944E+001
-1.1149710000000471E+001,-1.1149710000000471E+001, 1.0603644383965319E+001
-1.1148710000000472E+001,-1.1148710000000472E+001, 1.0603644271995030E+001
-1.1147710000000473E+001,-1.1147710000000473E+001, 1.0603644160021709E+001
-1.1146710000000473E+001,-1.1146710000000473E+001, 1.0603644048040309E+001
-1.1145710000000474E+001,-1.1145710000000474E+001, 1.0603643936069517E+001
-1.1144710000000474E+001,-1.1144710000000474E+001, 1.0603643824106978E+001
-1.1143710000000475E+001,-1.1143710000000475E+001, 1.0603643712143075E+001
-1.1142710000000475E+001,-1.1142710000000475E+001, 1.0603643600169907E+001
-1.1141710000000476E+001,-1.1141710000000476E+001, 1.0603643488181870E+001
-1.1140710000000476E+001,-1.1140710000000476E+001, 1.0603643376212744E+001
-1.1139710000000477E+001,-1.1139710000000477E+001, 1.0603643264247909E+001
-1.1138710000000478E+001,-1.1138710000000478E+001, 1.0603643152265720E+001
-1.1137710000000478E+001,-1.1137710000000478E+001, 1.0603643040291768E+001
-1.1136710000000479E+001,-1.1136710000000479E+001, 1.0603642928321742E+001
-1.1135710000000479E+001,-1.1135710000000479E+001, 1.0603642816335071E+001
-1.1134710000000480E+001,-1.1134710000000480E+001, 1.0603642704355659E+001
-1.1133710000000480E+001,-1.1133710000000480E+001, 1.0603642592377870E+001
-1.1132710000000481E+001,-1.1132710000000481E+001, 1.0603642480396465E+001
-1.1131710000000481E+001,-1.1131710000000481E+001, 1.0603642368423790E+001
-1.1130710000000482E+001,-1.1130710000000482E+001, 1.0603642256443207E+001
-1.1129710000000482E+001,-1.1129710000000482E+001, 1.0603642144463922E+001
-1.1128710000000483E+001,-1.1128710000000483E+001, 1.0603642032490324E+001
-1.1127710000000484E+001,-1.1127710000000484E+001, 1.0603641920511985E+001
-1.1126710000000484E+001,-1.1126710000000484E+001, 1.0603641808527506E+001
-1.1125710000000485E+001,-1.1125710000000485E+001, 1.0603641696544400E+001
-1.1124710000000485E+001,-1.1124710000000485E+001, 1.0603641584553124E+001
-1.1123710000000486E+001,-1.1123710000000486E+001, 1.0603641472566141E+001
-1.1122710000000486E+001,-1.1122710000000486E+001, 1.0603641360584959E+001
-1.1121710000000487E+001,-1.1121710000000487E+001, 1.0603641248609851E+001
-1.1120710000000487E+001,-1.1120710000000487E+001, 1.0603641136629982E+001
-1.1119710000000488E+001,-1.1119710000000488E+001, 1.0603641024654589E+001
-1.1118710000000489E+001,-1.1118710000000489E+001, 1.0603640912655264E+001
-1.1117710000000489E+001,-1.1117710000000489E+001, 1.0603640800663982E+001
-1.1116710000000490E+001,-1.1116710000000490E+001, 1.0603640688680851E+001
-1.1115710000000490E+001,-1.1115710000000490E+001, 1.0603640576700627E+001
-1.1114710000000491E+001,-1.1114710000000491E+001, 1.0603640464718568E+001
-1.1113710000000491E+001,-1.1113710000000491E+001, 1.0603640352726453E+001
-1.1112710000000492E+001,-1.1112710000000492E+001, 1.0603640240742628E+001
-1.1111710000000492E+001,-1.1111710000000492E+001, 1.0603640128733007E+001
-1.1110710000000493E+001,-1.1110710000000493E+001, 1.0603640016752463E+001
-1.1109710000000494E+001,-1.1109710000000494E+001, 1.0603639904773578E+001
-1.1108710000000494E+001,-1.1108710000000494E+001, 1.0603639792779221E+001
-1.1107710000000495E+001,-1.1107710000000495E+001, 1.0603639680791936E+001
-1.1106710000000495E+001,-1.1106710000000495E+001, 1.0603639568805507E+001
-1.1105710000000496E+001,-1.1105710000000496E+001, 1.0603639456796035E+001
-1.1104710000000496E+001,-1.1104710000000496E+001, 1.0603639344808466E+001
-1.1103710000000497E+001,-1.1103710000000497E+001, 1.0603639232817711E+001
-1.1102710000000497E+001,-1.1102710000000497E+001, 1.0603639120825187E+001
-1.1101710000000498E+001,-1.1101710000000498E+001, 1.0603639008827660E+001
-1.1100710000000499E+001,-1.1100710000000499E+001, 1.0603638896848363E+001
-1.1099710000000499E+001,-1.1099710000000499E+001, 1.0603638784853224E+001
-1.1098710000000500E+001,-1.1098710000000500E+001, 1.0603638672857858E+001
-1.1097710000000500E+001,-1.1097710000000500E+001, 1.0603638560855501E+001
-1.1096710000000501E+001,-1.1096710000000501E+001, 1.0603638448870070E+001
-1.1095710000000501E+001,-1.1095710000000501E+001, 1.0603638336875038E+001
-1.1094710000000502E+001,-1.1094710000000502E+001, 1.0603638224877223E+001
-1.1093710000000502E+001,-1.1093710000000502E+001, 1.0603638112871831E+001
-1.1092710000000503E+001,-1.1092710000000503E+001, 1.0603638000874312E+001
-1.1091710000000504E+001,-1.1091710000000504E+001, 1.0603637888890972E+001
-1.1090710000000504E+001,-1.1090710000000504E+001, 1.0603637776887611E+001
-1.1089710000000505E+001,-1.1089710000000505E+001, 1.0603637664880585E+001
-1.1088710000000505E+001,-1.1088710000000505E+001, 1.0603637552878048E+001
-1.1087710000000506E+001,-1.1087710000000506E+001, 1.0603637440873733E+001
-1.1086710000000506E+001,-1.1086710000000506E+001, 1.0603637328875472E+001
-1.1085710000000507E+001,-1.1085710000000507E+001, 1.0603637216876523E+001
-1.1084710000000507E+001,-1.1084710000000507E+001, 1.0603637104876825E+001
-1.1083710000000508E+001,-1.1083710000000508E+001, 1.0603636992878759E+001
-1.1082710000000509E+001,-1.1082710000000509E+001, 1.0603636880881041E+001
-1.1081710000000509E+001,-1.1081710000000509E+001, 1.0603636768854997E+001
-1.1080710000000510E+001,-1.1080710000000510E+001, 1.0603636656861230E+001
-1.1079710000000510E+001,-1.1079710000000510E+001, 1.0603636544870200E+001
-1.1078710000000511E+001,-1.1078710000000511E+001, 1.0603636432857236E+001
-1.1077710000000511E+001,-1.1077710000000511E+001, 1.0603636320856614E+001
-1.1076710000000512E+001,-1.1076710000000512E+001, 1.0603636208845206E+001
-1.1075710000000512E+001,-1.1075710000000512E+001, 1.0603636096843324E+001
-1.1074710000000513E+001,-1.1074710000000513E+001, 1.0603635984839066E+001
-1.1073710000000514E+001,-1.1073710000000514E+001, 1.0603635872831823E+001
-1.1072710000000514E+001,-1.1072710000000514E+001, 1.0603635760821785E+001
-1.1071710000000515E+001,-1.1071710000000515E+001, 1.0603635648806661E+001
-1.1070710000000515E+001,-1.1070710000000515E+001, 1.0603635536801251E+001
-1.1069710000000516E+001,-1.1069710000000516E+001, 1.0603635424799826E+001
-1.1068710000000516E+001,-1.1068710000000516E+001, 1.0603635312793573E+001
-1.1067710000000517E+001,-1.1067710000000517E+001, 1.0603635200778172E+001
-1.1066710000000517E+001,-1.1066710000000517E+001, 1.0603635088760512E+001
-1.1065710000000518E+001,-1.1065710000000518E+001, 1.0603634976760206E+001
-1.1064710000000519E+001,-1.1064710000000519E+001, 1.0603634864748031E+001
-1.1063710000000519E+001,-1.1063710000000519E+001, 1.0603634752731743E+001
-1.1062710000000520E+001,-1.1062710000000520E+001, 1.0603634640734741E+001
-1.1061710000000520E+001,-1.1061710000000520E+001, 1.0603634528711346E+001
-1.1060710000000521E+001,-1.1060710000000521E+001, 1.0603634416698931E+001
-1.1059710000000521E+001,-1.1059710000000521E+001, 1.0603634304680943E+001
-1.1058710000000522E+001,-1.1058710000000522E+001, 1.0603634192665339E+001
-1.1057710000000522E+001,-1.1057710000000522E+001, 1.0603634080651165E+001
-1.1056710000000523E+001,-1.1056710000000523E+001, 1.0603633968639658E+001
-1.1055710000000524E+001,-1.1055710000000524E+001, 1.0603633856618993E+001
-1.1054710000000524E+001,-1.1054710000000524E+001, 1.0603633744614450E+001
-1.1053710000000525E+001,-1.1053710000000525E+001, 1.0603633632603277E+001
-1.1052710000000525E+001,-1.1052710000000525E+001, 1.0603633520579615E+001
-1.1051710000000526E+001,-1.1051710000000526E+001, 1.0603633408553801E+001
-1.1050710000000526E+001,-1.1050710000000526E+001, 1.0603633296543093E+001
-1.1049710000000527E+001,-1.1049710000000527E+001, 1.0603633184521716E+001
-1.1048710000000527E+001,-1.1048710000000527E+001, 1.0603633072495992E+001
-1.1047710000000528E+001,-1.1047710000000528E+001, 1.0603632960477999E+001
-1.1046710000000528E+001,-1.1046710000000528E+001, 1.0603632848464885E+001
-1.1045710000000529E+001,-1.1045710000000529E+001, 1.0603632736445990E+001
-1.1044710000000530E+001,-1.1044710000000530E+001, 1.0603632624421927E+001
-1.1043710000000530E+001,-1.1043710000000530E+001, 1.0603632512397015E+001
-1.1042710000000531E+001,-1.1042710000000531E+001, 1.0603632400370408E+001
-1.1041710000000531E+001,-1.1041710000000531E+001, 1.0603632288357888E+001
-1.1040710000000532E+001,-1.1040710000000532E+001, 1.0603632176326077E+001
-1.1039710000000532E+001,-1.1039710000000532E+001, 1.0603632064306762E+001
-1.1038710000000533E+001,-1.1038710000000533E+001, 1.0603631952292480E+001
-1.1037710000000533E+001,-1.1037710000000533E+001, 1.0603631840269184E+001
-1.1036710000000534E+001,-1.1036710000000534E+001, 1.0603631728237549E+001
-1.1035710000000535E+001,-1.1035710000000535E+001, 1.0603631616208999E+001
-1.1034710000000535E+001,-1.1034710000000535E+001, 1.0603631504180115E+001
-1.1033710000000536E+001,-1.1033710000000536E+001, 1.0603631392152582E+001
-1.1032710000000536E+001,-1.1032710000000536E+001, 1.0603631280130696E+001
-1.1031710000000537E+001,-1.1031710000000537E+001, 1.0603631168109604E+001
-1.1030710000000537E+001,-1.1030710000000537E+001, 1.0603631056088878E+001
-1.1029710000000538E+001,-1.1029710000000538E+001, 1.0603630944051382E+001
-1.1028710000000538E+001,-1.1028710000000538E+001, 1.0603630832028701E+001
-1.1027710000000539E+001,-1.1027710000000539E+001, 1.0603630719991068E+001
-1.1026710000000540E+001,-1.1026710000000540E+001, 1.0603630607960497E+001
-1.1025710000000540E+001,-1.1025710000000540E+001, 1.0603630495936063E+001
-1.1024710000000541E+001,-1.1024710000000541E+001, 1.0603630383902619E+001
-1.1023710000000541E+001,-1.1023710000000541E+001, 1.0603630271871433E+001
-1.1022710000000542E+001,-1.1022710000000542E+001, 1.0603630159844952E+001
-1.1021710000000542E+001,-1.1021710000000542E+001, 1.0603630047805149E+001
-1.1020710000000543E+001,-1.1020710000000543E+001, 1.0603629935772711E+001
-1.1019710000000543E+001,-1.1019710000000543E+001, 1.0603629823739881E+001
-1.1018710000000544E+001,-1.1018710000000544E+001, 1.0603629711711655E+001
-1.1017710000000545E+001,-1.1017710000000545E+001, 1.0603629599672356E+001
-1.1016710000000545E+001,-1.1016710000000545E+001, 1.0603629487642539E+001
-1.1015710000000546E+001,-1.1015710000000546E+001, 1.0603629375620946E+001
-1.1014710000000546E+001,-1.1014710000000546E+001, 1.0603629263565020E+001
-1.1013710000000547E+001,-1.1013710000000547E+001, 1.0603629151528294E+001
-1.1012710000000547E+001,-1.1012710000000547E+001, 1.0603629039500188E+001
-1.1011710000000548E+001,-1.1011710000000548E+001, 1.0603628927467406E+001
-1.1010710000000548E+001,-1.1010710000000548E+001, 1.0603628815430760E+001
-1.1009710000000549E+001,-1.1009710000000549E+001, 1.0603628703383498E+001
-1.1008710000000550E+001,-1.1008710000000550E+001, 1.0603628591359813E+001
-1.1007710000000550E+001,-1.1007710000000550E+001, 1.0603628479309689E+001
-1.1006710000000551E+001,-1.1006710000000551E+001, 1.0603628367283282E+001
-1.1005710000000551E+001,-1.1005710000000551E+001, 1.0603628255224391E+001
-1.1004710000000552E+001,-1.1004710000000552E+001, 1.0603628143191091E+001
-1.1003710000000552E+001,-1.1003710000000552E+001, 1.0603628031152699E+001
-1.1002710000000553E+001,-1.1002710000000553E+001, 1.0603627919121051E+001
-1.1001710000000553E+001,-1.1001710000000553E+001, 1.0603627807076119E+001
-1.1000710000000554E+001,-1.1000710000000554E+001, 1.0603627695037602E+001
-1.0999710000000555E+001,-1.0999710000000555E+001, 1.0603627582977250E+001
-1.0998710000000555E+001,-1.0998710000000555E+001, 1.0603627470944108E+001
-1.0997710000000556E+001,-1.0997710000000556E+001, 1.0603627358891140E+001
-1.0996710000000556E+001,-1.0996710000000556E+001, 1.0603627246860178E+001
-1.0995710000000557E+001,-1.0995710000000557E+001, 1.0603627134799684E+001
-1.0994710000000557E+001,-1.0994710000000557E+001, 1.0603627022759557E+001
-1.0993710000000558E+001,-1.0993710000000558E+001, 1.0603626910715491E+001
-1.0992710000000558E+001,-1.0992710000000558E+001, 1.0603626798671332E+001
-1.0991710000000559E+001,-1.0991710000000559E+001, 1.0603626686619229E+001
-1.0990710000000560E+001,-1.0990710000000560E+001, 1.0603626574572681E+001
-1.0989710000000560E+001,-1.0989710000000560E+001, 1.0603626462543540E+001
-1.0988710000000561E+001,-1.0988710000000561E+001, 1.0603626350478358E+001
-1.0987710000000561E+001,-1.0987710000000561E+001, 1.0603626238437649E+001
-1.0986710000000562E+001,-1.0986710000000562E+001, 1.0603626126381279E+001
-1.0985710000000562E+001,-1.0985710000000562E+001, 1.0603626014337513E+001
-1.0984710000000563E+001,-1.0984710000000563E+001, 1.0603625902280688E+001
-1.0983710000000563E+001,-1.0983710000000563E+001, 1.0603625790241852E+001
-1.0982710000000564E+001,-1.0982710000000564E+001, 1.0603625678175561E+001
-1.0981710000000565E+001,-1.0981710000000565E+001, 1.0603625566136060E+001
-1.0980710000000565E+001,-1.0980710000000565E+001, 1.0603625454080948E+001
-1.0979710000000566E+001,-1.0979710000000566E+001, 1.0603625342028916E+001
-1.0978710000000566E+001,-1.0978710000000566E+001, 1.0603625229974281E+001
-1.0977710000000567E+001,-1.0977710000000567E+001, 1.0603625117917652E+001
-1.0976710000000567E+001,-1.0976710000000567E+001, 1.0603625005867809E+001
-1.0975710000000568E+001,-1.0975710000000568E+001, 1.0603624893808979E+001
-1.0974710000000568E+001,-1.0974710000000568E+001, 1.0603624781755450E+001
-1.0973710000000569E+001,-1.0973710000000569E+001, 1.0603624669696382E+001
-1.0972710000000570E+001,-1.0972710000000570E+001, 1.0603624557649049E+001
-1.0971710000000570E+001,-1.0971710000000570E+001, 1.0603624445597186E+001
-1.0970710000000571E+001,-1.0970710000000571E+001, 1.0603624333524339E+001
-1.0969710000000571E+001,-1.0969710000000571E+001, 1.0603624221471195E+001
-1.0968710000000572E+001,-1.0968710000000572E+001, 1.0603624109415083E+001
-1.0967710000000572E+001,-1.0967710000000572E+001, 1.0603623997360215E+001
-1.0966710000000573E+001,-1.0966710000000573E+001, 1.0603623885306991E+001
-1.0965710000000573E+001,-1.0965710000000573E+001, 1.0603623773246575E+001
-1.0964710000000574E+001,-1.0964710000000574E+001, 1.0603623661187504E+001
-1.0963710000000574E+001,-1.0963710000000574E+001, 1.0603623549121265E+001
-1.0962710000000575E+001,-1.0962710000000575E+001, 1.0603623437060616E+001
-1.0961710000000576E+001,-1.0961710000000576E+001, 1.0603623325001536E+001
-1.0960710000000576E+001,-1.0960710000000576E+001, 1.0603623212946124E+001
-1.0959710000000577E+001,-1.0959710000000577E+001, 1.0603623100882817E+001
-1.0958710000000577E+001,-1.0958710000000577E+001, 1.0603622988816340E+001
-1.0957710000000578E+001,-1.0957710000000578E+001, 1.0603622876743778E+001
-1.0956710000000578E+001,-1.0956710000000578E+001, 1.0603622764691444E+001
-1.0955710000000579E+001,-1.0955710000000579E+001, 1.0603622652633893E+001
-1.0954710000000579E+001,-1.0954710000000579E+001, 1.0603622540554605E+001
-1.0953710000000580E+001,-1.0953710000000580E+001, 1.0603622428491470E+001
-1.0952710000000581E+001,-1.0952710000000581E+001, 1.0603622316427481E+001
-1.0951710000000581E+001,-1.0951710000000581E+001, 1.0603622204357251E+001
-1.0950710000000582E+001,-1.0950710000000582E+001, 1.0603622092304246E+001
-1.0949710000000582E+001,-1.0949710000000582E+001, 1.0603621980231052E+001
-1.0948710000000583E+001,-1.0948710000000583E+001, 1.0603621868161728E+001
-1.0947710000000583E+001,-1.0947710000000583E+001, 1.0603621756097143E+001
-1.0946710000000584E+001,-1.0946710000000584E+001, 1.0603621644024816E+001
-1.0945710000000584E+001,-1.0945710000000584E+001, 1.0603621531957771E+001
-1.0944710000000585E+001,-1.0944710000000585E+001, 1.0603621419892288E+001
-1.0943710000000586E+001,-1.0943710000000586E+001, 1.0603621307826439E+001
-1.0942710000000586E+001,-1.0942710000000586E+001, 1.0603621195748055E+001
-1.0941710000000587E+001,-1.0941710000000587E+001, 1.0603621083680121E+001
-1.0940710000000587E+001,-1.0940710000000587E+001, 1.0603620971601309E+001
-1.0939710000000588E+001,-1.0939710000000588E+001, 1.0603620859524735E+001
-1.0938710000000588E+001,-1.0938710000000588E+001, 1.0603620747463408E+001
-1.0937710000000589E+001,-1.0937710000000589E+001, 1.0603620635391398E+001
-1.0936710000000589E+001,-1.0936710000000589E+001, 1.0603620523322590E+001
-1.0935710000000590E+001,-1.0935710000000590E+001, 1.0603620411242670E+001
-1.0934710000000591E+001,-1.0934710000000591E+001, 1.0603620299174253E+001
-1.0933710000000591E+001,-1.0933710000000591E+001, 1.0603620187089701E+001
-1.0932710000000592E+001,-1.0932710000000592E+001, 1.0603620075017746E+001
-1.0931710000000592E+001,-1.0931710000000592E+001, 1.0603619962945594E+001
-1.0930710000000593E+001,-1.0930710000000593E+001, 1.0603619850873743E+001
-1.0929710000000593E+001,-1.0929710000000593E+001, 1.0603619738794940E+001
-1.0928710000000594E+001,-1.0928710000000594E+001, 1.0603619626710927E+001
-1.0927710000000594E+001,-1.0927710000000594E+001, 1.0603619514637622E+001
-1.0926710000000595E+001,-1.0926710000000595E+001, 1.0603619402550475E+001
-1.0925710000000596E+001,-1.0925710000000596E+001, 1.0603619290474711E+001
-1.0924710000000596E+001,-1.0924710000000596E+001, 1.0603619178398693E+001
-1.0923710000000597E+001,-1.0923710000000597E+001, 1.0603619066326267E+001
-1.0922710000000597E+001,-1.0922710000000597E+001, 1.0603618954239455E+001
-1.0921710000000598E+001,-1.0921710000000598E+001, 1.0603618842163261E+001
-1.0920710000000598E+001,-1.0920710000000598E+001, 1.0603618730080251E+001
-1.0919710000000599E+001,-1.0919710000000599E+001, 1.0603618618013471E+001
-1.0918710000000599E+001,-1.0918710000000599E+001, 1.0603618505919878E+001
-1.0917710000000600E+001,-1.0917710000000600E+001, 1.0603618393823622E+001
-1.0916710000000601E+001,-1.0916710000000601E+001, 1.0603618281748000E+001
-1.0915710000000601E+001,-1.0915710000000601E+001, 1.0603618169670213E+001
-1.0914710000000602E+001,-1.0914710000000602E+001, 1.0603618057590639E+001
-1.0913710000000602E+001,-1.0913710000000602E+001, 1.0603617945499760E+001
-1.0912710000000603E+001,-1.0912710000000603E+001, 1.0603617833411832E+001
-1.0911710000000603E+001,-1.0911710000000603E+001, 1.0603617721320312E+001
-1.0910710000000604E+001,-1.0910710000000604E+001, 1.0603617609238555E+001
-1.0909710000000604E+001,-1.0909710000000604E+001, 1.0603617497156494E+001
-1.0908710000000605E+001,-1.0908710000000605E+001, 1.0603617385065442E+001
-1.0907710000000606E+001,-1.0907710000000606E+001, 1.0603617272986956E+001
-1.0906710000000606E+001,-1.0906710000000606E+001, 1.0603617160887135E+001
-1.0905710000000607E+001,-1.0905710000000607E+001, 1.0603617048796414E+001
-1.0904710000000607E+001,-1.0904710000000607E+001, 1.0603616936705354E+001
-1.0903710000000608E+001,-1.0903710000000608E+001, 1.0603616824624197E+001
-1.0902710000000608E+001,-1.0902710000000608E+001, 1.0603616712541701E+001
-1.0901710000000609E+001,-1.0901710000000609E+001, 1.0603616600453215E+001
-1.0900710000000609E+001,-1.0900710000000609E+001, 1.0603616488352216E+001
-1.0899710000000610E+001,-1.0899710000000610E+001, 1.0603616376258433E+001
-1.0898710000000611E+001,-1.0898710000000611E+001, 1.0603616264172807E+001
-1.0897710000000611E+001,-1.0897710000000611E+001, 1.0603616152091048E+001
-1.0896710000000612E+001,-1.0896710000000612E+001, 1.0603616039993920E+001
-1.0895710000000612E+001,-1.0895710000000612E+001, 1.0603615927894554E+001
-1.0894710000000613E+001,-1.0894710000000613E+001, 1.0603615815797442E+001
-1.0893710000000613E+001,-1.0893710000000613E+001, 1.0603615703705046E+001
-1.0892710000000614E+001,-1.0892710000000614E+001, 1.0603615591613377E+001
-1.0891710000000614E+001,-1.0891710000000614E+001, 1.0603615479522084E+001
-1.0890710000000615E+001,-1.0890710000000615E+001, 1.0603615367436417E+001
-1.0889710000000616E+001,-1.0889710000000616E+001, 1.0603615255329162E+001
-1.0888710000000616E+001,-1.0888710000000616E+001, 1.0603615143222433E+001
-1.0887710000000617E+001,-1.0887710000000617E+001, 1.0603615031121594E+001
-1.0886710000000617E+001,-1.0886710000000617E+001, 1.0603614919043453E+001
-1.0885710000000618E+001,-1.0885710000000618E+001, 1.0603614806947592E+001
-1.0884710000000618E+001,-1.0884710000000618E+001, 1.0603614694846131E+001
-1.0883710000000619E+001,-1.0883710000000619E+001, 1.0603614582749124E+001
-1.0882710000000619E+001,-1.0882710000000619E+001, 1.0603614470634419E+001
-1.0881710000000620E+001,-1.0881710000000620E+001, 1.0603614358536550E+001
-1.0880710000000620E+001,-1.0880710000000620E+001, 1.0603614246436612E+001
-1.0879710000000621E+001,-1.0879710000000621E+001, 1.0603614134335924E+001
-1.0878710000000622E+001,-1.0878710000000622E+001, 1.0603614022240803E+001
-1.0877710000000622E+001,-1.0877710000000622E+001, 1.0603613910134671E+001
-1.0876710000000623E+001,-1.0876710000000623E+001, 1.0603613798048592E+001
-1.0875710000000623E+001,-1.0875710000000623E+001, 1.0603613685937134E+001
-1.0874710000000624E+001,-1.0874710000000624E+001, 1.0603613573824100E+001
-1.0873710000000624E+001,-1.0873710000000624E+001, 1.0603613461724180E+001
-1.0872710000000625E+001,-1.0872710000000625E+001, 1.0603613349624027E+001
-1.0871710000000625E+001,-1.0871710000000625E+001, 1.0603613237511386E+001
-1.0870710000000626E+001,-1.0870710000000626E+001, 1.0603613125409447E+001
-1.0869710000000627E+001,-1.0869710000000627E+001, 1.0603613013301931E+001
-1.0868710000000627E+001,-1.0868710000000627E+001, 1.0603612901203123E+001
-1.0867710000000628E+001,-1.0867710000000628E+001, 1.0603612789100669E+001
-1.0866710000000628E+001,-1.0866710000000628E+001, 1.0603612676981538E+001
-1.0865710000000629E+001,-1.0865710000000629E+001, 1.0603612564871717E+001
-1.0864710000000629E+001,-1.0864710000000629E+001, 1.0603612452760551E+001
-1.0863710000000630E+001,-1.0863710000000630E+001, 1.0603612340650686E+001
-1.0862710000000630E+001,-1.0862710000000630E+001, 1.0603612228547728E+001
-1.0861710000000631E+001,-1.0861710000000631E+001, 1.0603612116451629E+001
-1.0860710000000632E+001,-1.0860710000000632E+001, 1.0603612004338274E+001
-1.0859710000000632E+001,-1.0859710000000632E+001, 1.0603611892210754E+001
-1.0858710000000633E+001,-1.0858710000000633E+001, 1.0603611780099166E+001
-1.0857710000000633E+001,-1.0857710000000633E+001, 1.0603611668003351E+001
-1.0856710000000634E+001,-1.0856710000000634E+001, 1.0603611555883024E+001
-1.0855710000000634E+001,-1.0855710000000634E+001, 1.0603611443774977E+001
-1.0854710000000635E+001,-1.0854710000000635E+001, 1.0603611331667683E+001
-1.0853710000000635E+001,-1.0853710000000635E+001, 1.0603611219532063E+001
-1.0852710000000636E+001,-1.0852710000000636E+001, 1.0603611107425706E+001
-1.0851710000000637E+001,-1.0851710000000637E+001, 1.0603610995315496E+001
-1.0850710000000637E+001,-1.0850710000000637E+001, 1.0603610883210713E+001
-1.0849710000000638E+001,-1.0849710000000638E+001, 1.0603610771084325E+001
-1.0848710000000638E+001,-1.0848710000000638E+001, 1.0603610658977615E+001
-1.0847710000000639E+001,-1.0847710000000639E+001, 1.0603610546845530E+001
-1.0846710000000639E+001,-1.0846710000000639E+001, 1.0603610434746846E+001
-1.0845710000000640E+001,-1.0845710000000640E+001, 1.0603610322621233E+001
-1.0844710000000640E+001,-1.0844710000000640E+001, 1.0603610210511858E+001
-1.0843710000000641E+001,-1.0843710000000641E+001, 1.0603610098390824E+001
-1.0842710000000642E+001,-1.0842710000000642E+001, 1.0603609986259109E+001
-1.0841710000000642E+001,-1.0841710000000642E+001, 1.0603609874142187E+001
-1.0840710000000643E+001,-1.0840710000000643E+001, 1.0603609762030471E+001
-1.0839710000000643E+001,-1.0839710000000643E+001, 1.0603609649905634E+001
-1.0838710000000644E+001,-1.0838710000000644E+001, 1.0603609537791240E+001
-1.0837710000000644E+001,-1.0837710000000644E+001, 1.0603609425671246E+001
-1.0836710000000645E+001,-1.0836710000000645E+001, 1.0603609313533271E+001
-1.0835710000000645E+001,-1.0835710000000645E+001, 1.0603609201415347E+001
-1.0834710000000646E+001,-1.0834710000000646E+001, 1.0603609089298510E+001
-1.0833710000000647E+001,-1.0833710000000647E+001, 1.0603608977180023E+001
-1.0832710000000647E+001,-1.0832710000000647E+001, 1.0603608865059783E+001
-1.0831710000000648E+001,-1.0831710000000648E+001, 1.0603608752925982E+001
-1.0830710000000648E+001,-1.0830710000000648E+001, 1.0603608640789739E+001
-1.0829710000000649E+001,-1.0829710000000649E+001, 1.0603608528676411E+001
-1.0828710000000649E+001,-1.0828710000000649E+001, 1.0603608416544102E+001
-1.0827710000000650E+001,-1.0827710000000650E+001, 1.0603608304431576E+001
-1.0826710000000650E+001,-1.0826710000000650E+001, 1.0603608192296953E+001
-1.0825710000000651E+001,-1.0825710000000651E+001, 1.0603608080175425E+001
-1.0824710000000652E+001,-1.0824710000000652E+001, 1.0603607968031573E+001
-1.0823710000000652E+001,-1.0823710000000652E+001, 1.0603607855911658E+001
-1.0822710000000653E+001,-1.0822710000000653E+001, 1.0603607743785629E+001
-1.0821710000000653E+001,-1.0821710000000653E+001, 1.0603607631661983E+001
-1.0820710000000654E+001,-1.0820710000000654E+001, 1.0603607519539779E+001
-1.0819710000000654E+001,-1.0819710000000654E+001, 1.0603607407392499E+001
-1.0818710000000655E+001,-1.0818710000000655E+001, 1.0603607295269073E+001
-1.0817710000000655E+001,-1.0817710000000655E+001, 1.0603607183138553E+001
-1.0816710000000656E+001,-1.0816710000000656E+001, 1.0603607071009105E+001
-1.0815710000000657E+001,-1.0815710000000657E+001, 1.0603606958872728E+001
-1.0814710000000657E+001,-1.0814710000000657E+001, 1.0603606846744988E+001
-1.0813710000000658E+001,-1.0813710000000658E+001, 1.0603606734612605E+001
-1.0812710000000658E+001,-1.0812710000000658E+001, 1.0603606622471816E+001
-1.0811710000000659E+001,-1.0811710000000659E+001, 1.0603606510339896E+001
-1.0810710000000659E+001,-1.0810710000000659E+001, 1.0603606398215916E+001
-1.0809710000000660E+001,-1.0809710000000660E+001, 1.0603606286066118E+001
-1.0808710000000660E+001,-1.0808710000000660E+001, 1.0603606173937891E+001
-1.0807710000000661E+001,-1.0807710000000661E+001, 1.0603606061809980E+001
-1.0806710000000662E+001,-1.0806710000000662E+001, 1.0603605949657020E+001
-1.0805710000000662E+001,-1.0805710000000662E+001, 1.0603605837531184E+001
-1.0804710000000663E+001,-1.0804710000000663E+001, 1.0603605725394797E+001
-1.0803710000000663E+001,-1.0803710000000663E+001, 1.0603605613253363E+001
-1.0802710000000664E+001,-1.0802710000000664E+001, 1.0603605501114055E+001
-1.0801710000000664E+001,-1.0801710000000664E+001, 1.0603605388975151E+001
-1.0800710000000665E+001,-1.0800710000000665E+001, 1.0603605276821034E+001
-1.0799710000000665E+001,-1.0799710000000665E+001, 1.0603605164693105E+001
-1.0798710000000666E+001,-1.0798710000000666E+001, 1.0603605052560173E+001
-1.0797710000000666E+001,-1.0797710000000666E+001, 1.0603604940419068E+001
-1.0796710000000667E+001,-1.0796710000000667E+001, 1.0603604828281014E+001
-1.0795710000000668E+001,-1.0795710000000668E+001, 1.0603604716121264E+001
-1.0794710000000668E+001,-1.0794710000000668E+001, 1.0603604603990755E+001
-1.0793710000000669E+001,-1.0793710000000669E+001, 1.0603604491842784E+001
-1.0792710000000669E+001,-1.0792710000000669E+001, 1.0603604379704066E+001
-1.0791710000000670E+001,-1.0791710000000670E+001, 1.0603604267564993E+001
-1.0790710000000670E+001,-1.0790710000000670E+001, 1.0603604155415688E+001
-1.0789710000000671E+001,-1.0789710000000671E+001, 1.0603604043276892E+001
-1.0788710000000671E+001,-1.0788710000000671E+001, 1.0603603931131534E+001
-1.0787710000000672E+001,-1.0787710000000672E+001, 1.0603603818975666E+001
-1.0786710000000673E+001,-1.0786710000000673E+001, 1.0603603706836889E+001
-1.0785710000000673E+001,-1.0785710000000673E+001, 1.0603603594686241E+001
-1.0784710000000674E+001,-1.0784710000000674E+001, 1.0603603482531422E+001
-1.0783710000000674E+001,-1.0783710000000674E+001, 1.0603603370396979E+001
-1.0782710000000675E+001,-1.0782710000000675E+001, 1.0603603258242426E+001
-1.0781710000000675E+001,-1.0781710000000675E+001, 1.0603603146110904E+001
-1.0780710000000676E+001,-1.0780710000000676E+001, 1.0603603033953089E+001
-1.0779710000000676E+001,-1.0779710000000676E+001, 1.0603602921797679E+001
-1.0778710000000677E+001,-1.0778710000000677E+001, 1.0603602809654552E+001
-1.0777710000000678E+001,-1.0777710000000678E+001, 1.0603602697501582E+001
-1.0776710000000678E+001,-1.0776710000000678E+001, 1.0603602585347595E+001
-1.0775710000000679E+001,-1.0775710000000679E+001, 1.0603602473199441E+001
-1.0774710000000679E+001,-1.0774710000000679E+001, 1.0603602361053863E+001
-1.0773710000000680E+001,-1.0773710000000680E+001, 1.0603602248887537E+001
-1.0772710000000680E+001,-1.0772710000000680E+001, 1.0603602136740948E+001
-1.0771710000000681E+001,-1.0771710000000681E+001, 1.0603602024577539E+001
-1.0770710000000681E+001,-1.0770710000000681E+001, 1.0603601912428687E+001
-1.0769710000000682E+001,-1.0769710000000682E+001, 1.0603601800282984E+001
-1.0768710000000683E+001,-1.0768710000000683E+001, 1.0603601688135441E+001
-1.0767710000000683E+001,-1.0767710000000683E+001, 1.0603601575972542E+001
-1.0766710000000684E+001,-1.0766710000000684E+001, 1.0603601463808189E+001
-1.0765710000000684E+001,-1.0765710000000684E+001, 1.0603601351645366E+001
-1.0764710000000685E+001,-1.0764710000000685E+001, 1.0603601239497770E+001
-1.0763710000000685E+001,-1.0763710000000685E+001, 1.0603601127342772E+001
-1.0762710000000686E+001,-1.0762710000000686E+001, 1.0603601015188827E+001
-1.0761710000000686E+001,-1.0761710000000686E+001, 1.0603600903034241E+001
-1.0760710000000687E+001,-1.0760710000000687E+001, 1.0603600790872683E+001
-1.0759710000000688E+001,-1.0759710000000688E+001, 1.0603600678713194E+001
-1.0758710000000688E+001,-1.0758710000000688E+001, 1.0603600566549099E+001
-1.0757710000000689E+001,-1.0757710000000689E+001, 1.0603600454390447E+001
-1.0756710000000689E+001,-1.0756710000000689E+001, 1.0603600342231314E+001
-1.0755710000000690E+001,-1.0755710000000690E+001, 1.0603600230066210E+001
-1.0754710000000690E+001,-1.0754710000000690E+001, 1.0603600117907533E+001
-1.0753710000000691E+001,-1.0753710000000691E+001, 1.0603600005754936E+001
-1.0752710000000691E+001,-1.0752710000000691E+001, 1.0603599893583763E+001
-1.0751710000000692E+001,-1.0751710000000692E+001, 1.0603599781415511E+001
-1.0750710000000693E+001,-1.0750710000000693E+001, 1.0603599669251995E+001
-1.0749710000000693E+001,-1.0749710000000693E+001, 1.0603599557087950E+001
-1.0748710000000694E+001,-1.0748710000000694E+001, 1.0603599444922226E+001
-1.0747710000000694E+001,-1.0747710000000694E+001, 1.0603599332764063E+001
-1.0746710000000695E+001,-1.0746710000000695E+001, 1.0603599220601492E+001
-1.0745710000000695E+001,-1.0745710000000695E+001, 1.0603599108435787E+001
-1.0744710000000696E+001,-1.0744710000000696E+001, 1.0603598996256721E+001
-1.0743710000000696E+001,-1.0743710000000696E+001, 1.0603598884104954E+001
-1.0742710000000697E+001,-1.0742710000000697E+001, 1.0603598771930326E+001
-1.0741710000000698E+001,-1.0741710000000698E+001, 1.0603598659761506E+001
-1.0740710000000698E+001,-1.0740710000000698E+001, 1.0603598547604067E+001
-1.0739710000000699E+001,-1.0739710000000699E+001, 1.0603598435422896E+001
-1.0738710000000699E+001,-1.0738710000000699E+001, 1.0603598323255106E+001
-1.0737710000000700E+001,-1.0737710000000700E+001, 1.0603598211083819E+001
-1.0736710000000700E+001,-1.0736710000000700E+001, 1.0603598098901154E+001
-1.0735710000000701E+001,-1.0735710000000701E+001, 1.0603597986735538E+001
-1.0734710000000701E+001,-1.0734710000000701E+001, 1.0603597874581451E+001
-1.0733710000000702E+001,-1.0733710000000702E+001, 1.0603597762402675E+001
-1.0732710000000703E+001,-1.0732710000000703E+001, 1.0603597650228906E+001
-1.0731710000000703E+001,-1.0731710000000703E+001, 1.0603597538056624E+001
-1.0730710000000704E+001,-1.0730710000000704E+001, 1.0603597425868863E+001
-1.0729710000000704E+001,-1.0729710000000704E+001, 1.0603597313703286E+001
-1.0728710000000705E+001,-1.0728710000000705E+001, 1.0603597201539863E+001
-1.0727710000000705E+001,-1.0727710000000705E+001, 1.0603597089350423E+001
-1.0726710000000706E+001,-1.0726710000000706E+001, 1.0603596977185791E+001
-1.0725710000000706E+001,-1.0725710000000706E+001, 1.0603596865009791E+001
-1.0724710000000707E+001,-1.0724710000000707E+001, 1.0603596752830699E+001
-1.0723710000000708E+001,-1.0723710000000708E+001, 1.0603596640648558E+001
-1.0722710000000708E+001,-1.0722710000000708E+001, 1.0603596528474174E+001
-1.0721710000000709E+001,-1.0721710000000709E+001, 1.0603596416299418E+001
-1.0720710000000709E+001,-1.0720710000000709E+001, 1.0603596304125986E+001
-1.0719710000000710E+001,-1.0719710000000710E+001, 1.0603596191945622E+001
-1.0718710000000710E+001,-1.0718710000000710E+001, 1.0603596079762328E+001
-1.0717710000000711E+001,-1.0717710000000711E+001, 1.0603595967585523E+001
-1.0716710000000711E+001,-1.0716710000000711E+001, 1.0603595855405020E+001
-1.0715710000000712E+001,-1.0715710000000712E+001, 1.0603595743229260E+001
-1.0714710000000712E+001,-1.0714710000000712E+001, 1.0603595631039129E+001
-1.0713710000000713E+001,-1.0713710000000713E+001, 1.0603595518859397E+001
-1.0712710000000714E+001,-1.0712710000000714E+001, 1.0603595406674104E+001
-1.0711710000000714E+001,-1.0711710000000714E+001, 1.0603595294511322E+001
-1.0710710000000715E+001,-1.0710710000000715E+001, 1.0603595182314685E+001
-1.0709710000000715E+001,-1.0709710000000715E+001, 1.0603595070125699E+001
-1.0708710000000716E+001,-1.0708710000000716E+001, 1.0603594957951227E+001
-1.0707710000000716E+001,-1.0707710000000716E+001, 1.0603594845758426E+001
-1.0706710000000717E+001,-1.0706710000000717E+001, 1.0603594733577149E+001
-1.0705710000000717E+001,-1.0705710000000717E+001, 1.0603594621391332E+001
-1.0704710000000718E+001,-1.0704710000000718E+001, 1.0603594509205676E+001
-1.0703710000000719E+001,-1.0703710000000719E+001, 1.0603594397033207E+001
-1.0702710000000719E+001,-1.0702710000000719E+001, 1.0603594284834099E+001
-1.0701710000000720E+001,-1.0701710000000720E+001, 1.0603594172641634E+001
-1.0700710000000720E+001,-1.0700710000000720E+001, 1.0603594060466911E+001
-1.0699710000000721E+001,-1.0699710000000721E+001, 1.0603593948268969E+001
-1.0698710000000721E+001,-1.0698710000000721E+001, 1.0603593836079837E+001
-1.0697710000000722E+001,-1.0697710000000722E+001, 1.0603593723891588E+001
-1.0696710000000722E+001,-1.0696710000000722E+001, 1.0603593611708003E+001
-1.0695710000000723E+001,-1.0695710000000723E+001, 1.0603593499506777E+001
-1.0694710000000724E+001,-1.0694710000000724E+001, 1.0603593387324397E+001
-1.0693710000000724E+001,-1.0693710000000724E+001, 1.0603593275123144E+001
-1.0692710000000725E+001,-1.0692710000000725E+001, 1.0603593162941655E+001
-1.0691710000000725E+001,-1.0691710000000725E+001, 1.0603593050751664E+001
-1.0690710000000726E+001,-1.0690710000000726E+001, 1.0603592938553362E+001
-1.0689710000000726E+001,-1.0689710000000726E+001, 1.0603592826359414E+001
-1.0688710000000727E+001,-1.0688710000000727E+001, 1.0603592714158376E+001
-1.0687710000000727E+001,-1.0687710000000727E+001, 1.0603592601970258E+001
-1.0686710000000728E+001,-1.0686710000000728E+001, 1.0603592489779922E+001
-1.0685710000000729E+001,-1.0685710000000729E+001, 1.0603592377579265E+001
-1.0684710000000729E+001,-1.0684710000000729E+001, 1.0603592265381797E+001
-1.0683710000000730E+001,-1.0683710000000730E+001, 1.0603592153194407E+001
-1.0682710000000730E+001,-1.0682710000000730E+001, 1.0603592041003406E+001
-1.0681710000000731E+001,-1.0681710000000731E+001, 1.0603591928804306E+001
-1.0680710000000731E+001,-1.0680710000000731E+001, 1.0603591816590367E+001
-1.0679710000000732E+001,-1.0679710000000732E+001, 1.0603591704404955E+001
-1.0678710000000732E+001,-1.0678710000000732E+001, 1.0603591592199738E+001
-1.0677710000000733E+001,-1.0677710000000733E+001, 1.0603591480006981E+001
-1.0676710000000734E+001,-1.0676710000000734E+001, 1.0603591367800165E+001
-1.0675710000000734E+001,-1.0675710000000734E+001, 1.0603591255605979E+001
-1.0674710000000735E+001,-1.0674710000000735E+001, 1.0603591143404049E+001
-1.0673710000000735E+001,-1.0673710000000735E+001, 1.0603591031205433E+001
-1.0672710000000736E+001,-1.0672710000000736E+001, 1.0603590918995703E+001
-1.0671710000000736E+001,-1.0671710000000736E+001, 1.0603590806794436E+001
-1.0670710000000737E+001,-1.0670710000000737E+001, 1.0603590694599104E+001
-1.0669710000000737E+001,-1.0669710000000737E+001, 1.0603590582390732E+001
-1.0668710000000738E+001,-1.0668710000000738E+001, 1.0603590470201366E+001
-1.0667710000000739E+001,-1.0667710000000739E+001, 1.0603590357990861E+001
-1.0666710000000739E+001,-1.0666710000000739E+001, 1.0603590245774313E+001
-1.0665710000000740E+001,-1.0665710000000740E+001, 1.0603590133574061E+001
-1.0664710000000740E+001,-1.0664710000000740E+001, 1.0603590021369431E+001
-1.0663710000000741E+001,-1.0663710000000741E+001, 1.0603589909167235E+001
-1.0662710000000741E+001,-1.0662710000000741E+001, 1.0603589796959181E+001
-1.0661710000000742E+001,-1.0661710000000742E+001, 1.0603589684760804E+001
-1.0660710000000742E+001,-1.0660710000000742E+001, 1.0603589572551535E+001
-1.0659710000000743E+001,-1.0659710000000743E+001, 1.0603589460343192E+001
-1.0658710000000744E+001,-1.0658710000000744E+001, 1.0603589348128917E+001
-1.0657710000000744E+001,-1.0657710000000744E+001, 1.0603589235918053E+001
-1.0656710000000745E+001,-1.0656710000000745E+001, 1.0603589123709893E+001
-1.0655710000000745E+001,-1.0655710000000745E+001, 1.0603589011507477E+001
-1.0654710000000746E+001,-1.0654710000000746E+001, 1.0603588899295005E+001
-1.0653710000000746E+001,-1.0653710000000746E+001, 1.0603588787070906E+001
-1.0652710000000747E+001,-1.0652710000000747E+001, 1.0603588674862557E+001
-1.0651710000000747E+001,-1.0651710000000747E+001, 1.0603588562656443E+001
-1.0650710000000748E+001,-1.0650710000000748E+001, 1.0603588450450694E+001
-1.0649710000000749E+001,-1.0649710000000749E+001, 1.0603588338228414E+001
-1.0648710000000749E+001,-1.0648710000000749E+001, 1.0603588226019731E+001
-1.0647710000000750E+001,-1.0647710000000750E+001, 1.0603588113813897E+001
-1.0646710000000750E+001,-1.0646710000000750E+001, 1.0603588001602464E+001
-1.0645710000000751E+001,-1.0645710000000751E+001, 1.0603587889372992E+001
-1.0644710000000751E+001,-1.0644710000000751E+001, 1.0603587777168647E+001
-1.0643710000000752E+001,-1.0643710000000752E+001, 1.0603587664947668E+001
-1.0642710000000752E+001,-1.0642710000000752E+001, 1.0603587552740269E+001
-1.0641710000000753E+001,-1.0641710000000753E+001, 1.0603587440513547E+001
-1.0640710000000754E+001,-1.0640710000000754E+001, 1.0603587328289722E+001
-1.0639710000000754E+001,-1.0639710000000754E+001, 1.0603587216086485E+001
-1.0638710000000755E+001,-1.0638710000000755E+001, 1.0603587103860153E+001
-1.0637710000000755E+001,-1.0637710000000755E+001, 1.0603586991640611E+001
-1.0636710000000756E+001,-1.0636710000000756E+001, 1.0603586879414346E+001
-1.0635710000000756E+001,-1.0635710000000756E+001, 1.0603586767204060E+001
-1.0634710000000757E+001,-1.0634710000000757E+001, 1.0603586654993903E+001
-1.0633710000000757E+001,-1.0633710000000757E+001, 1.0603586542764953E+001
-1.0632710000000758E+001,-1.0632710000000758E+001, 1.0603586430560080E+001
-1.0631710000000758E+001,-1.0631710000000758E+001, 1.0603586318321389E+001
-1.0630710000000759E+001,-1.0630710000000759E+001, 1.0603586206097686E+001
-1.0629710000000760E+001,-1.0629710000000760E+001, 1.0603586093875094E+001
-1.0628710000000760E+001,-1.0628710000000760E+001, 1.0603585981658187E+001
-1.0627710000000761E+001,-1.0627710000000761E+001, 1.0603585869439796E+001
-1.0626710000000761E+001,-1.0626710000000761E+001, 1.0603585757210100E+001
-1.0625710000000762E+001,-1.0625710000000762E+001, 1.0603585644986611E+001
-1.0624710000000762E+001,-1.0624710000000762E+001, 1.0603585532753083E+001
-1.0623710000000763E+001,-1.0623710000000763E+001, 1.0603585420532397E+001
-1.0622710000000763E+001,-1.0622710000000763E+001, 1.0603585308299920E+001
-1.0621710000000764E+001,-1.0621710000000764E+001, 1.0603585196082200E+001
-1.0620710000000765E+001,-1.0620710000000765E+001, 1.0603585083863324E+001
-1.0619710000000765E+001,-1.0619710000000765E+001, 1.0603584971624576E+001
-1.0618710000000766E+001,-1.0618710000000766E+001, 1.0603584859392768E+001
-1.0617710000000766E+001,-1.0617710000000766E+001, 1.0603584747163779E+001
-1.0616710000000767E+001,-1.0616710000000767E+001, 1.0603584634935507E+001
-1.0615710000000767E+001,-1.0615710000000767E+001, 1.0603584522720187E+001
-1.0614710000000768E+001,-1.0614710000000768E+001, 1.0603584410472905E+001
-1.0613710000000768E+001,-1.0613710000000768E+001, 1.0603584298254532E+001
-1.0612710000000769E+001,-1.0612710000000769E+001, 1.0603584186021678E+001
-1.0611710000000770E+001,-1.0611710000000770E+001, 1.0603584073800452E+001
-1.0610710000000770E+001,-1.0610710000000770E+001, 1.0603583961561828E+001
-1.0609710000000771E+001,-1.0609710000000771E+001, 1.0603583849323192E+001
-1.0608710000000771E+001,-1.0608710000000771E+001, 1.0603583737088909E+001
-1.0607710000000772E+001,-1.0607710000000772E+001, 1.0603583624855361E+001
-1.0606710000000772E+001,-1.0606710000000772E+001, 1.0603583512623153E+001
-1.0605710000000773E+001,-1.0605710000000773E+001, 1.0603583400397930E+001
-1.0604710000000773E+001,-1.0604710000000773E+001, 1.0603583288158394E+001
-1.0603710000000774E+001,-1.0603710000000774E+001, 1.0603583175924975E+001
-1.0602710000000775E+001,-1.0602710000000775E+001, 1.0603583063690085E+001
-1.0601710000000775E+001,-1.0601710000000775E+001, 1.0603582951447152E+001
-1.0600710000000776E+001,-1.0600710000000776E+001, 1.0603582839213862E+001
-1.0599710000000776E+001,-1.0599710000000776E+001, 1.0603582726986554E+001
-1.0598710000000777E+001,-1.0598710000000777E+001, 1.0603582614752465E+001
-1.0597710000000777E+001,-1.0597710000000777E+001, 1.0603582502511157E+001
-1.0596710000000778E+001,-1.0596710000000778E+001, 1.0603582390258071E+001
-1.0595710000000778E+001,-1.0595710000000778E+001, 1.0603582278022040E+001
-1.0594710000000779E+001,-1.0594710000000779E+001, 1.0603582165784919E+001
-1.0593710000000780E+001,-1.0593710000000780E+001, 1.0603582053547104E+001
-1.0592710000000780E+001,-1.0592710000000780E+001, 1.0603581941303279E+001
-1.0591710000000781E+001,-1.0591710000000781E+001, 1.0603581829078735E+001
-1.0590710000000781E+001,-1.0590710000000781E+001, 1.0603581716828755E+001
-1.0589710000000782E+001,-1.0589710000000782E+001, 1.0603581604574885E+001
-1.0588710000000782E+001,-1.0588710000000782E+001, 1.0603581492338405E+001
-1.0587710000000783E+001,-1.0587710000000783E+001, 1.0603581380106101E+001
-1.0586710000000783E+001,-1.0586710000000783E+001, 1.0603581267859457E+001
-1.0585710000000784E+001,-1.0585710000000784E+001, 1.0603581155619160E+001
-1.0584710000000785E+001,-1.0584710000000785E+001, 1.0603581043360235E+001
-1.0583710000000785E+001,-1.0583710000000785E+001, 1.0603580931120174E+001
-1.0582710000000786E+001,-1.0582710000000786E+001, 1.0603580818875820E+001
-1.0581710000000786E+001,-1.0581710000000786E+001, 1.0603580706634910E+001
-1.0580710000000787E+001,-1.0580710000000787E+001, 1.0603580594393451E+001
-1.0579710000000787E+001,-1.0579710000000787E+001, 1.0603580482134429E+001
-1.0578710000000788E+001,-1.0578710000000788E+001, 1.0603580369877069E+001
-1.0577710000000788E+001,-1.0577710000000788E+001, 1.0603580257641578E+001
-1.0576710000000789E+001,-1.0576710000000789E+001, 1.0603580145397608E+001
-1.0575710000000790E+001,-1.0575710000000790E+001, 1.0603580033147381E+001
-1.0574710000000790E+001,-1.0574710000000790E+001, 1.0603579920894205E+001
-1.0573710000000791E+001,-1.0573710000000791E+001, 1.0603579808652865E+001
-1.0572710000000791E+001,-1.0572710000000791E+001, 1.0603579696391108E+001
-1.0571710000000792E+001,-1.0571710000000792E+001, 1.0603579584147113E+001
-1.0570710000000792E+001,-1.0570710000000792E+001, 1.0603579471896774E+001
-1.0569710000000793E+001,-1.0569710000000793E+001, 1.0603579359652830E+001
-1.0568710000000793E+001,-1.0568710000000793E+001, 1.0603579247390552E+001
-1.0567710000000794E+001,-1.0567710000000794E+001, 1.0603579135130955E+001
-1.0566710000000795E+001,-1.0566710000000795E+001, 1.0603579022887919E+001
-1.0565710000000795E+001,-1.0565710000000795E+001, 1.0603578910639531E+001
-1.0564710000000796E+001,-1.0564710000000796E+001, 1.0603578798376384E+001
-1.0563710000000796E+001,-1.0563710000000796E+001, 1.0603578686132209E+001
-1.0562710000000797E+001,-1.0562710000000797E+001, 1.0603578573880748E+001
-1.0561710000000797E+001,-1.0561710000000797E+001, 1.0603578461606892E+001
-1.0560710000000798E+001,-1.0560710000000798E+001, 1.0603578349354004E+001
-1.0559710000000798E+001,-1.0559710000000798E+001, 1.0603578237102189E+001
-1.0558710000000799E+001,-1.0558710000000799E+001, 1.0603578124843477E+001
-1.0557710000000800E+001,-1.0557710000000800E+001, 1.0603578012593401E+001
-1.0556710000000800E+001,-1.0556710000000800E+001, 1.0603577900338635E+001
-1.0555710000000801E+001,-1.0555710000000801E+001, 1.0603577788069188E+001
-1.0554710000000801E+001,-1.0554710000000801E+001, 1.0603577675811124E+001
-1.0553710000000802E+001,-1.0553710000000802E+001, 1.0603577563553081E+001
-1.0552710000000802E+001,-1.0552710000000802E+001, 1.0603577451299611E+001
-1.0551710000000803E+001,-1.0551710000000803E+001, 1.0603577339036073E+001
-1.0550710000000803E+001,-1.0550710000000803E+001, 1.0603577226777796E+001
-1.0549710000000804E+001,-1.0549710000000804E+001, 1.0603577114503164E+001
-1.0548710000000804E+001,-1.0548710000000804E+001, 1.0603577002252727E+001
-1.0547710000000805E+001,-1.0547710000000805E+001, 1.0603576889984314E+001
-1.0546710000000806E+001,-1.0546710000000806E+001, 1.0603576777720136E+001
-1.0545710000000806E+001,-1.0545710000000806E+001, 1.0603576665463748E+001
-1.0544710000000807E+001,-1.0544710000000807E+001, 1.0603576553195355E+001
-1.0543710000000807E+001,-1.0543710000000807E+001, 1.0603576440936463E+001
-1.0542710000000808E+001,-1.0542710000000808E+001, 1.0603576328669934E+001
-1.0541710000000808E+001,-1.0541710000000808E+001, 1.0603576216400171E+001
-1.0540710000000809E+001,-1.0540710000000809E+001, 1.0603576104134905E+001
-1.0539710000000809E+001,-1.0539710000000809E+001, 1.0603575991873416E+001
-1.0538710000000810E+001,-1.0538710000000810E+001, 1.0603575879595496E+001
-1.0537710000000811E+001,-1.0537710000000811E+001, 1.0603575767333203E+001
-1.0536710000000811E+001,-1.0536710000000811E+001, 1.0603575655079361E+001
-1.0535710000000812E+001,-1.0535710000000812E+001, 1.0603575542808274E+001
-1.0534710000000812E+001,-1.0534710000000812E+001, 1.0603575430541174E+001
-1.0533710000000813E+001,-1.0533710000000813E+001, 1.0603575318265971E+001
-1.0532710000000813E+001,-1.0532710000000813E+001, 1.0603575205982503E+001
-1.0531710000000814E+001,-1.0531710000000814E+001, 1.0603575093722235E+001
-1.0530710000000814E+001,-1.0530710000000814E+001, 1.0603574981457111E+001
-1.0529710000000815E+001,-1.0529710000000815E+001, 1.0603574869193162E+001
-1.0528710000000816E+001,-1.0528710000000816E+001, 1.0603574756912677E+001
-1.0527710000000816E+001,-1.0527710000000816E+001, 1.0603574644646798E+001
-1.0526710000000817E+001,-1.0526710000000817E+001, 1.0603574532363599E+001
-1.0525710000000817E+001,-1.0525710000000817E+001, 1.0603574420090002E+001
-1.0524710000000818E+001,-1.0524710000000818E+001, 1.0603574307822345E+001
-1.0523710000000818E+001,-1.0523710000000818E+001, 1.0603574195548937E+001
-1.0522710000000819E+001,-1.0522710000000819E+001, 1.0603574083283231E+001
-1.0521710000000819E+001,-1.0521710000000819E+001, 1.0603573970993663E+001
-1.0520710000000820E+001,-1.0520710000000820E+001, 1.0603573858721717E+001
-1.0519710000000821E+001,-1.0519710000000821E+001, 1.0603573746443157E+001
-1.0518710000000821E+001,-1.0518710000000821E+001, 1.0603573634175554E+001
-1.0517710000000822E+001,-1.0517710000000822E+001, 1.0603573521890798E+001
-1.0516710000000822E+001,-1.0516710000000822E+001, 1.0603573409622612E+001
-1.0515710000000823E+001,-1.0515710000000823E+001, 1.0603573297333176E+001
-1.0514710000000823E+001,-1.0514710000000823E+001, 1.0603573185063471E+001
-1.0513710000000824E+001,-1.0513710000000824E+001, 1.0603573072784231E+001
-1.0512710000000824E+001,-1.0512710000000824E+001, 1.0603572960495669E+001
-1.0511710000000825E+001,-1.0511710000000825E+001, 1.0603572848222948E+001
-1.0510710000000826E+001,-1.0510710000000826E+001, 1.0603572735944866E+001
-1.0509710000000826E+001,-1.0509710000000826E+001, 1.0603572623658316E+001
-1.0508710000000827E+001,-1.0508710000000827E+001, 1.0603572511367775E+001
-1.0507710000000827E+001,-1.0507710000000827E+001, 1.0603572399101882E+001
-1.0506710000000828E+001,-1.0506710000000828E+001, 1.0603572286820317E+001
-1.0505710000000828E+001,-1.0505710000000828E+001, 1.0603572174535238E+001
-1.0504710000000829E+001,-1.0504710000000829E+001, 1.0603572062247334E+001
-1.0503710000000829E+001,-1.0503710000000829E+001, 1.0603571949959656E+001
-1.0502710000000830E+001,-1.0502710000000830E+001, 1.0603571837679882E+001
-1.0501710000000831E+001,-1.0501710000000831E+001, 1.0603571725397458E+001
-1.0500710000000831E+001,-1.0500710000000831E+001, 1.0603571613120842E+001
-1.0499710000000832E+001,-1.0499710000000832E+001, 1.0603571500823552E+001
-1.0498710000000832E+001,-1.0498710000000832E+001, 1.0603571388528852E+001
-1.0497710000000833E+001,-1.0497710000000833E+001, 1.0603571276241169E+001
-1.0496710000000833E+001,-1.0496710000000833E+001, 1.0603571163958355E+001
-1.0495710000000834E+001,-1.0495710000000834E+001, 1.0603571051677298E+001
-1.0494710000000834E+001,-1.0494710000000834E+001, 1.0603570939393363E+001
-1.0493710000000835E+001,-1.0493710000000835E+001, 1.0603570827111955E+001
-1.0492710000000836E+001,-1.0492710000000836E+001, 1.0603570714818062E+001
-1.0491710000000836E+001,-1.0491710000000836E+001, 1.0603570602520035E+001
-1.0490710000000837E+001,-1.0490710000000837E+001, 1.0603570490233798E+001
-1.0489710000000837E+001,-1.0489710000000837E+001, 1.0603570377944269E+001
-1.0488710000000838E+001,-1.0488710000000838E+001, 1.0603570265653962E+001
-1.0487710000000838E+001,-1.0487710000000838E+001, 1.0603570153374537E+001
-1.0486710000000839E+001,-1.0486710000000839E+001, 1.0603570041073656E+001
-1.0485710000000839E+001,-1.0485710000000839E+001, 1.0603569928778635E+001
-1.0484710000000840E+001,-1.0484710000000840E+001, 1.0603569816482111E+001
-1.0483710000000841E+001,-1.0483710000000841E+001, 1.0603569704183887E+001
-1.0482710000000841E+001,-1.0482710000000841E+001, 1.0603569591901808E+001
-1.0481710000000842E+001,-1.0481710000000842E+001, 1.0603569479600720E+001
-1.0480710000000842E+001,-1.0480710000000842E+001, 1.0603569367310875E+001
-1.0479710000000843E+001,-1.0479710000000843E+001, 1.0603569255016462E+001
-1.0478710000000843E+001,-1.0478710000000843E+001, 1.0603569142714917E+001
-1.0477710000000844E+001,-1.0477710000000844E+001, 1.0603569030422026E+001
-1.0476710000000844E+001,-1.0476710000000844E+001, 1.0603568918129781E+001
-1.0475710000000845E+001,-1.0475710000000845E+001, 1.0603568805816687E+001
-1.0474710000000846E+001,-1.0474710000000846E+001, 1.0603568693528647E+001
-1.0473710000000846E+001,-1.0473710000000846E+001, 1.0603568581233528E+001
-1.0472710000000847E+001,-1.0472710000000847E+001, 1.0603568468932211E+001
-1.0471710000000847E+001,-1.0471710000000847E+001, 1.0603568356634241E+001
-1.0470710000000848E+001,-1.0470710000000848E+001, 1.0603568244333436E+001
-1.0469710000000848E+001,-1.0469710000000848E+001, 1.0603568132028848E+001
-1.0468710000000849E+001,-1.0468710000000849E+001, 1.0603568019727494E+001
-1.0467710000000849E+001,-1.0467710000000849E+001, 1.0603567907421525E+001
-1.0466710000000850E+001,-1.0466710000000850E+001, 1.0603567795122032E+001
-1.0465710000000850E+001,-1.0465710000000850E+001, 1.0603567682836974E+001
-1.0464710000000851E+001,-1.0464710000000851E+001, 1.0603567570524266E+001
-1.0463710000000852E+001,-1.0463710000000852E+001, 1.0603567458216185E+001
-1.0462710000000852E+001,-1.0462710000000852E+001, 1.0603567345905329E+001
-1.0461710000000853E+001,-1.0461710000000853E+001, 1.0603567233609846E+001
-1.0460710000000853E+001,-1.0460710000000853E+001, 1.0603567121307687E+001
-1.0459710000000854E+001,-1.0459710000000854E+001, 1.0603567009009156E+001
-1.0458710000000854E+001,-1.0458710000000854E+001, 1.0603566896690621E+001
-1.0457710000000855E+001,-1.0457710000000855E+001, 1.0603566784396193E+001
-1.0456710000000855E+001,-1.0456710000000855E+001, 1.0603566672072464E+001
-1.0455710000000856E+001,-1.0455710000000856E+001, 1.0603566559774418E+001
-1.0454710000000857E+001,-1.0454710000000857E+001, 1.0603566447464093E+001
-1.0453710000000857E+001,-1.0453710000000857E+001, 1.0603566335163215E+001
-1.0452710000000858E+001,-1.0452710000000858E+001, 1.0603566222843831E+001
-1.0451710000000858E+001,-1.0451710000000858E+001, 1.0603566110546561E+001
-1.0450710000000859E+001,-1.0450710000000859E+001, 1.0603565998222676E+001
-1.0449710000000859E+001,-1.0449710000000859E+001, 1.0603565885918592E+001
-1.0448710000000860E+001,-1.0448710000000860E+001, 1.0603565773616552E+001
-1.0447710000000860E+001,-1.0447710000000860E+001, 1.0603565661301321E+001
-1.0446710000000861E+001,-1.0446710000000861E+001, 1.0603565548993233E+001
-1.0445710000000862E+001,-1.0445710000000862E+001, 1.0603565436686043E+001
-1.0444710000000862E+001,-1.0444710000000862E+001, 1.0603565324371598E+001
-1.0443710000000863E+001,-1.0443710000000863E+001, 1.0603565212044618E+001
-1.0442710000000863E+001,-1.0442710000000863E+001, 1.0603565099738724E+001
-1.0441710000000864E+001,-1.0441710000000864E+001, 1.0603564987425592E+001
-1.0440710000000864E+001,-1.0440710000000864E+001, 1.0603564875109491E+001
-1.0439710000000865E+001,-1.0439710000000865E+001, 1.0603564762794658E+001
-1.0438710000000865E+001,-1.0438710000000865E+001, 1.0603564650478146E+001
-1.0437710000000866E+001,-1.0437710000000866E+001, 1.0603564538163941E+001
-1.0436710000000867E+001,-1.0436710000000867E+001, 1.0603564425849394E+001
-1.0435710000000867E+001,-1.0435710000000867E+001, 1.0603564313533896E+001
-1.0434710000000868E+001,-1.0434710000000868E+001, 1.0603564201208354E+001
-1.0433710000000868E+001,-1.0433710000000868E+001, 1.0603564088891108E+001
-1.0432710000000869E+001,-1.0432710000000869E+001, 1.0603563976571479E+001
-1.0431710000000869E+001,-1.0431710000000869E+001, 1.0603563864258645E+001
-1.0430710000000870E+001,-1.0430710000000870E+001, 1.0603563751948421E+001
-1.0429710000000870E+001,-1.0429710000000870E+001, 1.0603563639608824E+001
-1.0428710000000871E+001,-1.0428710000000871E+001, 1.0603563527301549E+001
-1.0427710000000872E+001,-1.0427710000000872E+001, 1.0603563414976856E+001
-1.0426710000000872E+001,-1.0426710000000872E+001, 1.0603563302657188E+001
-1.0425710000000873E+001,-1.0425710000000873E+001, 1.0603563190336011E+001
-1.0424710000000873E+001,-1.0424710000000873E+001, 1.0603563078019404E+001
-1.0423710000000874E+001,-1.0423710000000874E+001, 1.0603562965687381E+001
-1.0422710000000874E+001,-1.0422710000000874E+001, 1.0603562853362469E+001
-1.0421710000000875E+001,-1.0421710000000875E+001, 1.0603562741040378E+001
-1.0420710000000875E+001,-1.0420710000000875E+001, 1.0603562628725317E+001
-1.0419710000000876E+001,-1.0419710000000876E+001, 1.0603562516401240E+001
-1.0418710000000877E+001,-1.0418710000000877E+001, 1.0603562404062306E+001
-1.0417710000000877E+001,-1.0417710000000877E+001, 1.0603562291757198E+001
-1.0416710000000878E+001,-1.0416710000000878E+001, 1.0603562179432711E+001
-1.0415710000000878E+001,-1.0415710000000878E+001, 1.0603562067082114E+001
-1.0414710000000879E+001,-1.0414710000000879E+001, 1.0603561954757682E+001
-1.0413710000000879E+001,-1.0413710000000879E+001, 1.0603561842446101E+001
-1.0412710000000880E+001,-1.0412710000000880E+001, 1.0603561730101516E+001
-1.0411710000000880E+001,-1.0411710000000880E+001, 1.0603561617776270E+001
-1.0410710000000881E+001,-1.0410710000000881E+001, 1.0603561505457595E+001
-1.0409710000000882E+001,-1.0409710000000882E+001, 1.0603561393126627E+001
-1.0408710000000882E+001,-1.0408710000000882E+001, 1.0603561280785927E+001
-1.0407710000000883E+001,-1.0407710000000883E+001, 1.0603561168462392E+001
-1.0406710000000883E+001,-1.0406710000000883E+001, 1.0603561056122921E+001
-1.0405710000000884E+001,-1.0405710000000884E+001, 1.0603560943798090E+001
-1.0404710000000884E+001,-1.0404710000000884E+001, 1.0603560831457186E+001
-1.0403710000000885E+001,-1.0403710000000885E+001, 1.0603560719126643E+001
-1.0402710000000885E+001,-1.0402710000000885E+001, 1.0603560606794774E+001
-1.0401710000000886E+001,-1.0401710000000886E+001, 1.0603560494468500E+001
-1.0400710000000887E+001,-1.0400710000000887E+001, 1.0603560382129141E+001
-1.0399710000000887E+001,-1.0399710000000887E+001, 1.0603560269807558E+001
-1.0398710000000888E+001,-1.0398710000000888E+001, 1.0603560157462706E+001
-1.0397710000000888E+001,-1.0397710000000888E+001, 1.0603560045136554E+001
-1.0396710000000889E+001,-1.0396710000000889E+001, 1.0603559932798776E+001
-1.0395710000000889E+001,-1.0395710000000889E+001, 1.0603559820454338E+001
-1.0394710000000890E+001,-1.0394710000000890E+001, 1.0603559708116558E+001
-1.0393710000000890E+001,-1.0393710000000890E+001, 1.0603559595787946E+001
-1.0392710000000891E+001,-1.0392710000000891E+001, 1.0603559483449384E+001
-1.0391710000000892E+001,-1.0391710000000892E+001, 1.0603559371113079E+001
-1.0390710000000892E+001,-1.0390710000000892E+001, 1.0603559258766579E+001
-1.0389710000000893E+001,-1.0389710000000893E+001, 1.0603559146426369E+001
-1.0388710000000893E+001,-1.0388710000000893E+001, 1.0603559034084668E+001
-1.0387710000000894E+001,-1.0387710000000894E+001, 1.0603558921750828E+001
-1.0386710000000894E+001,-1.0386710000000894E+001, 1.0603558809404730E+001
-1.0385710000000895E+001,-1.0385710000000895E+001, 1.0603558697066088E+001
-1.0384710000000895E+001,-1.0384710000000895E+001, 1.0603558584730324E+001
-1.0383710000000896E+001,-1.0383710000000896E+001, 1.0603558472384421E+001
-1.0382710000000896E+001,-1.0382710000000896E+001, 1.0603558360041733E+001
-1.0381710000000897E+001,-1.0381710000000897E+001, 1.0603558247695238E+001
-1.0380710000000898E+001,-1.0380710000000898E+001, 1.0603558135348910E+001
-1.0379710000000898E+001,-1.0379710000000898E+001, 1.0603558023010489E+001
-1.0378710000000899E+001,-1.0378710000000899E+001, 1.0603557910653791E+001
-1.0377710000000899E+001,-1.0377710000000899E+001, 1.0603557798329533E+001
-1.0376710000000900E+001,-1.0376710000000900E+001, 1.0603557685985583E+001
-1.0375710000000900E+001,-1.0375710000000900E+001, 1.0603557573623343E+001
-1.0374710000000901E+001,-1.0374710000000901E+001, 1.0603557461285263E+001
-1.0373710000000901E+001,-1.0373710000000901E+001, 1.0603557348933498E+001
-1.0372710000000902E+001,-1.0372710000000902E+001, 1.0603557236590138E+001
-1.0371710000000903E+001,-1.0371710000000903E+001, 1.0603557124239105E+001
-1.0370710000000903E+001,-1.0370710000000903E+001, 1.0603557011895418E+001
-1.0369710000000904E+001,-1.0369710000000904E+001, 1.0603556899537722E+001
-1.0368710000000904E+001,-1.0368710000000904E+001, 1.0603556787196755E+001
-1.0367710000000905E+001,-1.0367710000000905E+001, 1.0603556674845096E+001
-1.0366710000000905E+001,-1.0366710000000905E+001, 1.0603556562488087E+001
-1.0365710000000906E+001,-1.0365710000000906E+001, 1.0603556450150386E+001
-1.0364710000000906E+001,-1.0364710000000906E+001, 1.0603556337788522E+001
-1.0363710000000907E+001,-1.0363710000000907E+001, 1.0603556225433408E+001
-1.0362710000000908E+001,-1.0362710000000908E+001, 1.0603556113099055E+001
-1.0361710000000908E+001,-1.0361710000000908E+001, 1.0603556000736253E+001
-1.0360710000000909E+001,-1.0360710000000909E+001, 1.0603555888364184E+001
-1.0359710000000909E+001,-1.0359710000000909E+001, 1.0603555776027191E+001
-1.0358710000000910E+001,-1.0358710000000910E+001, 1.0603555663671877E+001
-1.0357710000000910E+001,-1.0357710000000910E+001, 1.0603555551313928E+001
-1.0356710000000911E+001,-1.0356710000000911E+001, 1.0603555438962811E+001
-1.0355710000000911E+001,-1.0355710000000911E+001, 1.0603555326602670E+001
-1.0354710000000912E+001,-1.0354710000000912E+001, 1.0603555214244805E+001
-1.0353710000000913E+001,-1.0353710000000913E+001, 1.0603555101892630E+001
-1.0352710000000913E+001,-1.0352710000000913E+001, 1.0603554989533718E+001
-1.0351710000000914E+001,-1.0351710000000914E+001, 1.0603554877171566E+001
-1.0350710000000914E+001,-1.0350710000000914E+001, 1.0603554764826827E+001
-1.0349710000000915E+001,-1.0349710000000915E+001, 1.0603554652464103E+001
-1.0348710000000915E+001,-1.0348710000000915E+001, 1.0603554540103087E+001
-1.0347710000000916E+001,-1.0347710000000916E+001, 1.0603554427736148E+001
-1.0346710000000916E+001,-1.0346710000000916E+001, 1.0603554315379949E+001
-1.0345710000000917E+001,-1.0345710000000917E+001, 1.0603554203018120E+001
-1.0344710000000918E+001,-1.0344710000000918E+001, 1.0603554090652429E+001
-1.0343710000000918E+001,-1.0343710000000918E+001, 1.0603553978303806E+001
-1.0342710000000919E+001,-1.0342710000000919E+001, 1.0603553865936213E+001
-1.0341710000000919E+001,-1.0341710000000919E+001, 1.0603553753590468E+001
-1.0340710000000920E+001,-1.0340710000000920E+001, 1.0603553641204446E+001
-1.0339710000000920E+001,-1.0339710000000920E+001, 1.0603553528846096E+001
-1.0338710000000921E+001,-1.0338710000000921E+001, 1.0603553416472137E+001
-1.0337710000000921E+001,-1.0337710000000921E+001, 1.0603553304109589E+001
-1.0336710000000922E+001,-1.0336710000000922E+001, 1.0603553191754301E+001
-1.0335710000000923E+001,-1.0335710000000923E+001, 1.0603553079393354E+001
-1.0334710000000923E+001,-1.0334710000000923E+001, 1.0603552967033490E+001
-1.0333710000000924E+001,-1.0333710000000924E+001, 1.0603552854649818E+001
-1.0332710000000924E+001,-1.0332710000000924E+001, 1.0603552742279193E+001
-1.0331710000000925E+001,-1.0331710000000925E+001, 1.0603552629919273E+001
-1.0330710000000925E+001,-1.0330710000000925E+001, 1.0603552517549433E+001
-1.0329710000000926E+001,-1.0329710000000926E+001, 1.0603552405193483E+001
-1.0328710000000926E+001,-1.0328710000000926E+001, 1.0603552292817117E+001
-1.0327710000000927E+001,-1.0327710000000927E+001, 1.0603552180442382E+001
-1.0326710000000928E+001,-1.0326710000000928E+001, 1.0603552068059724E+001
-1.0325710000000928E+001,-1.0325710000000928E+001, 1.0603551955701581E+001
-1.0324710000000929E+001,-1.0324710000000929E+001, 1.0603551843338352E+001
-1.0323710000000929E+001,-1.0323710000000929E+001, 1.0603551730963643E+001
-1.0322710000000930E+001,-1.0322710000000930E+001, 1.0603551618583561E+001
-1.0321710000000930E+001,-1.0321710000000930E+001, 1.0603551506222823E+001
-1.0320710000000931E+001,-1.0320710000000931E+001, 1.0603551393833289E+001
-1.0319710000000931E+001,-1.0319710000000931E+001, 1.0603551281459232E+001
-1.0318710000000932E+001,-1.0318710000000932E+001, 1.0603551169089355E+001
-1.0317710000000933E+001,-1.0317710000000933E+001, 1.0603551056727282E+001
-1.0316710000000933E+001,-1.0316710000000933E+001, 1.0603550944347845E+001
-1.0315710000000934E+001,-1.0315710000000934E+001, 1.0603550831962847E+001
-1.0314710000000934E+001,-1.0314710000000934E+001, 1.0603550719596193E+001
-1.0313710000000935E+001,-1.0313710000000935E+001, 1.0603550607215588E+001
-1.0312710000000935E+001,-1.0312710000000935E+001, 1.0603550494837087E+001
-1.0311710000000936E+001,-1.0311710000000936E+001, 1.0603550382468622E+001
-1.0310710000000936E+001,-1.0310710000000936E+001, 1.0603550270091237E+001
-1.0309710000000937E+001,-1.0309710000000937E+001, 1.0603550157712839E+001
-1.0308710000000938E+001,-1.0308710000000938E+001, 1.0603550045330712E+001
-1.0307710000000938E+001,-1.0307710000000938E+001, 1.0603549932959396E+001
-1.0306710000000939E+001,-1.0306710000000939E+001, 1.0603549820570880E+001
-1.0305710000000939E+001,-1.0305710000000939E+001, 1.0603549708196695E+001
-1.0304710000000940E+001,-1.0304710000000940E+001, 1.0603549595813011E+001
-1.0303710000000940E+001,-1.0303710000000940E+001, 1.0603549483436641E+001
-1.0302710000000941E+001,-1.0302710000000941E+001, 1.0603549371053806E+001
-1.0301710000000941E+001,-1.0301710000000941E+001, 1.0603549258673088E+001
-1.0300710000000942E+001,-1.0300710000000942E+001, 1.0603549146287483E+001
-1.0299710000000943E+001,-1.0299710000000943E+001, 1.0603549033890388E+001
-1.0298710000000943E+001,-1.0298710000000943E+001, 1.0603548921514443E+001
-1.0297710000000944E+001,-1.0297710000000944E+001, 1.0603548809131272E+001
-1.0296710000000944E+001,-1.0296710000000944E+001, 1.0603548696750414E+001
-1.0295710000000945E+001,-1.0295710000000945E+001, 1.0603548584365702E+001
-1.0294710000000945E+001,-1.0294710000000945E+001, 1.0603548471987761E+001
-1.0293710000000946E+001,-1.0293710000000946E+001, 1.0603548359583595E+001
-1.0292710000000946E+001,-1.0292710000000946E+001, 1.0603548247198011E+001
-1.0291710000000947E+001,-1.0291710000000947E+001, 1.0603548134807427E+001
-1.0290710000000947E+001,-1.0290710000000947E+001, 1.0603548022429536E+001
-1.0289710000000948E+001,-1.0289710000000948E+001, 1.0603547910046171E+001
-1.0288710000000949E+001,-1.0288710000000949E+001, 1.0603547797660932E+001
-1.0287710000000949E+001,-1.0287710000000949E+001, 1.0603547685264315E+001
-1.0286710000000950E+001,-1.0286710000000950E+001, 1.0603547572861036E+001
-1.0285710000000950E+001,-1.0285710000000950E+001, 1.0603547460479334E+001
-1.0284710000000951E+001,-1.0284710000000951E+001, 1.0603547348095734E+001
-1.0283710000000951E+001,-1.0283710000000951E+001, 1.0603547235700759E+001
-1.0282710000000952E+001,-1.0282710000000952E+001, 1.0603547123317322E+001
-1.0281710000000952E+001,-1.0281710000000952E+001, 1.0603547010931612E+001
-1.0280710000000953E+001,-1.0280710000000953E+001, 1.0603546898526954E+001
-1.0279710000000954E+001,-1.0279710000000954E+001, 1.0603546786126213E+001
-1.0278710000000954E+001,-1.0278710000000954E+001, 1.0603546673737851E+001
-1.0277710000000955E+001,-1.0277710000000955E+001, 1.0603546561348242E+001
-1.0276710000000955E+001,-1.0276710000000955E+001, 1.0603546448956640E+001
-1.0275710000000956E+001,-1.0275710000000956E+001, 1.0603546336562291E+001
-1.0274710000000956E+001,-1.0274710000000956E+001, 1.0603546224160816E+001
-1.0273710000000957E+001,-1.0273710000000957E+001, 1.0603546111771042E+001
-1.0272710000000957E+001,-1.0272710000000957E+001, 1.0603545999368393E+001
-1.0271710000000958E+001,-1.0271710000000958E+001, 1.0603545886981523E+001
-1.0270710000000959E+001,-1.0270710000000959E+001, 1.0603545774570017E+001
-1.0269710000000959E+001,-1.0269710000000959E+001, 1.0603545662171863E+001
-1.0268710000000960E+001,-1.0268710000000960E+001, 1.0603545549780094E+001
-1.0267710000000960E+001,-1.0267710000000960E+001, 1.0603545437380287E+001
-1.0266710000000961E+001,-1.0266710000000961E+001, 1.0603545324979539E+001
-1.0265710000000961E+001,-1.0265710000000961E+001, 1.0603545212582333E+001
-1.0264710000000962E+001,-1.0264710000000962E+001, 1.0603545100185611E+001
-1.0263710000000962E+001,-1.0263710000000962E+001, 1.0603544987772301E+001
-1.0262710000000963E+001,-1.0262710000000963E+001, 1.0603544875383255E+001
-1.0261710000000964E+001,-1.0261710000000964E+001, 1.0603544762983775E+001
-1.0260710000000964E+001,-1.0260710000000964E+001, 1.0603544650576936E+001
-1.0259710000000965E+001,-1.0259710000000965E+001, 1.0603544538176461E+001
-1.0258710000000965E+001,-1.0258710000000965E+001, 1.0603544425771233E+001
-1.0257710000000966E+001,-1.0257710000000966E+001, 1.0603544313359874E+001
-1.0256710000000966E+001,-1.0256710000000966E+001, 1.0603544200963780E+001
-1.0255710000000967E+001,-1.0255710000000967E+001, 1.0603544088565270E+001
-1.0254710000000967E+001,-1.0254710000000967E+001, 1.0603543976171316E+001
-1.0253710000000968E+001,-1.0253710000000968E+001, 1.0603543863753618E+001
-1.0252710000000969E+001,-1.0252710000000969E+001, 1.0603543751336110E+001
-1.0251710000000969E+001,-1.0251710000000969E+001, 1.0603543638933122E+001
-1.0250710000000970E+001,-1.0250710000000970E+001, 1.0603543526528989E+001
-1.0249710000000970E+001,-1.0249710000000970E+001, 1.0603543414121830E+001
-1.0248710000000971E+001,-1.0248710000000971E+001, 1.0603543301726763E+001
-1.0247710000000971E+001,-1.0247710000000971E+001, 1.0603543189317595E+001
-1.0246710000000972E+001,-1.0246710000000972E+001, 1.0603543076887995E+001
-1.0245710000000972E+001,-1.0245710000000972E+001, 1.0603542964477203E+001
-1.0244710000000973E+001,-1.0244710000000973E+001, 1.0603542852077313E+001
-1.0243710000000974E+001,-1.0243710000000974E+001, 1.0603542739671541E+001
-1.0242710000000974E+001,-1.0242710000000974E+001, 1.0603542627255544E+001
-1.0241710000000975E+001,-1.0241710000000975E+001, 1.0603542514843536E+001
-1.0240710000000975E+001,-1.0240710000000975E+001, 1.0603542402423688E+001
-1.0239710000000976E+001,-1.0239710000000976E+001, 1.0603542290008171E+001
-1.0238710000000976E+001,-1.0238710000000976E+001, 1.0603542177611327E+001
-1.0237710000000977E+001,-1.0237710000000977E+001, 1.0603542065181690E+001
-1.0236710000000977E+001,-1.0236710000000977E+001, 1.0603541952790295E+001
-1.0235710000000978E+001,-1.0235710000000978E+001, 1.0603541840353877E+001
-1.0234710000000979E+001,-1.0234710000000979E+001, 1.0603541727949290E+001
-1.0233710000000979E+001,-1.0233710000000979E+001, 1.0603541615544154E+001
-1.0232710000000980E+001,-1.0232710000000980E+001, 1.0603541503123415E+001
-1.0231710000000980E+001,-1.0231710000000980E+001, 1.0603541390696144E+001
-1.0230710000000981E+001,-1.0230710000000981E+001, 1.0603541278292457E+001
-1.0229710000000981E+001,-1.0229710000000981E+001, 1.0603541165866424E+001
-1.0228710000000982E+001,-1.0228710000000982E+001, 1.0603541053451822E+001
-1.0227710000000982E+001,-1.0227710000000982E+001, 1.0603540941027344E+001
-1.0226710000000983E+001,-1.0226710000000983E+001, 1.0603540828622050E+001
-1.0225710000000984E+001,-1.0225710000000984E+001, 1.0603540716201881E+001
-1.0224710000000984E+001,-1.0224710000000984E+001, 1.0603540603785760E+001
-1.0223710000000985E+001,-1.0223710000000985E+001, 1.0603540491346923E+001
-1.0222710000000985E+001,-1.0222710000000985E+001, 1.0603540378925498E+001
-1.0221710000000986E+001,-1.0221710000000986E+001, 1.0603540266511589E+001
-1.0220710000000986E+001,-1.0220710000000986E+001, 1.0603540154085724E+001
-1.0219710000000987E+001,-1.0219710000000987E+001, 1.0603540041671327E+001
-1.0218710000000987E+001,-1.0218710000000987E+001, 1.0603539929249346E+001
-1.0217710000000988E+001,-1.0217710000000988E+001, 1.0603539816809217E+001
-1.0216710000000989E+001,-1.0216710000000989E+001, 1.0603539704396582E+001
-1.0215710000000989E+001,-1.0215710000000989E+001, 1.0603539591972616E+001
-1.0214710000000990E+001,-1.0214710000000990E+001, 1.0603539479557179E+001
-1.0213710000000990E+001,-1.0213710000000990E+001, 1.0603539367131754E+001
-1.0212710000000991E+001,-1.0212710000000991E+001, 1.0603539254690169E+001
-1.0211710000000991E+001,-1.0211710000000991E+001, 1.0603539142268765E+001
-1.0210710000000992E+001,-1.0210710000000992E+001, 1.0603539029841109E+001
-1.0209710000000992E+001,-1.0209710000000992E+001, 1.0603538917423158E+001
-1.0208710000000993E+001,-1.0208710000000993E+001, 1.0603538804995264E+001
-1.0207710000000993E+001,-1.0207710000000993E+001, 1.0603538692575931E+001
-1.0206710000000994E+001,-1.0206710000000994E+001, 1.0603538580137066E+001
-1.0205710000000995E+001,-1.0205710000000995E+001, 1.0603538467691484E+001
-1.0204710000000995E+001,-1.0204710000000995E+001, 1.0603538355274775E+001
-1.0203710000000996E+001,-1.0203710000000996E+001, 1.0603538242842564E+001
-1.0202710000000996E+001,-1.0202710000000996E+001, 1.0603538130416668E+001
-1.0201710000000997E+001,-1.0201710000000997E+001, 1.0603538017995369E+001
-1.0200710000000997E+001,-1.0200710000000997E+001, 1.0603537905541710E+001
-1.0199710000000998E+001,-1.0199710000000998E+001, 1.0603537793113759E+001
-1.0198710000000998E+001,-1.0198710000000998E+001, 1.0603537680687332E+001
-1.0197710000000999E+001,-1.0197710000000999E+001, 1.0603537568265560E+001
-1.0196710000001000E+001,-1.0196710000001000E+001, 1.0603537455831699E+001
-1.0195710000001000E+001,-1.0195710000001000E+001, 1.0603537343385812E+001
-1.0194710000001001E+001,-1.0194710000001001E+001, 1.0603537230953714E+001
-1.0193710000001001E+001,-1.0193710000001001E+001, 1.0603537118517428E+001
-1.0192710000001002E+001,-1.0192710000001002E+001, 1.0603537006083352E+001
-1.0191710000001002E+001,-1.0191710000001002E+001, 1.0603536893651937E+001
-1.0190710000001003E+001,-1.0190710000001003E+001, 1.0603536781220932E+001
-1.0189710000001003E+001,-1.0189710000001003E+001, 1.0603536668784002E+001
-1.0188710000001004E+001,-1.0188710000001004E+001, 1.0603536556330242E+001
-1.0187710000001005E+001,-1.0187710000001005E+001, 1.0603536443897433E+001
-1.0186710000001005E+001,-1.0186710000001005E+001, 1.0603536331457374E+001
-1.0185710000001006E+001,-1.0185710000001006E+001, 1.0603536219024697E+001
-1.0184710000001006E+001,-1.0184710000001006E+001, 1.0603536106581281E+001
-1.0183710000001007E+001,-1.0183710000001007E+001, 1.0603535994135486E+001
-1.0182710000001007E+001,-1.0182710000001007E+001, 1.0603535881698564E+001
-1.0181710000001008E+001,-1.0181710000001008E+001, 1.0603535769270895E+001
-1.0180710000001008E+001,-1.0180710000001008E+001, 1.0603535656824915E+001
-1.0179710000001009E+001,-1.0179710000001009E+001, 1.0603535544376346E+001
-1.0178710000001010E+001,-1.0178710000001010E+001, 1.0603535431936605E+001
-1.0177710000001010E+001,-1.0177710000001010E+001, 1.0603535319482605E+001
-1.0176710000001011E+001,-1.0176710000001011E+001, 1.0603535207056208E+001
-1.0175710000001011E+001,-1.0175710000001011E+001, 1.0603535094600574E+001
-1.0174710000001012E+001,-1.0174710000001012E+001, 1.0603534982163167E+001
-1.0173710000001012E+001,-1.0173710000001012E+001, 1.0603534869729028E+001
-1.0172710000001013E+001,-1.0172710000001013E+001, 1.0603534757265532E+001
-1.0171710000001013E+001,-1.0171710000001013E+001, 1.0603534644814172E+001
-1.0170710000001014E+001,-1.0170710000001014E+001, 1.0603534532384812E+001
-1.0169710000001015E+001,-1.0169710000001015E+001, 1.0603534419942934E+001
-1.0168710000001015E+001,-1.0168710000001015E+001, 1.0603534307489326E+001
-1.0167710000001016E+001,-1.0167710000001016E+001, 1.0603534195046235E+001
-1.0166710000001016E+001,-1.0166710000001016E+001, 1.0603534082595520E+001
-1.0165710000001017E+001,-1.0165710000001017E+001, 1.0603533970139289E+001
-1.0164710000001017E+001,-1.0164710000001017E+001, 1.0603533857693050E+001
-1.0163710000001018E+001,-1.0163710000001018E+001, 1.0603533745247493E+001
-1.0162710000001018E+001,-1.0162710000001018E+001, 1.0603533632804599E+001
-1.0161710000001019E+001,-1.0161710000001019E+001, 1.0603533520350485E+001
-1.0160710000001020E+001,-1.0160710000001020E+001, 1.0603533407903624E+001
-1.0159710000001020E+001,-1.0159710000001020E+001, 1.0603533295434136E+001
-1.0158710000001021E+001,-1.0158710000001021E+001, 1.0603533182990658E+001
-1.0157710000001021E+001,-1.0157710000001021E+001, 1.0603533070538132E+001
-1.0156710000001022E+001,-1.0156710000001022E+001, 1.0603532958088593E+001
-1.0155710000001022E+001,-1.0155710000001022E+001, 1.0603532845631204E+001
-1.0154710000001023E+001,-1.0154710000001023E+001, 1.0603532733181448E+001
-1.0153710000001023E+001,-1.0153710000001023E+001, 1.0603532620723660E+001
-1.0152710000001024E+001,-1.0152710000001024E+001, 1.0603532508264957E+001
-1.0151710000001025E+001,-1.0151710000001025E+001, 1.0603532395805491E+001
-1.0150710000001025E+001,-1.0150710000001025E+001, 1.0603532283368832E+001
-1.0149710000001026E+001,-1.0149710000001026E+001, 1.0603532170902504E+001
-1.0148710000001026E+001,-1.0148710000001026E+001, 1.0603532058439743E+001
-1.0147710000001027E+001,-1.0147710000001027E+001, 1.0603531945981763E+001
-1.0146710000001027E+001,-1.0146710000001027E+001, 1.0603531833523231E+001
-1.0145710000001028E+001,-1.0145710000001028E+001, 1.0603531721075633E+001
-1.0144710000001028E+001,-1.0144710000001028E+001, 1.0603531608625733E+001
-1.0143710000001029E+001,-1.0143710000001029E+001, 1.0603531496150554E+001
-1.0142710000001030E+001,-1.0142710000001030E+001, 1.0603531383688708E+001
-1.0141710000001030E+001,-1.0141710000001030E+001, 1.0603531271236266E+001
-1.0140710000001031E+001,-1.0140710000001031E+001, 1.0603531158772855E+001
-1.0139710000001031E+001,-1.0139710000001031E+001, 1.0603531046313686E+001
-1.0138710000001032E+001,-1.0138710000001032E+001, 1.0603530933855014E+001
-1.0137710000001032E+001,-1.0137710000001032E+001, 1.0603530821390358E+001
-1.0136710000001033E+001,-1.0136710000001033E+001, 1.0603530708919489E+001
-1.0135710000001033E+001,-1.0135710000001033E+001, 1.0603530596467968E+001
-1.0134710000001034E+001,-1.0134710000001034E+001, 1.0603530484003821E+001
-1.0133710000001035E+001,-1.0133710000001035E+001, 1.0603530371546853E+001
-1.0132710000001035E+001,-1.0132710000001035E+001, 1.0603530259068275E+001
-1.0131710000001036E+001,-1.0131710000001036E+001, 1.0603530146608421E+001
-1.0130710000001036E+001,-1.0130710000001036E+001, 1.0603530034136950E+001
-1.0129710000001037E+001,-1.0129710000001037E+001, 1.0603529921671736E+001
-1.0128710000001037E+001,-1.0128710000001037E+001, 1.0603529809208325E+001
-1.0127710000001038E+001,-1.0127710000001038E+001, 1.0603529696742017E+001
-1.0126710000001038E+001,-1.0126710000001038E+001, 1.0603529584268621E+001
-1.0125710000001039E+001,-1.0125710000001039E+001, 1.0603529471801570E+001
-1.0124710000001039E+001,-1.0124710000001039E+001, 1.0603529359330089E+001
-1.0123710000001040E+001,-1.0123710000001040E+001, 1.0603529246866088E+001
-1.0122710000001041E+001,-1.0122710000001041E+001, 1.0603529134394339E+001
-1.0121710000001041E+001,-1.0121710000001041E+001, 1.0603529021932259E+001
-1.0120710000001042E+001,-1.0120710000001042E+001, 1.0603528909460245E+001
-1.0119710000001042E+001,-1.0119710000001042E+001, 1.0603528796973276E+001
-1.0118710000001043E+001,-1.0118710000001043E+001, 1.0603528684503303E+001
-1.0117710000001043E+001,-1.0117710000001043E+001, 1.0603528572039576E+001
-1.0116710000001044E+001,-1.0116710000001044E+001, 1.0603528459571347E+001
-1.0115710000001044E+001,-1.0115710000001044E+001, 1.0603528347090410E+001
-1.0114710000001045E+001,-1.0114710000001045E+001, 1.0603528234618947E+001
-1.0113710000001046E+001,-1.0113710000001046E+001, 1.0603528122152444E+001
-1.0112710000001046E+001,-1.0112710000001046E+001, 1.0603528009679113E+001
-1.0111710000001047E+001,-1.0111710000001047E+001, 1.0603527897193260E+001
-1.0110710000001047E+001,-1.0110710000001047E+001, 1.0603527784723216E+001
-1.0109710000001048E+001,-1.0109710000001048E+001, 1.0603527672248733E+001
-1.0108710000001048E+001,-1.0108710000001048E+001, 1.0603527559770395E+001
-1.0107710000001049E+001,-1.0107710000001049E+001, 1.0603527447295271E+001
-1.0106710000001049E+001,-1.0106710000001049E+001, 1.0603527334813279E+001
-1.0105710000001050E+001,-1.0105710000001050E+001, 1.0603527222337950E+001
-1.0104710000001051E+001,-1.0104710000001051E+001, 1.0603527109865205E+001
-1.0103710000001051E+001,-1.0103710000001051E+001, 1.0603526997373919E+001
-1.0102710000001052E+001,-1.0102710000001052E+001, 1.0603526884903534E+001
-1.0101710000001052E+001,-1.0101710000001052E+001, 1.0603526772422615E+001
-1.0100710000001053E+001,-1.0100710000001053E+001, 1.0603526659950234E+001
-1.0099710000001053E+001,-1.0099710000001053E+001, 1.0603526547461557E+001
-1.0098710000001054E+001,-1.0098710000001054E+001, 1.0603526434964037E+001
-1.0097710000001054E+001,-1.0097710000001054E+001, 1.0603526322504946E+001
-1.0096710000001055E+001,-1.0096710000001055E+001, 1.0603526210020018E+001
-1.0095710000001056E+001,-1.0095710000001056E+001, 1.0603526097527196E+001
-1.0094710000001056E+001,-1.0094710000001056E+001, 1.0603525985050311E+001
-1.0093710000001057E+001,-1.0093710000001057E+001, 1.0603525872571305E+001
-1.0092710000001057E+001,-1.0092710000001057E+001, 1.0603525760073058E+001
-1.0091710000001058E+001,-1.0091710000001058E+001, 1.0603525647603565E+001
-1.0090710000001058E+001,-1.0090710000001058E+001, 1.0603525535112176E+001
-1.0089710000001059E+001,-1.0089710000001059E+001, 1.0603525422618041E+001
-1.0088710000001059E+001,-1.0088710000001059E+001, 1.0603525310137035E+001
-1.0087710000001060E+001,-1.0087710000001060E+001, 1.0603525197664426E+001
-1.0086710000001061E+001,-1.0086710000001061E+001, 1.0603525085164605E+001
-1.0085710000001061E+001,-1.0085710000001061E+001, 1.0603524972681370E+001
-1.0084710000001062E+001,-1.0084710000001062E+001, 1.0603524860179121E+001
-1.0083710000001062E+001,-1.0083710000001062E+001, 1.0603524747706039E+001
-1.0082710000001063E+001,-1.0082710000001063E+001, 1.0603524635217411E+001
-1.0081710000001063E+001,-1.0081710000001063E+001, 1.0603524522725539E+001
-1.0080710000001064E+001,-1.0080710000001064E+001, 1.0603524410231865E+001
-1.0079710000001064E+001,-1.0079710000001064E+001, 1.0603524297736158E+001
-1.0078710000001065E+001,-1.0078710000001065E+001, 1.0603524185237703E+001
-1.0077710000001066E+001,-1.0077710000001066E+001, 1.0603524072747057E+001
-1.0076710000001066E+001,-1.0076710000001066E+001, 1.0603523960267628E+001
-1.0075710000001067E+001,-1.0075710000001067E+001, 1.0603523847777302E+001
-1.0074710000001067E+001,-1.0074710000001067E+001, 1.0603523735282636E+001
-1.0073710000001068E+001,-1.0073710000001068E+001, 1.0603523622789414E+001
-1.0072710000001068E+001,-1.0072710000001068E+001, 1.0603523510286967E+001
-1.0071710000001069E+001,-1.0071710000001069E+001, 1.0603523397788798E+001
-1.0070710000001069E+001,-1.0070710000001069E+001, 1.0603523285305041E+001
-1.0069710000001070E+001,-1.0069710000001070E+001, 1.0603523172804167E+001
-1.0068710000001071E+001,-1.0068710000001071E+001, 1.0603523060312632E+001
-1.0067710000001071E+001,-1.0067710000001071E+001, 1.0603522947832364E+001
-1.0066710000001072E+001,-1.0066710000001072E+001, 1.0603522835312397E+001
-1.0065710000001072E+001,-1.0065710000001072E+001, 1.0603522722824430E+001
-1.0064710000001073E+001,-1.0064710000001073E+001, 1.0603522610324319E+001
-1.0063710000001073E+001,-1.0063710000001073E+001, 1.0603522497825107E+001
-1.0062710000001074E+001,-1.0062710000001074E+001, 1.0603522385328562E+001
-1.0061710000001074E+001,-1.0061710000001074E+001, 1.0603522272827114E+001
-1.0060710000001075E+001,-1.0060710000001075E+001, 1.0603522160332131E+001
-1.0059710000001076E+001,-1.0059710000001076E+001, 1.0603522047820785E+001
-1.0058710000001076E+001,-1.0058710000001076E+001, 1.0603521935325086E+001
-1.0057710000001077E+001,-1.0057710000001077E+001, 1.0603521822819955E+001
-1.0056710000001077E+001,-1.0056710000001077E+001, 1.0603521710323388E+001
-1.0055710000001078E+001,-1.0055710000001078E+001, 1.0603521597820894E+001
-1.0054710000001078E+001,-1.0054710000001078E+001, 1.0603521485319789E+001
-1.0053710000001079E+001,-1.0053710000001079E+001, 1.0603521372814754E+001
-1.0052710000001079E+001,-1.0052710000001079E+001, 1.0603521260307875E+001
-1.0051710000001080E+001,-1.0051710000001080E+001, 1.0603521147806873E+001
-1.0050710000001081E+001,-1.0050710000001081E+001, 1.0603521035308393E+001
-1.0049710000001081E+001,-1.0049710000001081E+001, 1.0603520922794427E+001
-1.0048710000001082E+001,-1.0048710000001082E+001, 1.0603520810289830E+001
-1.0047710000001082E+001,-1.0047710000001082E+001, 1.0603520697793469E+001
-1.0046710000001083E+001,-1.0046710000001083E+001, 1.0603520585273239E+001
-1.0045710000001083E+001,-1.0045710000001083E+001, 1.0603520472765386E+001
-1.0044710000001084E+001,-1.0044710000001084E+001, 1.0603520360259562E+001
-1.0043710000001084E+001,-1.0043710000001084E+001, 1.0603520247745557E+001
-1.0042710000001085E+001,-1.0042710000001085E+001, 1.0603520135248509E+001
-1.0041710000001085E+001,-1.0041710000001085E+001, 1.0603520022745359E+001
-1.0040710000001086E+001,-1.0040710000001086E+001, 1.0603519910226085E+001
-1.0039710000001087E+001,-1.0039710000001087E+001, 1.0603519797718469E+001
-1.0038710000001087E+001,-1.0038710000001087E+001, 1.0603519685212623E+001
-1.0037710000001088E+001,-1.0037710000001088E+001, 1.0603519572698854E+001
-1.0036710000001088E+001,-1.0036710000001088E+001, 1.0603519460180781E+001
-1.0035710000001089E+001,-1.0035710000001089E+001, 1.0603519347666209E+001
-1.0034710000001089E+001,-1.0034710000001089E+001, 1.0603519235159673E+001
-1.0033710000001090E+001,-1.0033710000001090E+001, 1.0603519122648439E+001
-1.0032710000001090E+001,-1.0032710000001090E+001, 1.0603519010131070E+001
-1.0031710000001091E+001,-1.0031710000001091E+001, 1.0603518897615812E+001
-1.0030710000001092E+001,-1.0030710000001092E+001, 1.0603518785105523E+001
-1.0029710000001092E+001,-1.0029710000001092E+001, 1.0603518672582815E+001
-1.0028710000001093E+001,-1.0028710000001093E+001, 1.0603518560071922E+001
-1.0027710000001093E+001,-1.0027710000001093E+001, 1.0603518447555468E+001
-1.0026710000001094E+001,-1.0026710000001094E+001, 1.0603518335029495E+001
-1.0025710000001094E+001,-1.0025710000001094E+001, 1.0603518222524778E+001
-1.0024710000001095E+001,-1.0024710000001095E+001, 1.0603518110010777E+001
-1.0023710000001095E+001,-1.0023710000001095E+001, 1.0603517997493508E+001
-1.0022710000001096E+001,-1.0022710000001096E+001, 1.0603517884968099E+001
-1.0021710000001097E+001,-1.0021710000001097E+001, 1.0603517772458664E+001
-1.0020710000001097E+001,-1.0020710000001097E+001, 1.0603517659926858E+001
-1.0019710000001098E+001,-1.0019710000001098E+001, 1.0603517547409520E+001
-1.0018710000001098E+001,-1.0018710000001098E+001, 1.0603517434888712E+001
-1.0017710000001099E+001,-1.0017710000001099E+001, 1.0603517322371401E+001
-1.0016710000001099E+001,-1.0016710000001099E+001, 1.0603517209847233E+001
-1.0015710000001100E+001,-1.0015710000001100E+001, 1.0603517097327430E+001
-1.0014710000001100E+001,-1.0014710000001100E+001, 1.0603516984813428E+001
-1.0013710000001101E+001,-1.0013710000001101E+001, 1.0603516872287315E+001
-1.0012710000001102E+001,-1.0012710000001102E+001, 1.0603516759750519E+001
-1.0011710000001102E+001,-1.0011710000001102E+001, 1.0603516647239152E+001
-1.0010710000001103E+001,-1.0010710000001103E+001, 1.0603516534710121E+001
-1.0009710000001103E+001,-1.0009710000001103E+001, 1.0603516422195668E+001
-1.0008710000001104E+001,-1.0008710000001104E+001, 1.0603516309666171E+001
-1.0007710000001104E+001,-1.0007710000001104E+001, 1.0603516197131153E+001
-1.0006710000001105E+001,-1.0006710000001105E+001, 1.0603516084602544E+001
-1.0005710000001105E+001,-1.0005710000001105E+001, 1.0603515972079085E+001
-1.0004710000001106E+001,-1.0004710000001106E+001, 1.0603515859562439E+001
-1.0003710000001107E+001,-1.0003710000001107E+001, 1.0603515747028453E+001
-1.0002710000001107E+001,-1.0002710000001107E+001, 1.0603515634504770E+001
-1.0001710000001108E+001,-1.0001710000001108E+001, 1.0603515521960578E+001
-1.0000710000001108E+001,-1.0000710000001108E+001, 1.0603515409434161E+001
-9.9997100000011088E+000,-9.9997100000011088E+000, 1.0603515296916038E+001
-9.9987100000011093E+000,-9.9987100000011093E+000, 1.0603515184382875E+001
-9.9977100000011099E+000,-9.9977100000011099E+000, 1.0603515071850538E+001
-9.9967100000011104E+000,-9.9967100000011104E+000, 1.0603514959320830E+001
-9.9957100000011110E+000,-9.9957100000011110E+000, 1.0603514846788251E+001
-9.9947100000011115E+000,-9.9947100000011115E+000, 1.0603514734250576E+001
-9.9937100000011121E+000,-9.9937100000011121E+000, 1.0603514621722933E+001
-9.9927100000011126E+000,-9.9927100000011126E+000, 1.0603514509201275E+001
-9.9917100000011132E+000,-9.9917100000011132E+000, 1.0603514396655664E+001
-9.9907100000011138E+000,-9.9907100000011138E+000, 1.0603514284127707E+001
-9.9897100000011143E+000,-9.9897100000011143E+000, 1.0603514171584793E+001
-9.9887100000011149E+000,-9.9887100000011149E+000, 1.0603514059055566E+001
-9.9877100000011154E+000,-9.9877100000011154E+000, 1.0603513946514550E+001
-9.9867100000011160E+000,-9.9867100000011160E+000, 1.0603513833984064E+001
-9.9857100000011165E+000,-9.9857100000011165E+000, 1.0603513721445633E+001
-9.9847100000011171E+000,-9.9847100000011171E+000, 1.0603513608910859E+001
-9.9837100000011176E+000,-9.9837100000011176E+000, 1.0603513496374225E+001
-9.9827100000011182E+000,-9.9827100000011182E+000, 1.0603513383834846E+001
-9.9817100000011187E+000,-9.9817100000011187E+000, 1.0603513271302015E+001
-9.9807100000011193E+000,-9.9807100000011193E+000, 1.0603513158760387E+001
-9.9797100000011199E+000,-9.9797100000011199E+000, 1.0603513046210198E+001
-9.9787100000011204E+000,-9.9787100000011204E+000, 1.0603512933675912E+001
-9.9777100000011210E+000,-9.9777100000011210E+000, 1.0603512821136528E+001
-9.9767100000011215E+000,-9.9767100000011215E+000, 1.0603512708605587E+001
-9.9757100000011221E+000,-9.9757100000011221E+000, 1.0603512596055330E+001
-9.9747100000011226E+000,-9.9747100000011226E+000, 1.0603512483512041E+001
-9.9737100000011232E+000,-9.9737100000011232E+000, 1.0603512370977919E+001
-9.9727100000011237E+000,-9.9727100000011237E+000, 1.0603512258426516E+001
-9.9717100000011243E+000,-9.9717100000011243E+000, 1.0603512145880126E+001
-9.9707100000011248E+000,-9.9707100000011248E+000, 1.0603512033336544E+001
-9.9697100000011254E+000,-9.9697100000011254E+000, 1.0603511920803012E+001
-9.9687100000011259E+000,-9.9687100000011259E+000, 1.0603511808240299E+001
-9.9677100000011265E+000,-9.9677100000011265E+000, 1.0603511695699382E+001
-9.9667100000011271E+000,-9.9667100000011271E+000, 1.0603511583156283E+001
-9.9657100000011276E+000,-9.9657100000011276E+000, 1.0603511470604110E+001
-9.9647100000011282E+000,-9.9647100000011282E+000, 1.0603511358067852E+001
-9.9637100000011287E+000,-9.9637100000011287E+000, 1.0603511245525178E+001
-9.9627100000011293E+000,-9.9627100000011293E+000, 1.0603511132970960E+001
-9.9617100000011298E+000,-9.9617100000011298E+000, 1.0603511020409050E+001
-9.9607100000011304E+000,-9.9607100000011304E+000, 1.0603510907869742E+001
-9.9597100000011309E+000,-9.9597100000011309E+000, 1.0603510795324249E+001
-9.9587100000011315E+000,-9.9587100000011315E+000, 1.0603510682777827E+001
-9.9577100000011320E+000,-9.9577100000011320E+000, 1.0603510570230698E+001
-9.9567100000011326E+000,-9.9567100000011326E+000, 1.0603510457676549E+001
-9.9557100000011332E+000,-9.9557100000011332E+000, 1.0603510345116900E+001
-9.9547100000011337E+000,-9.9547100000011337E+000, 1.0603510232557639E+001
-9.9537100000011343E+000,-9.9537100000011343E+000, 1.0603510120017965E+001
-9.9527100000011348E+000,-9.9527100000011348E+000, 1.0603510007465673E+001
-9.9517100000011354E+000,-9.9517100000011354E+000, 1.0603509894915266E+001
-9.9507100000011359E+000,-9.9507100000011359E+000, 1.0603509782358937E+001
-9.9497100000011365E+000,-9.9497100000011365E+000, 1.0603509669792093E+001
-9.9487100000011370E+000,-9.9487100000011370E+000, 1.0603509557239109E+001
-9.9477100000011376E+000,-9.9477100000011376E+000, 1.0603509444688264E+001
-9.9467100000011381E+000,-9.9467100000011381E+000, 1.0603509332134481E+001
-9.9457100000011387E+000,-9.9457100000011387E+000, 1.0603509219577944E+001
-9.9447100000011392E+000,-9.9447100000011392E+000, 1.0603509107016304E+001
-9.9437100000011398E+000,-9.9437100000011398E+000, 1.0603508994465413E+001
-9.9427100000011404E+000,-9.9427100000011404E+000, 1.0603508881908937E+001
-9.9417100000011409E+000,-9.9417100000011409E+000, 1.0603508769353880E+001
-9.9407100000011415E+000,-9.9407100000011415E+000, 1.0603508656802488E+001
-9.9397100000011420E+000,-9.9397100000011420E+000, 1.0603508544231030E+001
-9.9387100000011426E+000,-9.9387100000011426E+000, 1.0603508431675396E+001
-9.9377100000011431E+000,-9.9377100000011431E+000, 1.0603508319108009E+001
-9.9367100000011437E+000,-9.9367100000011437E+000, 1.0603508206554473E+001
-9.9357100000011442E+000,-9.9357100000011442E+000, 1.0603508093992113E+001
-9.9347100000011448E+000,-9.9347100000011448E+000, 1.0603507981444718E+001
-9.9337100000011453E+000,-9.9337100000011453E+000, 1.0603507868866290E+001
-9.9327100000011459E+000,-9.9327100000011459E+000, 1.0603507756306332E+001
-9.9317100000011465E+000,-9.9317100000011465E+000, 1.0603507643743324E+001
-9.9307100000011470E+000,-9.9307100000011470E+000, 1.0603507531183546E+001
-9.9297100000011476E+000,-9.9297100000011476E+000, 1.0603507418609599E+001
-9.9287100000011481E+000,-9.9287100000011481E+000, 1.0603507306053359E+001
-9.9277100000011487E+000,-9.9277100000011487E+000, 1.0603507193484486E+001
-9.9267100000011492E+000,-9.9267100000011492E+000, 1.0603507080916454E+001
-9.9257100000011498E+000,-9.9257100000011498E+000, 1.0603506968359691E+001
-9.9247100000011503E+000,-9.9247100000011503E+000, 1.0603506855797374E+001
-9.9237100000011509E+000,-9.9237100000011509E+000, 1.0603506743221255E+001
-9.9227100000011514E+000,-9.9227100000011514E+000, 1.0603506630658860E+001
-9.9217100000011520E+000,-9.9217100000011520E+000, 1.0603506518083366E+001
-9.9207100000011526E+000,-9.9207100000011526E+000, 1.0603506405506010E+001
-9.9197100000011531E+000,-9.9197100000011531E+000, 1.0603506292952144E+001
-9.9187100000011537E+000,-9.9187100000011537E+000, 1.0603506180386844E+001
-9.9177100000011542E+000,-9.9177100000011542E+000, 1.0603506067821444E+001
-9.9167100000011548E+000,-9.9167100000011548E+000, 1.0603505955241443E+001
-9.9157100000011553E+000,-9.9157100000011553E+000, 1.0603505842666813E+001
-9.9147100000011559E+000,-9.9147100000011559E+000, 1.0603505730093751E+001
-9.9137100000011564E+000,-9.9137100000011564E+000, 1.0603505617521069E+001
-9.9127100000011570E+000,-9.9127100000011570E+000, 1.0603505504957290E+001
-9.9117100000011575E+000,-9.9117100000011575E+000, 1.0603505392389151E+001
-9.9107100000011581E+000,-9.9107100000011581E+000, 1.0603505279810275E+001
-9.9097100000011586E+000,-9.9097100000011586E+000, 1.0603505167220732E+001
-9.9087100000011592E+000,-9.9087100000011592E+000, 1.0603505054654939E+001
-9.9077100000011598E+000,-9.9077100000011598E+000, 1.0603504942087023E+001
-9.9067100000011603E+000,-9.9067100000011603E+000, 1.0603504829511030E+001
-9.9057100000011609E+000,-9.9057100000011609E+000, 1.0603504716942382E+001
-9.9047100000011614E+000,-9.9047100000011614E+000, 1.0603504604358411E+001
-9.9037100000011620E+000,-9.9037100000011620E+000, 1.0603504491772194E+001
-9.9027100000011625E+000,-9.9027100000011625E+000, 1.0603504379200135E+001
-9.9017100000011631E+000,-9.9017100000011631E+000, 1.0603504266622631E+001
-9.9007100000011636E+000,-9.9007100000011636E+000, 1.0603504154052805E+001
-9.8997100000011642E+000,-9.8997100000011642E+000, 1.0603504041472977E+001
-9.8987100000011647E+000,-9.8987100000011647E+000, 1.0603503928885541E+001
-9.8977100000011653E+000,-9.8977100000011653E+000, 1.0603503816299414E+001
-9.8967100000011659E+000,-9.8967100000011659E+000, 1.0603503703728578E+001
-9.8957100000011664E+000,-9.8957100000011664E+000, 1.0603503591151329E+001
-9.8947100000011670E+000,-9.8947100000011670E+000, 1.0603503478576439E+001
-9.8937100000011675E+000,-9.8937100000011675E+000, 1.0603503365996669E+001
-9.8927100000011681E+000,-9.8927100000011681E+000, 1.0603503253409414E+001
-9.8917100000011686E+000,-9.8917100000011686E+000, 1.0603503140824550E+001
-9.8907100000011692E+000,-9.8907100000011692E+000, 1.0603503028240052E+001
-9.8897100000011697E+000,-9.8897100000011697E+000, 1.0603502915651914E+001
-9.8887100000011703E+000,-9.8887100000011703E+000, 1.0603502803074550E+001
-9.8877100000011708E+000,-9.8877100000011708E+000, 1.0603502690486296E+001
-9.8867100000011714E+000,-9.8867100000011714E+000, 1.0603502577893675E+001
-9.8857100000011719E+000,-9.8857100000011719E+000, 1.0603502465324739E+001
-9.8847100000011725E+000,-9.8847100000011725E+000, 1.0603502352724139E+001
-9.8837100000011731E+000,-9.8837100000011731E+000, 1.0603502240141946E+001
-9.8827100000011736E+000,-9.8827100000011736E+000, 1.0603502127559695E+001
-9.8817100000011742E+000,-9.8817100000011742E+000, 1.0603502014964892E+001
-9.8807100000011747E+000,-9.8807100000011747E+000, 1.0603501902375550E+001
-9.8797100000011753E+000,-9.8797100000011753E+000, 1.0603501789797374E+001
-9.8787100000011758E+000,-9.8787100000011758E+000, 1.0603501677214592E+001
-9.8777100000011764E+000,-9.8777100000011764E+000, 1.0603501564617304E+001
-9.8767100000011769E+000,-9.8767100000011769E+000, 1.0603501452030478E+001
-9.8757100000011775E+000,-9.8757100000011775E+000, 1.0603501339435699E+001
-9.8747100000011780E+000,-9.8747100000011780E+000, 1.0603501226847591E+001
-9.8737100000011786E+000,-9.8737100000011786E+000, 1.0603501114243109E+001
-9.8727100000011792E+000,-9.8727100000011792E+000, 1.0603501001675536E+001
-9.8717100000011797E+000,-9.8717100000011797E+000, 1.0603500889080028E+001
-9.8707100000011803E+000,-9.8707100000011803E+000, 1.0603500776483852E+001
-9.8697100000011808E+000,-9.8697100000011808E+000, 1.0603500663879370E+001
-9.8687100000011814E+000,-9.8687100000011814E+000, 1.0603500551281531E+001
-9.8677100000011819E+000,-9.8677100000011819E+000, 1.0603500438693835E+001
-9.8667100000011825E+000,-9.8667100000011825E+000, 1.0603500326094220E+001
-9.8657100000011830E+000,-9.8657100000011830E+000, 1.0603500213516739E+001
-9.8647100000011836E+000,-9.8647100000011836E+000, 1.0603500100896884E+001
-9.8637100000011841E+000,-9.8637100000011841E+000, 1.0603499988302396E+001
-9.8627100000011847E+000,-9.8627100000011847E+000, 1.0603499875712451E+001
-9.8617100000011853E+000,-9.8617100000011853E+000, 1.0603499763123265E+001
-9.8607100000011858E+000,-9.8607100000011858E+000, 1.0603499650519508E+001
-9.8597100000011864E+000,-9.8597100000011864E+000, 1.0603499537930480E+001
-9.8587100000011869E+000,-9.8587100000011869E+000, 1.0603499425319765E+001
-9.8577100000011875E+000,-9.8577100000011875E+000, 1.0603499312718487E+001
-9.8567100000011880E+000,-9.8567100000011880E+000, 1.0603499200117895E+001
-9.8557100000011886E+000,-9.8557100000011886E+000, 1.0603499087522939E+001
-9.8547100000011891E+000,-9.8547100000011891E+000, 1.0603498974929822E+001
-9.8537100000011897E+000,-9.8537100000011897E+000, 1.0603498862336080E+001
-9.8527100000011902E+000,-9.8527100000011902E+000, 1.0603498749712793E+001
-9.8517100000011908E+000,-9.8517100000011908E+000, 1.0603498637104707E+001
-9.8507100000011913E+000,-9.8507100000011913E+000, 1.0603498524519008E+001
-9.8497100000011919E+000,-9.8497100000011919E+000, 1.0603498411923793E+001
-9.8487100000011925E+000,-9.8487100000011925E+000, 1.0603498299314955E+001
-9.8477100000011930E+000,-9.8477100000011930E+000, 1.0603498186703657E+001
-9.8467100000011936E+000,-9.8467100000011936E+000, 1.0603498074093883E+001
-9.8457100000011941E+000,-9.8457100000011941E+000, 1.0603497961488506E+001
-9.8447100000011947E+000,-9.8447100000011947E+000, 1.0603497848882899E+001
-9.8437100000011952E+000,-9.8437100000011952E+000, 1.0603497736287201E+001
-9.8427100000011958E+000,-9.8427100000011958E+000, 1.0603497623685872E+001
-9.8417100000011963E+000,-9.8417100000011963E+000, 1.0603497511078384E+001
-9.8407100000011969E+000,-9.8407100000011969E+000, 1.0603497398474968E+001
-9.8397100000011974E+000,-9.8397100000011974E+000, 1.0603497285845787E+001
-9.8387100000011980E+000,-9.8387100000011980E+000, 1.0603497173241553E+001
-9.8377100000011986E+000,-9.8377100000011986E+000, 1.0603497060635487E+001
-9.8367100000011991E+000,-9.8367100000011991E+000, 1.0603496948039364E+001
-9.8357100000011997E+000,-9.8357100000011997E+000, 1.0603496835424654E+001
-9.8347100000012002E+000,-9.8347100000012002E+000, 1.0603496722802252E+001
-9.8337100000012008E+000,-9.8337100000012008E+000, 1.0603496610203178E+001
-9.8327100000012013E+000,-9.8327100000012013E+000, 1.0603496497593925E+001
-9.8317100000012019E+000,-9.8317100000012019E+000, 1.0603496384974012E+001
-9.8307100000012024E+000,-9.8307100000012024E+000, 1.0603496272358342E+001
-9.8297100000012030E+000,-9.8297100000012030E+000, 1.0603496159751739E+001
-9.8287100000012035E+000,-9.8287100000012035E+000, 1.0603496047128591E+001
-9.8277100000012041E+000,-9.8277100000012041E+000, 1.0603495934524682E+001
-9.8267100000012046E+000,-9.8267100000012046E+000, 1.0603495821901557E+001
-9.8257100000012052E+000,-9.8257100000012052E+000, 1.0603495709294986E+001
-9.8247100000012058E+000,-9.8247100000012058E+000, 1.0603495596671397E+001
-9.8237100000012063E+000,-9.8237100000012063E+000, 1.0603495484056147E+001
-9.8227100000012069E+000,-9.8227100000012069E+000, 1.0603495371450119E+001
-9.8217100000012074E+000,-9.8217100000012074E+000, 1.0603495258827843E+001
-9.8207100000012080E+000,-9.8207100000012080E+000, 1.0603495146211579E+001
-9.8197100000012085E+000,-9.8197100000012085E+000, 1.0603495033587542E+001
-9.8187100000012091E+000,-9.8187100000012091E+000, 1.0603494920977203E+001
-9.8177100000012096E+000,-9.8177100000012096E+000, 1.0603494808350984E+001
-9.8167100000012102E+000,-9.8167100000012102E+000, 1.0603494695736181E+001
-9.8157100000012107E+000,-9.8157100000012107E+000, 1.0603494583121108E+001
-9.8147100000012113E+000,-9.8147100000012113E+000, 1.0603494470505353E+001
-9.8137100000012119E+000,-9.8137100000012119E+000, 1.0603494357871909E+001
-9.8127100000012124E+000,-9.8127100000012124E+000, 1.0603494245251831E+001
-9.8117100000012130E+000,-9.8117100000012130E+000, 1.0603494132636129E+001
-9.8107100000012135E+000,-9.8107100000012135E+000, 1.0603494020017614E+001
-9.8097100000012141E+000,-9.8097100000012141E+000, 1.0603493907392002E+001
-9.8087100000012146E+000,-9.8087100000012146E+000, 1.0603493794769761E+001
-9.8077100000012152E+000,-9.8077100000012152E+000, 1.0603493682140343E+001
-9.8067100000012157E+000,-9.8067100000012157E+000, 1.0603493569517596E+001
-9.8057100000012163E+000,-9.8057100000012163E+000, 1.0603493456885824E+001
-9.8047100000012168E+000,-9.8047100000012168E+000, 1.0603493344269237E+001
-9.8037100000012174E+000,-9.8037100000012174E+000, 1.0603493231646937E+001
-9.8027100000012179E+000,-9.8027100000012179E+000, 1.0603493119023033E+001
-9.8017100000012185E+000,-9.8017100000012185E+000, 1.0603493006394773E+001
-9.8007100000012191E+000,-9.8007100000012191E+000, 1.0603492893758370E+001
-9.7997100000012196E+000,-9.7997100000012196E+000, 1.0603492781126331E+001
-9.7987100000012202E+000,-9.7987100000012202E+000, 1.0603492668502339E+001
-9.7977100000012207E+000,-9.7977100000012207E+000, 1.0603492555877976E+001
-9.7967100000012213E+000,-9.7967100000012213E+000, 1.0603492443258215E+001
-9.7957100000012218E+000,-9.7957100000012218E+000, 1.0603492330619716E+001
-9.7947100000012224E+000,-9.7947100000012224E+000, 1.0603492217983156E+001
-9.7937100000012229E+000,-9.7937100000012229E+000, 1.0603492105345024E+001
-9.7927100000012235E+000,-9.7927100000012235E+000, 1.0603491992725072E+001
-9.7917100000012240E+000,-9.7917100000012240E+000, 1.0603491880095746E+001
-9.7907100000012246E+000,-9.7907100000012246E+000, 1.0603491767455791E+001
-9.7897100000012252E+000,-9.7897100000012252E+000, 1.0603491654831741E+001
-9.7887100000012257E+000,-9.7887100000012257E+000, 1.0603491542192605E+001
-9.7877100000012263E+000,-9.7877100000012263E+000, 1.0603491429554596E+001
-9.7867100000012268E+000,-9.7867100000012268E+000, 1.0603491316926526E+001
-9.7857100000012274E+000,-9.7857100000012274E+000, 1.0603491204301157E+001
-9.7847100000012279E+000,-9.7847100000012279E+000, 1.0603491091658263E+001
-9.7837100000012285E+000,-9.7837100000012285E+000, 1.0603490979021686E+001
-9.7827100000012290E+000,-9.7827100000012290E+000, 1.0603490866393978E+001
-9.7817100000012296E+000,-9.7817100000012296E+000, 1.0603490753753256E+001
-9.7807100000012301E+000,-9.7807100000012301E+000, 1.0603490641116705E+001
-9.7797100000012307E+000,-9.7797100000012307E+000, 1.0603490528480627E+001
-9.7787100000012313E+000,-9.7787100000012313E+000, 1.0603490415849208E+001
-9.7777100000012318E+000,-9.7777100000012318E+000, 1.0603490303202621E+001
-9.7767100000012324E+000,-9.7767100000012324E+000, 1.0603490190559855E+001
-9.7757100000012329E+000,-9.7757100000012329E+000, 1.0603490077919805E+001
-9.7747100000012335E+000,-9.7747100000012335E+000, 1.0603489965283512E+001
-9.7737100000012340E+000,-9.7737100000012340E+000, 1.0603489852638035E+001
-9.7727100000012346E+000,-9.7727100000012346E+000, 1.0603489739999180E+001
-9.7717100000012351E+000,-9.7717100000012351E+000, 1.0603489627359874E+001
-9.7707100000012357E+000,-9.7707100000012357E+000, 1.0603489514718589E+001
-9.7697100000012362E+000,-9.7697100000012362E+000, 1.0603489402074509E+001
-9.7687100000012368E+000,-9.7687100000012368E+000, 1.0603489289433975E+001
-9.7677100000012373E+000,-9.7677100000012373E+000, 1.0603489176789591E+001
-9.7667100000012379E+000,-9.7667100000012379E+000, 1.0603489064152999E+001
-9.7657100000012385E+000,-9.7657100000012385E+000, 1.0603488951489428E+001
-9.7647100000012390E+000,-9.7647100000012390E+000, 1.0603488838862416E+001
-9.7637100000012396E+000,-9.7637100000012396E+000, 1.0603488726211783E+001
-9.7627100000012401E+000,-9.7627100000012401E+000, 1.0603488613574237E+001
-9.7617100000012407E+000,-9.7617100000012407E+000, 1.0603488500919557E+001
-9.7607100000012412E+000,-9.7607100000012412E+000, 1.0603488388266854E+001
-9.7597100000012418E+000,-9.7597100000012418E+000, 1.0603488275627210E+001
-9.7587100000012423E+000,-9.7587100000012423E+000, 1.0603488162971706E+001
-9.7577100000012429E+000,-9.7577100000012429E+000, 1.0603488050333880E+001
-9.7567100000012434E+000,-9.7567100000012434E+000, 1.0603487937687396E+001
-9.7557100000012440E+000,-9.7557100000012440E+000, 1.0603487825027297E+001
-9.7547100000012446E+000,-9.7547100000012446E+000, 1.0603487712385270E+001
-9.7537100000012451E+000,-9.7537100000012451E+000, 1.0603487599726989E+001
-9.7527100000012457E+000,-9.7527100000012457E+000, 1.0603487487077343E+001
-9.7517100000012462E+000,-9.7517100000012462E+000, 1.0603487374439931E+001
-9.7507100000012468E+000,-9.7507100000012468E+000, 1.0603487261773457E+001
-9.7497100000012473E+000,-9.7497100000012473E+000, 1.0603487149123492E+001
-9.7487100000012479E+000,-9.7487100000012479E+000, 1.0603487036485051E+001
-9.7477100000012484E+000,-9.7477100000012484E+000, 1.0603486923817769E+001
-9.7467100000012490E+000,-9.7467100000012490E+000, 1.0603486811171035E+001
-9.7457100000012495E+000,-9.7457100000012495E+000, 1.0603486698524355E+001
-9.7447100000012501E+000,-9.7447100000012501E+000, 1.0603486585867362E+001
-9.7437100000012506E+000,-9.7437100000012506E+000, 1.0603486473205029E+001
-9.7427100000012512E+000,-9.7427100000012512E+000, 1.0603486360549431E+001
-9.7417100000012518E+000,-9.7417100000012518E+000, 1.0603486247894386E+001
-9.7407100000012523E+000,-9.7407100000012523E+000, 1.0603486135228078E+001
-9.7397100000012529E+000,-9.7397100000012529E+000, 1.0603486022578624E+001
-9.7387100000012534E+000,-9.7387100000012534E+000, 1.0603485909919733E+001
-9.7377100000012540E+000,-9.7377100000012540E+000, 1.0603485797262877E+001
-9.7367100000012545E+000,-9.7367100000012545E+000, 1.0603485684602074E+001
-9.7357100000012551E+000,-9.7357100000012551E+000, 1.0603485571945063E+001
-9.7347100000012556E+000,-9.7347100000012556E+000, 1.0603485459295836E+001
-9.7337100000012562E+000,-9.7337100000012562E+000, 1.0603485346625952E+001
-9.7327100000012567E+000,-9.7327100000012567E+000, 1.0603485233967557E+001
-9.7317100000012573E+000,-9.7317100000012573E+000, 1.0603485121306624E+001
-9.7307100000012579E+000,-9.7307100000012579E+000, 1.0603485008633283E+001
-9.7297100000012584E+000,-9.7297100000012584E+000, 1.0603484895986377E+001
-9.7287100000012590E+000,-9.7287100000012590E+000, 1.0603484783320786E+001
-9.7277100000012595E+000,-9.7277100000012595E+000, 1.0603484670651541E+001
-9.7267100000012601E+000,-9.7267100000012601E+000, 1.0603484558005038E+001
-9.7257100000012606E+000,-9.7257100000012606E+000, 1.0603484445332079E+001
-9.7247100000012612E+000,-9.7247100000012612E+000, 1.0603484332661552E+001
-9.7237100000012617E+000,-9.7237100000012617E+000, 1.0603484220003313E+001
-9.7227100000012623E+000,-9.7227100000012623E+000, 1.0603484107349164E+001
-9.7217100000012628E+000,-9.7217100000012628E+000, 1.0603483994659316E+001
-9.7207100000012634E+000,-9.7207100000012634E+000, 1.0603483882010993E+001
-9.7197100000012639E+000,-9.7197100000012639E+000, 1.0603483769342503E+001
-9.7187100000012645E+000,-9.7187100000012645E+000, 1.0603483656667031E+001
-9.7177100000012651E+000,-9.7177100000012651E+000, 1.0603483543999225E+001
-9.7167100000012656E+000,-9.7167100000012656E+000, 1.0603483431327723E+001
-9.7157100000012662E+000,-9.7157100000012662E+000, 1.0603483318656691E+001
-9.7147100000012667E+000,-9.7147100000012667E+000, 1.0603483205991317E+001
-9.7137100000012673E+000,-9.7137100000012673E+000, 1.0603483093332780E+001
-9.7127100000012678E+000,-9.7127100000012678E+000, 1.0603482980650563E+001
-9.7117100000012684E+000,-9.7117100000012684E+000, 1.0603482867978425E+001
-9.7107100000012689E+000,-9.7107100000012689E+000, 1.0603482755305972E+001
-9.7097100000012695E+000,-9.7097100000012695E+000, 1.0603482642638138E+001
-9.7087100000012700E+000,-9.7087100000012700E+000, 1.0603482529968801E+001
-9.7077100000012706E+000,-9.7077100000012706E+000, 1.0603482417294401E+001
-9.7067100000012712E+000,-9.7067100000012712E+000, 1.0603482304628782E+001
-9.7057100000012717E+000,-9.7057100000012717E+000, 1.0603482191953129E+001
-9.7047100000012723E+000,-9.7047100000012723E+000, 1.0603482079265859E+001
-9.7037100000012728E+000,-9.7037100000012728E+000, 1.0603481966599730E+001
-9.7027100000012734E+000,-9.7027100000012734E+000, 1.0603481853927631E+001
-9.7017100000012739E+000,-9.7017100000012739E+000, 1.0603481741251068E+001
-9.7007100000012745E+000,-9.7007100000012745E+000, 1.0603481628581271E+001
-9.6997100000012750E+000,-9.6997100000012750E+000, 1.0603481515896069E+001
-9.6987100000012756E+000,-9.6987100000012756E+000, 1.0603481403213967E+001
-9.6977100000012761E+000,-9.6977100000012761E+000, 1.0603481290547256E+001
-9.6967100000012767E+000,-9.6967100000012767E+000, 1.0603481177858139E+001
-9.6957100000012773E+000,-9.6957100000012773E+000, 1.0603481065185481E+001
-9.6947100000012778E+000,-9.6947100000012778E+000, 1.0603480952508715E+001
-9.6937100000012784E+000,-9.6937100000012784E+000, 1.0603480839817882E+001
-9.6927100000012789E+000,-9.6927100000012789E+000, 1.0603480727146438E+001
-9.6917100000012795E+000,-9.6917100000012795E+000, 1.0603480614469671E+001
-9.6907100000012800E+000,-9.6907100000012800E+000, 1.0603480501791047E+001
-9.6897100000012806E+000,-9.6897100000012806E+000, 1.0603480389096724E+001
-9.6887100000012811E+000,-9.6887100000012811E+000, 1.0603480276425410E+001
-9.6877100000012817E+000,-9.6877100000012817E+000, 1.0603480163739622E+001
-9.6867100000012822E+000,-9.6867100000012822E+000, 1.0603480051050333E+001
-9.6857100000012828E+000,-9.6857100000012828E+000, 1.0603479938380474E+001
-9.6847100000012833E+000,-9.6847100000012833E+000, 1.0603479825688355E+001
-9.6837100000012839E+000,-9.6837100000012839E+000, 1.0603479713004413E+001
-9.6827100000012845E+000,-9.6827100000012845E+000, 1.0603479600317748E+001
-9.6817100000012850E+000,-9.6817100000012850E+000, 1.0603479487644263E+001
-9.6807100000012856E+000,-9.6807100000012856E+000, 1.0603479374942994E+001
-9.6797100000012861E+000,-9.6797100000012861E+000, 1.0603479262268612E+001
-9.6787100000012867E+000,-9.6787100000012867E+000, 1.0603479149574273E+001
-9.6777100000012872E+000,-9.6777100000012872E+000, 1.0603479036895763E+001
-9.6767100000012878E+000,-9.6767100000012878E+000, 1.0603478924199919E+001
-9.6757100000012883E+000,-9.6757100000012883E+000, 1.0603478811510360E+001
-9.6747100000012889E+000,-9.6747100000012889E+000, 1.0603478698817050E+001
-9.6737100000012894E+000,-9.6737100000012894E+000, 1.0603478586135839E+001
-9.6727100000012900E+000,-9.6727100000012900E+000, 1.0603478473438173E+001
-9.6717100000012906E+000,-9.6717100000012906E+000, 1.0603478360748149E+001
-9.6707100000012911E+000,-9.6707100000012911E+000, 1.0603478248059412E+001
-9.6697100000012917E+000,-9.6697100000012917E+000, 1.0603478135380952E+001
-9.6687100000012922E+000,-9.6687100000012922E+000, 1.0603478022677631E+001
-9.6677100000012928E+000,-9.6677100000012928E+000, 1.0603477909984376E+001
-9.6667100000012933E+000,-9.6667100000012933E+000, 1.0603477797288779E+001
-9.6657100000012939E+000,-9.6657100000012939E+000, 1.0603477684594450E+001
-9.6647100000012944E+000,-9.6647100000012944E+000, 1.0603477571913379E+001
-9.6637100000012950E+000,-9.6637100000012950E+000, 1.0603477459208866E+001
-9.6627100000012955E+000,-9.6627100000012955E+000, 1.0603477346520762E+001
-9.6617100000012961E+000,-9.6617100000012961E+000, 1.0603477233822961E+001
-9.6607100000012966E+000,-9.6607100000012966E+000, 1.0603477121119807E+001
-9.6597100000012972E+000,-9.6597100000012972E+000, 1.0603477008428714E+001
-9.6587100000012978E+000,-9.6587100000012978E+000, 1.0603476895723439E+001
-9.6577100000012983E+000,-9.6577100000012983E+000, 1.0603476783031896E+001
-9.6567100000012989E+000,-9.6567100000012989E+000, 1.0603476670343495E+001
-9.6557100000012994E+000,-9.6557100000012994E+000, 1.0603476557633950E+001
-9.6547100000013000E+000,-9.6547100000013000E+000, 1.0603476444943540E+001
-9.6537100000013005E+000,-9.6537100000013005E+000, 1.0603476332240181E+001
-9.6527100000013011E+000,-9.6527100000013011E+000, 1.0603476219533684E+001
-9.6517100000013016E+000,-9.6517100000013016E+000, 1.0603476106842322E+001
-9.6507100000013022E+000,-9.6507100000013022E+000, 1.0603475994146521E+001
-9.6497100000013027E+000,-9.6497100000013027E+000, 1.0603475881442250E+001
-9.6487100000013033E+000,-9.6487100000013033E+000, 1.0603475768727684E+001
-9.6477100000013039E+000,-9.6477100000013039E+000, 1.0603475656033321E+001
-9.6467100000013044E+000,-9.6467100000013044E+000, 1.0603475543328333E+001
-9.6457100000013050E+000,-9.6457100000013050E+000, 1.0603475430633971E+001
-9.6447100000013055E+000,-9.6447100000013055E+000, 1.0603475317937232E+001
-9.6437100000013061E+000,-9.6437100000013061E+000, 1.0603475205225850E+001
-9.6427100000013066E+000,-9.6427100000013066E+000, 1.0603475092519558E+001
-9.6417100000013072E+000,-9.6417100000013072E+000, 1.0603474979810748E+001
-9.6407100000013077E+000,-9.6407100000013077E+000, 1.0603474867110828E+001
-9.6397100000013083E+000,-9.6397100000013083E+000, 1.0603474754399866E+001
-9.6387100000013088E+000,-9.6387100000013088E+000, 1.0603474641701492E+001
-9.6377100000013094E+000,-9.6377100000013094E+000, 1.0603474528983947E+001
-9.6367100000013100E+000,-9.6367100000013100E+000, 1.0603474416269027E+001
-9.6357100000013105E+000,-9.6357100000013105E+000, 1.0603474303565459E+001
-9.6347100000013111E+000,-9.6347100000013111E+000, 1.0603474190869958E+001
-9.6337100000013116E+000,-9.6337100000013116E+000, 1.0603474078159360E+001
-9.6327100000013122E+000,-9.6327100000013122E+000, 1.0603473965447588E+001
-9.6317100000013127E+000,-9.6317100000013127E+000, 1.0603473852738091E+001
-9.6307100000013133E+000,-9.6307100000013133E+000, 1.0603473740005729E+001
-9.6297100000013138E+000,-9.6297100000013138E+000, 1.0603473627306776E+001
-9.6287100000013144E+000,-9.6287100000013144E+000, 1.0603473514606623E+001
-9.6277100000013149E+000,-9.6277100000013149E+000, 1.0603473401898107E+001
-9.6267100000013155E+000,-9.6267100000013155E+000, 1.0603473289184304E+001
-9.6257100000013160E+000,-9.6257100000013160E+000, 1.0603473176464343E+001
-9.6247100000013166E+000,-9.6247100000013166E+000, 1.0603473063746442E+001
-9.6237100000013172E+000,-9.6237100000013172E+000, 1.0603472951027269E+001
-9.6227100000013177E+000,-9.6227100000013177E+000, 1.0603472838331630E+001
-9.6217100000013183E+000,-9.6217100000013183E+000, 1.0603472725622501E+001
-9.6207100000013188E+000,-9.6207100000013188E+000, 1.0603472612901289E+001
-9.6197100000013194E+000,-9.6197100000013194E+000, 1.0603472500176924E+001
-9.6187100000013199E+000,-9.6187100000013199E+000, 1.0603472387456122E+001
-9.6177100000013205E+000,-9.6177100000013205E+000, 1.0603472274739058E+001
-9.6167100000013210E+000,-9.6167100000013210E+000, 1.0603472162027762E+001
-9.6157100000013216E+000,-9.6157100000013216E+000, 1.0603472049316002E+001
-9.6147100000013221E+000,-9.6147100000013221E+000, 1.0603471936598186E+001
-9.6137100000013227E+000,-9.6137100000013227E+000, 1.0603471823870866E+001
-9.6127100000013233E+000,-9.6127100000013233E+000, 1.0603471711153478E+001
-9.6117100000013238E+000,-9.6117100000013238E+000, 1.0603471598425839E+001
-9.6107100000013244E+000,-9.6107100000013244E+000, 1.0603471485714381E+001
-9.6097100000013249E+000,-9.6097100000013249E+000, 1.0603471372997504E+001
-9.6087100000013255E+000,-9.6087100000013255E+000, 1.0603471260267817E+001
-9.6077100000013260E+000,-9.6077100000013260E+000, 1.0603471147541606E+001
-9.6067100000013266E+000,-9.6067100000013266E+000, 1.0603471034833783E+001
-9.6057100000013271E+000,-9.6057100000013271E+000, 1.0603470922094035E+001
-9.6047100000013277E+000,-9.6047100000013277E+000, 1.0603470809378067E+001
-9.6037100000013282E+000,-9.6037100000013282E+000, 1.0603470696651620E+001
-9.6027100000013288E+000,-9.6027100000013288E+000, 1.0603470583921810E+001
-9.6017100000013293E+000,-9.6017100000013293E+000, 1.0603470471204137E+001
-9.6007100000013299E+000,-9.6007100000013299E+000, 1.0603470358485204E+001
-9.5997100000013305E+000,-9.5997100000013305E+000, 1.0603470245746312E+001
-9.5987100000013310E+000,-9.5987100000013310E+000, 1.0603470133025244E+001
-9.5977100000013316E+000,-9.5977100000013316E+000, 1.0603470020301852E+001
-9.5967100000013321E+000,-9.5967100000013321E+000, 1.0603469907572354E+001
-9.5957100000013327E+000,-9.5957100000013327E+000, 1.0603469794859247E+001
-9.5947100000013332E+000,-9.5947100000013332E+000, 1.0603469682121405E+001
-9.5937100000013338E+000,-9.5937100000013338E+000, 1.0603469569402323E+001
-9.5927100000013343E+000,-9.5927100000013343E+000, 1.0603469456662941E+001
-9.5917100000013349E+000,-9.5917100000013349E+000, 1.0603469343919851E+001
-9.5907100000013354E+000,-9.5907100000013354E+000, 1.0603469231197492E+001
-9.5897100000013360E+000,-9.5897100000013360E+000, 1.0603469118466570E+001
-9.5887100000013366E+000,-9.5887100000013366E+000, 1.0603469005743310E+001
-9.5877100000013371E+000,-9.5877100000013371E+000, 1.0603468893026935E+001
-9.5867100000013377E+000,-9.5867100000013377E+000, 1.0603468780282562E+001
-9.5857100000013382E+000,-9.5857100000013382E+000, 1.0603468667530883E+001
-9.5847100000013388E+000,-9.5847100000013388E+000, 1.0603468554805149E+001
-9.5837100000013393E+000,-9.5837100000013393E+000, 1.0603468442078652E+001
-9.5827100000013399E+000,-9.5827100000013399E+000, 1.0603468329346093E+001
-9.5817100000013404E+000,-9.5817100000013404E+000, 1.0603468216619998E+001
-9.5807100000013410E+000,-9.5807100000013410E+000, 1.0603468103878502E+001
-9.5797100000013415E+000,-9.5797100000013415E+000, 1.0603467991140072E+001
-9.5787100000013421E+000,-9.5787100000013421E+000, 1.0603467878401087E+001
-9.5777100000013426E+000,-9.5777100000013426E+000, 1.0603467765665705E+001
-9.5767100000013432E+000,-9.5767100000013432E+000, 1.0603467652927762E+001
-9.5757100000013438E+000,-9.5757100000013438E+000, 1.0603467540194337E+001
-9.5747100000013443E+000,-9.5747100000013443E+000, 1.0603467427435548E+001
-9.5737100000013449E+000,-9.5737100000013449E+000, 1.0603467314706345E+001
-9.5727100000013454E+000,-9.5727100000013454E+000, 1.0603467201968908E+001
-9.5717100000013460E+000,-9.5717100000013460E+000, 1.0603467089233792E+001
-9.5707100000013465E+000,-9.5707100000013465E+000, 1.0603466976504404E+001
-9.5697100000013471E+000,-9.5697100000013471E+000, 1.0603466863760902E+001
-9.5687100000013476E+000,-9.5687100000013476E+000, 1.0603466751007266E+001
-9.5677100000013482E+000,-9.5677100000013482E+000, 1.0603466638270859E+001
-9.5667100000013487E+000,-9.5667100000013487E+000, 1.0603466525520714E+001
-9.5657100000013493E+000,-9.5657100000013493E+000, 1.0603466412790681E+001
-9.5647100000013499E+000,-9.5647100000013499E+000, 1.0603466300062710E+001
-9.5637100000013504E+000,-9.5637100000013504E+000, 1.0603466187315156E+001
-9.5627100000013510E+000,-9.5627100000013510E+000, 1.0603466074556266E+001
-9.5617100000013515E+000,-9.5617100000013515E+000, 1.0603465961808251E+001
-9.5607100000013521E+000,-9.5607100000013521E+000, 1.0603465849066271E+001
-9.5597100000013526E+000,-9.5597100000013526E+000, 1.0603465736327109E+001
-9.5587100000013532E+000,-9.5587100000013532E+000, 1.0603465623587393E+001
-9.5577100000013537E+000,-9.5577100000013537E+000, 1.0603465510833987E+001
-9.5567100000013543E+000,-9.5567100000013543E+000, 1.0603465398082742E+001
-9.5557100000013548E+000,-9.5557100000013548E+000, 1.0603465285338224E+001
-9.5547100000013554E+000,-9.5547100000013554E+000, 1.0603465172586947E+001
-9.5537100000013560E+000,-9.5537100000013560E+000, 1.0603465059842357E+001
-9.5527100000013565E+000,-9.5527100000013565E+000, 1.0603464947102671E+001
-9.5517100000013571E+000,-9.5517100000013571E+000, 1.0603464834354817E+001
-9.5507100000013576E+000,-9.5507100000013576E+000, 1.0603464721596371E+001
-9.5497100000013582E+000,-9.5497100000013582E+000, 1.0603464608834866E+001
-9.5487100000013587E+000,-9.5487100000013587E+000, 1.0603464496098148E+001
-9.5477100000013593E+000,-9.5477100000013593E+000, 1.0603464383349971E+001
-9.5467100000013598E+000,-9.5467100000013598E+000, 1.0603464270594085E+001
-9.5457100000013604E+000,-9.5457100000013604E+000, 1.0603464157837275E+001
-9.5447100000013609E+000,-9.5447100000013609E+000, 1.0603464045080045E+001
-9.5437100000013615E+000,-9.5437100000013615E+000, 1.0603463932326083E+001
-9.5427100000013620E+000,-9.5427100000013620E+000, 1.0603463819585537E+001
-9.5417100000013626E+000,-9.5417100000013626E+000, 1.0603463706835157E+001
-9.5407100000013632E+000,-9.5407100000013632E+000, 1.0603463594066787E+001
-9.5397100000013637E+000,-9.5397100000013637E+000, 1.0603463481314055E+001
-9.5387100000013643E+000,-9.5387100000013643E+000, 1.0603463368566484E+001
-9.5377100000013648E+000,-9.5377100000013648E+000, 1.0603463255801485E+001
-9.5367100000013654E+000,-9.5367100000013654E+000, 1.0603463143039486E+001
-9.5357100000013659E+000,-9.5357100000013659E+000, 1.0603463030293867E+001
-9.5347100000013665E+000,-9.5347100000013665E+000, 1.0603462917532189E+001
-9.5337100000013670E+000,-9.5337100000013670E+000, 1.0603462804761641E+001
-9.5327100000013676E+000,-9.5327100000013676E+000, 1.0603462692017988E+001
-9.5317100000013681E+000,-9.5317100000013681E+000, 1.0603462579258641E+001
-9.5307100000013687E+000,-9.5307100000013687E+000, 1.0603462466493770E+001
-9.5297100000013693E+000,-9.5297100000013693E+000, 1.0603462353749293E+001
-9.5287100000013698E+000,-9.5287100000013698E+000, 1.0603462240977221E+001
-9.5277100000013704E+000,-9.5277100000013704E+000, 1.0603462128216139E+001
-9.5267100000013709E+000,-9.5267100000013709E+000, 1.0603462015448478E+001
-9.5257100000013715E+000,-9.5257100000013715E+000, 1.0603461902694816E+001
-9.5247100000013720E+000,-9.5247100000013720E+000, 1.0603461789927049E+001
-9.5237100000013726E+000,-9.5237100000013726E+000, 1.0603461677166706E+001
-9.5227100000013731E+000,-9.5227100000013731E+000, 1.0603461564392001E+001
-9.5217100000013737E+000,-9.5217100000013737E+000, 1.0603461451640676E+001
-9.5207100000013742E+000,-9.5207100000013742E+000, 1.0603461338877880E+001
-9.5197100000013748E+000,-9.5197100000013748E+000, 1.0603461226114987E+001
-9.5187100000013753E+000,-9.5187100000013753E+000, 1.0603461113343785E+001
-9.5177100000013759E+000,-9.5177100000013759E+000, 1.0603461000572908E+001
-9.5167100000013765E+000,-9.5167100000013765E+000, 1.0603460887809669E+001
-9.5157100000013770E+000,-9.5157100000013770E+000, 1.0603460775038723E+001
-9.5147100000013776E+000,-9.5147100000013776E+000, 1.0603460662281746E+001
-9.5137100000013781E+000,-9.5137100000013781E+000, 1.0603460549508657E+001
-9.5127100000013787E+000,-9.5127100000013787E+000, 1.0603460436737297E+001
-9.5117100000013792E+000,-9.5117100000013792E+000, 1.0603460323969646E+001
-9.5107100000013798E+000,-9.5107100000013798E+000, 1.0603460211194111E+001
-9.5097100000013803E+000,-9.5097100000013803E+000, 1.0603460098430263E+001
-9.5087100000013809E+000,-9.5087100000013809E+000, 1.0603459985673757E+001
-9.5077100000013814E+000,-9.5077100000013814E+000, 1.0603459872896586E+001
-9.5067100000013820E+000,-9.5067100000013820E+000, 1.0603459760129617E+001
-9.5057100000013826E+000,-9.5057100000013826E+000, 1.0603459647352691E+001
-9.5047100000013831E+000,-9.5047100000013831E+000, 1.0603459534565125E+001
-9.5037100000013837E+000,-9.5037100000013837E+000, 1.0603459421800029E+001
-9.5027100000013842E+000,-9.5027100000013842E+000, 1.0603459309025451E+001
-9.5017100000013848E+000,-9.5017100000013848E+000, 1.0603459196261781E+001
-9.5007100000013853E+000,-9.5007100000013853E+000, 1.0603459083486868E+001
-9.4997100000013859E+000,-9.4997100000013859E+000, 1.0603458970710903E+001
-9.4987100000013864E+000,-9.4987100000013864E+000, 1.0603458857925874E+001
-9.4977100000013870E+000,-9.4977100000013870E+000, 1.0603458745153480E+001
-9.4967100000013875E+000,-9.4967100000013875E+000, 1.0603458632389476E+001
-9.4957100000013881E+000,-9.4957100000013881E+000, 1.0603458519612474E+001
-9.4947100000013887E+000,-9.4947100000013887E+000, 1.0603458406837323E+001
-9.4937100000013892E+000,-9.4937100000013892E+000, 1.0603458294036937E+001
-9.4927100000013898E+000,-9.4927100000013898E+000, 1.0603458181262903E+001
-9.4917100000013903E+000,-9.4917100000013903E+000, 1.0603458068484802E+001
-9.4907100000013909E+000,-9.4907100000013909E+000, 1.0603457955714507E+001
-9.4897100000013914E+000,-9.4897100000013914E+000, 1.0603457842941486E+001
-9.4887100000013920E+000,-9.4887100000013920E+000, 1.0603457730156073E+001
-9.4877100000013925E+000,-9.4877100000013925E+000, 1.0603457617366189E+001
-9.4867100000013931E+000,-9.4867100000013931E+000, 1.0603457504589425E+001
-9.4857100000013936E+000,-9.4857100000013936E+000, 1.0603457391807121E+001
-9.4847100000013942E+000,-9.4847100000013942E+000, 1.0603457279035888E+001
-9.4837100000013947E+000,-9.4837100000013947E+000, 1.0603457166237469E+001
-9.4827100000013953E+000,-9.4827100000013953E+000, 1.0603457053457646E+001
-9.4817100000013959E+000,-9.4817100000013959E+000, 1.0603456940675516E+001
-9.4807100000013964E+000,-9.4807100000013964E+000, 1.0603456827892924E+001
-9.4797100000013970E+000,-9.4797100000013970E+000, 1.0603456715108633E+001
-9.4787100000013975E+000,-9.4787100000013975E+000, 1.0603456602321270E+001
-9.4777100000013981E+000,-9.4777100000013981E+000, 1.0603456489528824E+001
-9.4767100000013986E+000,-9.4767100000013986E+000, 1.0603456376752771E+001
-9.4757100000013992E+000,-9.4757100000013992E+000, 1.0603456263950726E+001
-9.4747100000013997E+000,-9.4747100000013997E+000, 1.0603456151173939E+001
-9.4737100000014003E+000,-9.4737100000014003E+000, 1.0603456038386760E+001
-9.4727100000014008E+000,-9.4727100000014008E+000, 1.0603455925616492E+001
-9.4717100000014014E+000,-9.4717100000014014E+000, 1.0603455812817520E+001
-9.4707100000014020E+000,-9.4707100000014020E+000, 1.0603455700019868E+001
-9.4697100000014025E+000,-9.4697100000014025E+000, 1.0603455587226897E+001
-9.4687100000014031E+000,-9.4687100000014031E+000, 1.0603455474440034E+001
-9.4677100000014036E+000,-9.4677100000014036E+000, 1.0603455361654703E+001
-9.4667100000014042E+000,-9.4667100000014042E+000, 1.0603455248859120E+001
-9.4657100000014047E+000,-9.4657100000014047E+000, 1.0603455136073423E+001
-9.4647100000014053E+000,-9.4647100000014053E+000, 1.0603455023282786E+001
-9.4637100000014058E+000,-9.4637100000014058E+000, 1.0603454910484974E+001
-9.4627100000014064E+000,-9.4627100000014064E+000, 1.0603454797694834E+001
-9.4617100000014069E+000,-9.4617100000014069E+000, 1.0603454684897965E+001
-9.4607100000014075E+000,-9.4607100000014075E+000, 1.0603454572099885E+001
-9.4597100000014080E+000,-9.4597100000014080E+000, 1.0603454459311996E+001
-9.4587100000014086E+000,-9.4587100000014086E+000, 1.0603454346514187E+001
-9.4577100000014092E+000,-9.4577100000014092E+000, 1.0603454233724939E+001
-9.4567100000014097E+000,-9.4567100000014097E+000, 1.0603454120923365E+001
-9.4557100000014103E+000,-9.4557100000014103E+000, 1.0603454008127336E+001
-9.4547100000014108E+000,-9.4547100000014108E+000, 1.0603453895333809E+001
-9.4537100000014114E+000,-9.4537100000014114E+000, 1.0603453782542987E+001
-9.4527100000014119E+000,-9.4527100000014119E+000, 1.0603453669735647E+001
-9.4517100000014125E+000,-9.4517100000014125E+000, 1.0603453556941972E+001
-9.4507100000014130E+000,-9.4507100000014130E+000, 1.0603453444138463E+001
-9.4497100000014136E+000,-9.4497100000014136E+000, 1.0603453331334931E+001
-9.4487100000014141E+000,-9.4487100000014141E+000, 1.0603453218541350E+001
-9.4477100000014147E+000,-9.4477100000014147E+000, 1.0603453105739105E+001
-9.4467100000014153E+000,-9.4467100000014153E+000, 1.0603452992939895E+001
-9.4457100000014158E+000,-9.4457100000014158E+000, 1.0603452880146719E+001
-9.4447100000014164E+000,-9.4447100000014164E+000, 1.0603452767334819E+001
-9.4437100000014169E+000,-9.4437100000014169E+000, 1.0603452654525888E+001
-9.4427100000014175E+000,-9.4427100000014175E+000, 1.0603452541732338E+001
-9.4417100000014180E+000,-9.4417100000014180E+000, 1.0603452428916357E+001
-9.4407100000014186E+000,-9.4407100000014186E+000, 1.0603452316126489E+001
-9.4397100000014191E+000,-9.4397100000014191E+000, 1.0603452203330587E+001
-9.4387100000014197E+000,-9.4387100000014197E+000, 1.0603452090514468E+001
-9.4377100000014202E+000,-9.4377100000014202E+000, 1.0603451977705594E+001
-9.4367100000014208E+000,-9.4367100000014208E+000, 1.0603451864906932E+001
-9.4357100000014213E+000,-9.4357100000014213E+000, 1.0603451752097325E+001
-9.4347100000014219E+000,-9.4347100000014219E+000, 1.0603451639286629E+001
-9.4337100000014225E+000,-9.4337100000014225E+000, 1.0603451526490167E+001
-9.4327100000014230E+000,-9.4327100000014230E+000, 1.0603451413676259E+001
-9.4317100000014236E+000,-9.4317100000014236E+000, 1.0603451300873008E+001
-9.4307100000014241E+000,-9.4307100000014241E+000, 1.0603451188065126E+001
-9.4297100000014247E+000,-9.4297100000014247E+000, 1.0603451075252096E+001
-9.4287100000014252E+000,-9.4287100000014252E+000, 1.0603450962446813E+001
-9.4277100000014258E+000,-9.4277100000014258E+000, 1.0603450849639113E+001
-9.4267100000014263E+000,-9.4267100000014263E+000, 1.0603450736811087E+001
-9.4257100000014269E+000,-9.4257100000014269E+000, 1.0603450624009565E+001
-9.4247100000014274E+000,-9.4247100000014274E+000, 1.0603450511195609E+001
-9.4237100000014280E+000,-9.4237100000014280E+000, 1.0603450398380263E+001
-9.4227100000014286E+000,-9.4227100000014286E+000, 1.0603450285565485E+001
-9.4217100000014291E+000,-9.4217100000014291E+000, 1.0603450172759679E+001
-9.4207100000014297E+000,-9.4207100000014297E+000, 1.0603450059942574E+001
-9.4197100000014302E+000,-9.4197100000014302E+000, 1.0603449947134314E+001
-9.4187100000014308E+000,-9.4187100000014308E+000, 1.0603449834308417E+001
-9.4177100000014313E+000,-9.4177100000014313E+000, 1.0603449721504786E+001
-9.4167100000014319E+000,-9.4167100000014319E+000, 1.0603449608691641E+001
-9.4157100000014324E+000,-9.4157100000014324E+000, 1.0603449495866830E+001
-9.4147100000014330E+000,-9.4147100000014330E+000, 1.0603449383046248E+001
-9.4137100000014335E+000,-9.4137100000014335E+000, 1.0603449270243098E+001
-9.4127100000014341E+000,-9.4127100000014341E+000, 1.0603449157407967E+001
-9.4117100000014347E+000,-9.4117100000014347E+000, 1.0603449044599927E+001
-9.4107100000014352E+000,-9.4107100000014352E+000, 1.0603448931792157E+001
-9.4097100000014358E+000,-9.4097100000014358E+000, 1.0603448818959116E+001
-9.4087100000014363E+000,-9.4087100000014363E+000, 1.0603448706136138E+001
-9.4077100000014369E+000,-9.4077100000014369E+000, 1.0603448593315139E+001
-9.4067100000014374E+000,-9.4067100000014374E+000, 1.0603448480500866E+001
-9.4057100000014380E+000,-9.4057100000014380E+000, 1.0603448367671499E+001
-9.4047100000014385E+000,-9.4047100000014385E+000, 1.0603448254866203E+001
-9.4037100000014391E+000,-9.4037100000014391E+000, 1.0603448142037763E+001
-9.4027100000014396E+000,-9.4027100000014396E+000, 1.0603448029224822E+001
-9.4017100000014402E+000,-9.4017100000014402E+000, 1.0603447916394789E+001
-9.4007100000014407E+000,-9.4007100000014407E+000, 1.0603447803565434E+001
-9.3997100000014413E+000,-9.3997100000014413E+000, 1.0603447690745067E+001
-9.3987100000014419E+000,-9.3987100000014419E+000, 1.0603447577918004E+001
-9.3977100000014424E+000,-9.3977100000014424E+000, 1.0603447465101699E+001
-9.3967100000014430E+000,-9.3967100000014430E+000, 1.0603447352273431E+001
-9.3957100000014435E+000,-9.3957100000014435E+000, 1.0603447239444046E+001
-9.3947100000014441E+000,-9.3947100000014441E+000, 1.0603447126614938E+001
-9.3937100000014446E+000,-9.3937100000014446E+000, 1.0603447013790474E+001
-9.3927100000014452E+000,-9.3927100000014452E+000, 1.0603446900953863E+001
-9.3917100000014457E+000,-9.3917100000014457E+000, 1.0603446788138413E+001
-9.3907100000014463E+000,-9.3907100000014463E+000, 1.0603446675313705E+001
-9.3897100000014468E+000,-9.3897100000014468E+000, 1.0603446562480038E+001
-9.3887100000014474E+000,-9.3887100000014474E+000, 1.0603446449649999E+001
-9.3877100000014480E+000,-9.3877100000014480E+000, 1.0603446336824719E+001
-9.3867100000014485E+000,-9.3867100000014485E+000, 1.0603446223988264E+001
-9.3857100000014491E+000,-9.3857100000014491E+000, 1.0603446111163422E+001
-9.3847100000014496E+000,-9.3847100000014496E+000, 1.0603445998329956E+001
-9.3837100000014502E+000,-9.3837100000014502E+000, 1.0603445885480234E+001
-9.3827100000014507E+000,-9.3827100000014507E+000, 1.0603445772657171E+001
-9.3817100000014513E+000,-9.3817100000014513E+000, 1.0603445659823707E+001
-9.3807100000014518E+000,-9.3807100000014518E+000, 1.0603445547003162E+001
-9.3797100000014524E+000,-9.3797100000014524E+000, 1.0603445434172761E+001
-9.3787100000014529E+000,-9.3787100000014529E+000, 1.0603445321336004E+001
-9.3777100000014535E+000,-9.3777100000014535E+000, 1.0603445208490690E+001
-9.3767100000014540E+000,-9.3767100000014540E+000, 1.0603445095663657E+001
-9.3757100000014546E+000,-9.3757100000014546E+000, 1.0603444982814327E+001
-9.3747100000014552E+000,-9.3747100000014552E+000, 1.0603444869989133E+001
-9.3737100000014557E+000,-9.3737100000014557E+000, 1.0603444757153429E+001
-9.3727100000014563E+000,-9.3727100000014563E+000, 1.0603444644324039E+001
-9.3717100000014568E+000,-9.3717100000014568E+000, 1.0603444531466542E+001
-9.3707100000014574E+000,-9.3707100000014574E+000, 1.0603444418640304E+001
-9.3697100000014579E+000,-9.3697100000014579E+000, 1.0603444305797531E+001
-9.3687100000014585E+000,-9.3687100000014585E+000, 1.0603444192958817E+001
-9.3677100000014590E+000,-9.3677100000014590E+000, 1.0603444080125886E+001
-9.3667100000014596E+000,-9.3667100000014596E+000, 1.0603443967274508E+001
-9.3657100000014601E+000,-9.3657100000014601E+000, 1.0603443854440732E+001
-9.3647100000014607E+000,-9.3647100000014607E+000, 1.0603443741583636E+001
-9.3637100000014613E+000,-9.3637100000014613E+000, 1.0603443628756949E+001
-9.3627100000014618E+000,-9.3627100000014618E+000, 1.0603443515919029E+001
-9.3617100000014624E+000,-9.3617100000014624E+000, 1.0603443403072665E+001
-9.3607100000014629E+000,-9.3607100000014629E+000, 1.0603443290230365E+001
-9.3597100000014635E+000,-9.3597100000014635E+000, 1.0603443177380168E+001
-9.3587100000014640E+000,-9.3587100000014640E+000, 1.0603443064534352E+001
-9.3577100000014646E+000,-9.3577100000014646E+000, 1.0603442951688013E+001
-9.3567100000014651E+000,-9.3567100000014651E+000, 1.0603442838849567E+001
-9.3557100000014657E+000,-9.3557100000014657E+000, 1.0603442726002118E+001
-9.3547100000014662E+000,-9.3547100000014662E+000, 1.0603442613152662E+001
-9.3537100000014668E+000,-9.3537100000014668E+000, 1.0603442500310759E+001
-9.3527100000014673E+000,-9.3527100000014673E+000, 1.0603442387454795E+001
-9.3517100000014679E+000,-9.3517100000014679E+000, 1.0603442274622239E+001
-9.3507100000014685E+000,-9.3507100000014685E+000, 1.0603442161776906E+001
-9.3497100000014690E+000,-9.3497100000014690E+000, 1.0603442048922100E+001
-9.3487100000014696E+000,-9.3487100000014696E+000, 1.0603441936070247E+001
-9.3477100000014701E+000,-9.3477100000014701E+000, 1.0603441823211529E+001
-9.3467100000014707E+000,-9.3467100000014707E+000, 1.0603441710367834E+001
-9.3457100000014712E+000,-9.3457100000014712E+000, 1.0603441597521991E+001
-9.3447100000014718E+000,-9.3447100000014718E+000, 1.0603441484669055E+001
-9.3437100000014723E+000,-9.3437100000014723E+000, 1.0603441371824513E+001
-9.3427100000014729E+000,-9.3427100000014729E+000, 1.0603441258965939E+001
-9.3417100000014734E+000,-9.3417100000014734E+000, 1.0603441146103869E+001
-9.3407100000014740E+000,-9.3407100000014740E+000, 1.0603441033262277E+001
-9.3397100000014746E+000,-9.3397100000014746E+000, 1.0603440920405081E+001
-9.3387100000014751E+000,-9.3387100000014751E+000, 1.0603440807563597E+001
-9.3377100000014757E+000,-9.3377100000014757E+000, 1.0603440694697380E+001
-9.3367100000014762E+000,-9.3367100000014762E+000, 1.0603440581855233E+001
-9.3357100000014768E+000,-9.3357100000014768E+000, 1.0603440468985308E+001
-9.3347100000014773E+000,-9.3347100000014773E+000, 1.0603440356131005E+001
-9.3337100000014779E+000,-9.3337100000014779E+000, 1.0603440243271258E+001
-9.3327100000014784E+000,-9.3327100000014784E+000, 1.0603440130425575E+001
-9.3317100000014790E+000,-9.3317100000014790E+000, 1.0603440017570094E+001
-9.3307100000014795E+000,-9.3307100000014795E+000, 1.0603439904699600E+001
-9.3297100000014801E+000,-9.3297100000014801E+000, 1.0603439791837543E+001
-9.3287100000014807E+000,-9.3287100000014807E+000, 1.0603439678984707E+001
-9.3277100000014812E+000,-9.3277100000014812E+000, 1.0603439566129548E+001
-9.3267100000014818E+000,-9.3267100000014818E+000, 1.0603439453279911E+001
-9.3257100000014823E+000,-9.3257100000014823E+000, 1.0603439340414848E+001
-9.3247100000014829E+000,-9.3247100000014829E+000, 1.0603439227551570E+001
-9.3237100000014834E+000,-9.3237100000014834E+000, 1.0603439114672000E+001
-9.3227100000014840E+000,-9.3227100000014840E+000, 1.0603439001819780E+001
-9.3217100000014845E+000,-9.3217100000014845E+000, 1.0603438888966872E+001
-9.3207100000014851E+000,-9.3207100000014851E+000, 1.0603438776107900E+001
-9.3197100000014856E+000,-9.3197100000014856E+000, 1.0603438663236085E+001
-9.3187100000014862E+000,-9.3187100000014862E+000, 1.0603438550370765E+001
-9.3177100000014867E+000,-9.3177100000014867E+000, 1.0603438437509316E+001
-9.3167100000014873E+000,-9.3167100000014873E+000, 1.0603438324640981E+001
-9.3157100000014879E+000,-9.3157100000014879E+000, 1.0603438211785377E+001
-9.3147100000014884E+000,-9.3147100000014884E+000, 1.0603438098911569E+001
-9.3137100000014890E+000,-9.3137100000014890E+000, 1.0603437986049085E+001
-9.3127100000014895E+000,-9.3127100000014895E+000, 1.0603437873178994E+001
-9.3117100000014901E+000,-9.3117100000014901E+000, 1.0603437760311248E+001
-9.3107100000014906E+000,-9.3107100000014906E+000, 1.0603437647436287E+001
-9.3097100000014912E+000,-9.3097100000014912E+000, 1.0603437534579689E+001
-9.3087100000014917E+000,-9.3087100000014917E+000, 1.0603437421708040E+001
-9.3077100000014923E+000,-9.3077100000014923E+000, 1.0603437308823565E+001
-9.3067100000014928E+000,-9.3067100000014928E+000, 1.0603437195976197E+001
-9.3057100000014934E+000,-9.3057100000014934E+000, 1.0603437083106154E+001
-9.3047100000014940E+000,-9.3047100000014940E+000, 1.0603436970225998E+001
-9.3037100000014945E+000,-9.3037100000014945E+000, 1.0603436857351412E+001
-9.3027100000014951E+000,-9.3027100000014951E+000, 1.0603436744486714E+001
-9.3017100000014956E+000,-9.3017100000014956E+000, 1.0603436631608997E+001
-9.3007100000014962E+000,-9.3007100000014962E+000, 1.0603436518735467E+001
-9.2997100000014967E+000,-9.2997100000014967E+000, 1.0603436405870056E+001
-9.2987100000014973E+000,-9.2987100000014973E+000, 1.0603436292987968E+001
-9.2977100000014978E+000,-9.2977100000014978E+000, 1.0603436180126183E+001
-9.2967100000014984E+000,-9.2967100000014984E+000, 1.0603436067234519E+001
-9.2957100000014989E+000,-9.2957100000014989E+000, 1.0603435954363420E+001
-9.2947100000014995E+000,-9.2947100000014995E+000, 1.0603435841493642E+001
-9.2937100000015000E+000,-9.2937100000015000E+000, 1.0603435728620926E+001
-9.2927100000015006E+000,-9.2927100000015006E+000, 1.0603435615742100E+001
-9.2917100000015012E+000,-9.2917100000015012E+000, 1.0603435502857039E+001
-9.2907100000015017E+000,-9.2907100000015017E+000, 1.0603435389981733E+001
-9.2897100000015023E+000,-9.2897100000015023E+000, 1.0603435277104087E+001
-9.2887100000015028E+000,-9.2887100000015028E+000, 1.0603435164225665E+001
-9.2877100000015034E+000,-9.2877100000015034E+000, 1.0603435051364521E+001
-9.2867100000015039E+000,-9.2867100000015039E+000, 1.0603434938466012E+001
-9.2857100000015045E+000,-9.2857100000015045E+000, 1.0603434825592124E+001
-9.2847100000015050E+000,-9.2847100000015050E+000, 1.0603434712707791E+001
-9.2837100000015056E+000,-9.2837100000015056E+000, 1.0603434599832029E+001
-9.2827100000015061E+000,-9.2827100000015061E+000, 1.0603434486952914E+001
-9.2817100000015067E+000,-9.2817100000015067E+000, 1.0603434374065323E+001
-9.2807100000015073E+000,-9.2807100000015073E+000, 1.0603434261187386E+001
-9.2797100000015078E+000,-9.2797100000015078E+000, 1.0603434148286510E+001
-9.2787100000015084E+000,-9.2787100000015084E+000, 1.0603434035411087E+001
-9.2777100000015089E+000,-9.2777100000015089E+000, 1.0603433922533849E+001
-9.2767100000015095E+000,-9.2767100000015095E+000, 1.0603433809648251E+001
-9.2757100000015100E+000,-9.2757100000015100E+000, 1.0603433696769283E+001
-9.2747100000015106E+000,-9.2747100000015106E+000, 1.0603433583877884E+001
-9.2737100000015111E+000,-9.2737100000015111E+000, 1.0603433470987410E+001
-9.2727100000015117E+000,-9.2727100000015117E+000, 1.0603433358096588E+001
-9.2717100000015122E+000,-9.2717100000015122E+000, 1.0603433245227352E+001
-9.2707100000015128E+000,-9.2707100000015128E+000, 1.0603433132335889E+001
-9.2697100000015134E+000,-9.2697100000015134E+000, 1.0603433019442976E+001
-9.2687100000015139E+000,-9.2687100000015139E+000, 1.0603432906543691E+001
-9.2677100000015145E+000,-9.2677100000015145E+000, 1.0603432793655482E+001
-9.2667100000015150E+000,-9.2667100000015150E+000, 1.0603432680774256E+001
-9.2657100000015156E+000,-9.2657100000015156E+000, 1.0603432567882296E+001
-9.2647100000015161E+000,-9.2647100000015161E+000, 1.0603432454993269E+001
-9.2637100000015167E+000,-9.2637100000015167E+000, 1.0603432342121920E+001
-9.2627100000015172E+000,-9.2627100000015172E+000, 1.0603432229202335E+001
-9.2617100000015178E+000,-9.2617100000015178E+000, 1.0603432116316593E+001
-9.2607100000015183E+000,-9.2607100000015183E+000, 1.0603432003426354E+001
-9.2597100000015189E+000,-9.2597100000015189E+000, 1.0603431890537285E+001
-9.2587100000015194E+000,-9.2587100000015194E+000, 1.0603431777648574E+001
-9.2577100000015200E+000,-9.2577100000015200E+000, 1.0603431664759189E+001
-9.2567100000015206E+000,-9.2567100000015206E+000, 1.0603431551844492E+001
-9.2557100000015211E+000,-9.2557100000015211E+000, 1.0603431438941149E+001
-9.2547100000015217E+000,-9.2547100000015217E+000, 1.0603431326065158E+001
-9.2537100000015222E+000,-9.2537100000015222E+000, 1.0603431213166161E+001
-9.2527100000015228E+000,-9.2527100000015228E+000, 1.0603431100277309E+001
-9.2517100000015233E+000,-9.2517100000015233E+000, 1.0603430987377482E+001
-9.2507100000015239E+000,-9.2507100000015239E+000, 1.0603430874469961E+001
-9.2497100000015244E+000,-9.2497100000015244E+000, 1.0603430761578737E+001
-9.2487100000015250E+000,-9.2487100000015250E+000, 1.0603430648682084E+001
-9.2477100000015255E+000,-9.2477100000015255E+000, 1.0603430535795226E+001
-9.2467100000015261E+000,-9.2467100000015261E+000, 1.0603430422901702E+001
-9.2457100000015267E+000,-9.2457100000015267E+000, 1.0603430309994589E+001
-9.2447100000015272E+000,-9.2447100000015272E+000, 1.0603430197084691E+001
-9.2437100000015278E+000,-9.2437100000015278E+000, 1.0603430084182950E+001
-9.2427100000015283E+000,-9.2427100000015283E+000, 1.0603429971286161E+001
-9.2417100000015289E+000,-9.2417100000015289E+000, 1.0603429858386848E+001
-9.2407100000015294E+000,-9.2407100000015294E+000, 1.0603429745487439E+001
-9.2397100000015300E+000,-9.2397100000015300E+000, 1.0603429632568375E+001
-9.2387100000015305E+000,-9.2387100000015305E+000, 1.0603429519664914E+001
-9.2377100000015311E+000,-9.2377100000015311E+000, 1.0603429406765635E+001
-9.2367100000015316E+000,-9.2367100000015316E+000, 1.0603429293862799E+001
-9.2357100000015322E+000,-9.2357100000015322E+000, 1.0603429180972828E+001
-9.2347100000015327E+000,-9.2347100000015327E+000, 1.0603429068064640E+001
-9.2337100000015333E+000,-9.2337100000015333E+000, 1.0603428955149479E+001
-9.2327100000015339E+000,-9.2327100000015339E+000, 1.0603428842240032E+001
-9.2317100000015344E+000,-9.2317100000015344E+000, 1.0603428729335427E+001
-9.2307100000015350E+000,-9.2307100000015350E+000, 1.0603428616431319E+001
-9.2297100000015355E+000,-9.2297100000015355E+000, 1.0603428503519197E+001
-9.2287100000015361E+000,-9.2287100000015361E+000, 1.0603428390609123E+001
-9.2277100000015366E+000,-9.2277100000015366E+000, 1.0603428277691119E+001
-9.2267100000015372E+000,-9.2267100000015372E+000, 1.0603428164799762E+001
-9.2257100000015377E+000,-9.2257100000015377E+000, 1.0603428051884347E+001
-9.2247100000015383E+000,-9.2247100000015383E+000, 1.0603427938973727E+001
-9.2237100000015388E+000,-9.2237100000015388E+000, 1.0603427826069938E+001
-9.2227100000015394E+000,-9.2227100000015394E+000, 1.0603427713159380E+001
-9.2217100000015400E+000,-9.2217100000015400E+000, 1.0603427600243547E+001
-9.2207100000015405E+000,-9.2207100000015405E+000, 1.0603427487327874E+001
-9.2197100000015411E+000,-9.2197100000015411E+000, 1.0603427374419150E+001
-9.2187100000015416E+000,-9.2187100000015416E+000, 1.0603427261509992E+001
-9.2177100000015422E+000,-9.2177100000015422E+000, 1.0603427148605483E+001
-9.2167100000015427E+000,-9.2167100000015427E+000, 1.0603427035670457E+001
-9.2157100000015433E+000,-9.2157100000015433E+000, 1.0603426922764639E+001
-9.2147100000015438E+000,-9.2147100000015438E+000, 1.0603426809838878E+001
-9.2137100000015444E+000,-9.2137100000015444E+000, 1.0603426696931011E+001
-9.2127100000015449E+000,-9.2127100000015449E+000, 1.0603426584022090E+001
-9.2117100000015455E+000,-9.2117100000015455E+000, 1.0603426471103811E+001
-9.2107100000015460E+000,-9.2107100000015460E+000, 1.0603426358179199E+001
-9.2097100000015466E+000,-9.2097100000015466E+000, 1.0603426245264298E+001
-9.2087100000015472E+000,-9.2087100000015472E+000, 1.0603426132348066E+001
-9.2077100000015477E+000,-9.2077100000015477E+000, 1.0603426019431112E+001
-9.2067100000015483E+000,-9.2067100000015483E+000, 1.0603425906517774E+001
-9.2057100000015488E+000,-9.2057100000015488E+000, 1.0603425793595202E+001
-9.2047100000015494E+000,-9.2047100000015494E+000, 1.0603425680671643E+001
-9.2037100000015499E+000,-9.2037100000015499E+000, 1.0603425567751703E+001
-9.2027100000015505E+000,-9.2027100000015505E+000, 1.0603425454820535E+001
-9.2017100000015510E+000,-9.2017100000015510E+000, 1.0603425341910590E+001
-9.2007100000015516E+000,-9.2007100000015516E+000, 1.0603425228992359E+001
-9.1997100000015521E+000,-9.1997100000015521E+000, 1.0603425116069850E+001
-9.1987100000015527E+000,-9.1987100000015527E+000, 1.0603425003141178E+001
-9.1977100000015533E+000,-9.1977100000015533E+000, 1.0603424890222254E+001
-9.1967100000015538E+000,-9.1967100000015538E+000, 1.0603424777288037E+001
-9.1957100000015544E+000,-9.1957100000015544E+000, 1.0603424664372845E+001
-9.1947100000015549E+000,-9.1947100000015549E+000, 1.0603424551440696E+001
-9.1937100000015555E+000,-9.1937100000015555E+000, 1.0603424438514596E+001
-9.1927100000015560E+000,-9.1927100000015560E+000, 1.0603424325590323E+001
-9.1917100000015566E+000,-9.1917100000015566E+000, 1.0603424212666443E+001
-9.1907100000015571E+000,-9.1907100000015571E+000, 1.0603424099733239E+001
-9.1897100000015577E+000,-9.1897100000015577E+000, 1.0603423986812995E+001
-9.1887100000015582E+000,-9.1887100000015582E+000, 1.0603423873889204E+001
-9.1877100000015588E+000,-9.1877100000015588E+000, 1.0603423760950959E+001
-9.1867100000015594E+000,-9.1867100000015594E+000, 1.0603423648023153E+001
-9.1857100000015599E+000,-9.1857100000015599E+000, 1.0603423535091705E+001
-9.1847100000015605E+000,-9.1847100000015605E+000, 1.0603423422165083E+001
-9.1837100000015610E+000,-9.1837100000015610E+000, 1.0603423309236636E+001
-9.1827100000015616E+000,-9.1827100000015616E+000, 1.0603423196312789E+001
-9.1817100000015621E+000,-9.1817100000015621E+000, 1.0603423083382054E+001
-9.1807100000015627E+000,-9.1807100000015627E+000, 1.0603422970444070E+001
-9.1797100000015632E+000,-9.1797100000015632E+000, 1.0603422857508175E+001
-9.1787100000015638E+000,-9.1787100000015638E+000, 1.0603422744580307E+001
-9.1777100000015643E+000,-9.1777100000015643E+000, 1.0603422631636040E+001
-9.1767100000015649E+000,-9.1767100000015649E+000, 1.0603422518715149E+001
-9.1757100000015654E+000,-9.1757100000015654E+000, 1.0603422405770786E+001
-9.1747100000015660E+000,-9.1747100000015660E+000, 1.0603422292845178E+001
-9.1737100000015666E+000,-9.1737100000015666E+000, 1.0603422179903596E+001
-9.1727100000015671E+000,-9.1727100000015671E+000, 1.0603422066981061E+001
-9.1717100000015677E+000,-9.1717100000015677E+000, 1.0603421954038240E+001
-9.1707100000015682E+000,-9.1707100000015682E+000, 1.0603421841094953E+001
-9.1697100000015688E+000,-9.1697100000015688E+000, 1.0603421728158660E+001
-9.1687100000015693E+000,-9.1687100000015693E+000, 1.0603421615223919E+001
-9.1677100000015699E+000,-9.1677100000015699E+000, 1.0603421502293873E+001
-9.1667100000015704E+000,-9.1667100000015704E+000, 1.0603421389350649E+001
-9.1657100000015710E+000,-9.1657100000015710E+000, 1.0603421276412607E+001
-9.1647100000015715E+000,-9.1647100000015715E+000, 1.0603421163464414E+001
-9.1637100000015721E+000,-9.1637100000015721E+000, 1.0603421050531153E+001
-9.1627100000015727E+000,-9.1627100000015727E+000, 1.0603420937588394E+001
-9.1617100000015732E+000,-9.1617100000015732E+000, 1.0603420824649616E+001
-9.1607100000015738E+000,-9.1607100000015738E+000, 1.0603420711699691E+001
-9.1597100000015743E+000,-9.1597100000015743E+000, 1.0603420598764918E+001
-9.1587100000015749E+000,-9.1587100000015749E+000, 1.0603420485817050E+001
-9.1577100000015754E+000,-9.1577100000015754E+000, 1.0603420372879695E+001
-9.1567100000015760E+000,-9.1567100000015760E+000, 1.0603420259941007E+001
-9.1557100000015765E+000,-9.1557100000015765E+000, 1.0603420146996276E+001
-9.1547100000015771E+000,-9.1547100000015771E+000, 1.0603420034039978E+001
-9.1537100000015776E+000,-9.1537100000015776E+000, 1.0603419921102915E+001
-9.1527100000015782E+000,-9.1527100000015782E+000, 1.0603419808156172E+001
-9.1517100000015787E+000,-9.1517100000015787E+000, 1.0603419695213738E+001
-9.1507100000015793E+000,-9.1507100000015793E+000, 1.0603419582266763E+001
-9.1497100000015799E+000,-9.1497100000015799E+000, 1.0603419469320638E+001
-9.1487100000015804E+000,-9.1487100000015804E+000, 1.0603419356370836E+001
-9.1477100000015810E+000,-9.1477100000015810E+000, 1.0603419243418214E+001
-9.1467100000015815E+000,-9.1467100000015815E+000, 1.0603419130474151E+001
-9.1457100000015821E+000,-9.1457100000015821E+000, 1.0603419017528012E+001
-9.1447100000015826E+000,-9.1447100000015826E+000, 1.0603418904581799E+001
-9.1437100000015832E+000,-9.1437100000015832E+000, 1.0603418791623238E+001
-9.1427100000015837E+000,-9.1427100000015837E+000, 1.0603418678672234E+001
-9.1417100000015843E+000,-9.1417100000015843E+000, 1.0603418565718460E+001
-9.1407100000015848E+000,-9.1407100000015848E+000, 1.0603418452771555E+001
-9.1397100000015854E+000,-9.1397100000015854E+000, 1.0603418339824218E+001
-9.1387100000015860E+000,-9.1387100000015860E+000, 1.0603418226875148E+001
-9.1377100000015865E+000,-9.1377100000015865E+000, 1.0603418113913399E+001
-9.1367100000015871E+000,-9.1367100000015871E+000, 1.0603418000960136E+001
-9.1357100000015876E+000,-9.1357100000015876E+000, 1.0603417888005499E+001
-9.1347100000015882E+000,-9.1347100000015882E+000, 1.0603417775054464E+001
-9.1337100000015887E+000,-9.1337100000015887E+000, 1.0603417662092204E+001
-9.1327100000015893E+000,-9.1327100000015893E+000, 1.0603417549146860E+001
-9.1317100000015898E+000,-9.1317100000015898E+000, 1.0603417436184451E+001
-9.1307100000015904E+000,-9.1307100000015904E+000, 1.0603417323230371E+001
-9.1297100000015909E+000,-9.1297100000015909E+000, 1.0603417210266260E+001
-9.1287100000015915E+000,-9.1287100000015915E+000, 1.0603417097320413E+001
-9.1277100000015921E+000,-9.1277100000015921E+000, 1.0603416984360567E+001
-9.1267100000015926E+000,-9.1267100000015926E+000, 1.0603416871399521E+001
-9.1257100000015932E+000,-9.1257100000015932E+000, 1.0603416758438762E+001
-9.1247100000015937E+000,-9.1247100000015937E+000, 1.0603416645481651E+001
-9.1237100000015943E+000,-9.1237100000015943E+000, 1.0603416532516652E+001
-9.1227100000015948E+000,-9.1227100000015948E+000, 1.0603416419571978E+001
-9.1217100000015954E+000,-9.1217100000015954E+000, 1.0603416306600739E+001
-9.1207100000015959E+000,-9.1207100000015959E+000, 1.0603416193639490E+001
-9.1197100000015965E+000,-9.1197100000015965E+000, 1.0603416080671284E+001
-9.1187100000015970E+000,-9.1187100000015970E+000, 1.0603415967703484E+001
-9.1177100000015976E+000,-9.1177100000015976E+000, 1.0603415854748956E+001
-9.1167100000015981E+000,-9.1167100000015981E+000, 1.0603415741794242E+001
-9.1157100000015987E+000,-9.1157100000015987E+000, 1.0603415628841809E+001
-9.1147100000015993E+000,-9.1147100000015993E+000, 1.0603415515869809E+001
-9.1137100000015998E+000,-9.1137100000015998E+000, 1.0603415402894113E+001
-9.1127100000016004E+000,-9.1127100000016004E+000, 1.0603415289929252E+001
-9.1117100000016009E+000,-9.1117100000016009E+000, 1.0603415176960077E+001
-9.1107100000016015E+000,-9.1107100000016015E+000, 1.0603415064002688E+001
-9.1097100000016020E+000,-9.1097100000016020E+000, 1.0603414951035420E+001
-9.1087100000016026E+000,-9.1087100000016026E+000, 1.0603414838069432E+001
-9.1077100000016031E+000,-9.1077100000016031E+000, 1.0603414725099480E+001
-9.1067100000016037E+000,-9.1067100000016037E+000, 1.0603414612130704E+001
-9.1057100000016042E+000,-9.1057100000016042E+000, 1.0603414499171233E+001
-9.1047100000016048E+000,-9.1047100000016048E+000, 1.0603414386198450E+001
-9.1037100000016054E+000,-9.1037100000016054E+000, 1.0603414273225527E+001
-9.1027100000016059E+000,-9.1027100000016059E+000, 1.0603414160251898E+001
-9.1017100000016065E+000,-9.1017100000016065E+000, 1.0603414047280877E+001
-9.1007100000016070E+000,-9.1007100000016070E+000, 1.0603413934312275E+001
-9.0997100000016076E+000,-9.0997100000016076E+000, 1.0603413821341073E+001
-9.0987100000016081E+000,-9.0987100000016081E+000, 1.0603413708363757E+001
-9.0977100000016087E+000,-9.0977100000016087E+000, 1.0603413595395192E+001
-9.0967100000016092E+000,-9.0967100000016092E+000, 1.0603413482417615E+001
-9.0957100000016098E+000,-9.0957100000016098E+000, 1.0603413369433678E+001
-9.0947100000016103E+000,-9.0947100000016103E+000, 1.0603413256461819E+001
-9.0937100000016109E+000,-9.0937100000016109E+000, 1.0603413143490714E+001
-9.0927100000016114E+000,-9.0927100000016114E+000, 1.0603413030516622E+001
-9.0917100000016120E+000,-9.0917100000016120E+000, 1.0603412917548365E+001
-9.0907100000016126E+000,-9.0907100000016126E+000, 1.0603412804562378E+001
-9.0897100000016131E+000,-9.0897100000016131E+000, 1.0603412691587996E+001
-9.0887100000016137E+000,-9.0887100000016137E+000, 1.0603412578618702E+001
-9.0877100000016142E+000,-9.0877100000016142E+000, 1.0603412465647903E+001
-9.0867100000016148E+000,-9.0867100000016148E+000, 1.0603412352663367E+001
-9.0857100000016153E+000,-9.0857100000016153E+000, 1.0603412239685314E+001
-9.0847100000016159E+000,-9.0847100000016159E+000, 1.0603412126702500E+001
-9.0837100000016164E+000,-9.0837100000016164E+000, 1.0603412013726141E+001
-9.0827100000016170E+000,-9.0827100000016170E+000, 1.0603411900741998E+001
-9.0817100000016175E+000,-9.0817100000016175E+000, 1.0603411787766561E+001
-9.0807100000016181E+000,-9.0807100000016181E+000, 1.0603411674782073E+001
-9.0797100000016187E+000,-9.0797100000016187E+000, 1.0603411561806247E+001
-9.0787100000016192E+000,-9.0787100000016192E+000, 1.0603411448819394E+001
-9.0777100000016198E+000,-9.0777100000016198E+000, 1.0603411335833441E+001
-9.0767100000016203E+000,-9.0767100000016203E+000, 1.0603411222854511E+001
-9.0757100000016209E+000,-9.0757100000016209E+000, 1.0603411109861172E+001
-9.0747100000016214E+000,-9.0747100000016214E+000, 1.0603410996875240E+001
-9.0737100000016220E+000,-9.0737100000016220E+000, 1.0603410883910213E+001
-9.0727100000016225E+000,-9.0727100000016225E+000, 1.0603410770903636E+001
-9.0717100000016231E+000,-9.0717100000016231E+000, 1.0603410657922538E+001
-9.0707100000016236E+000,-9.0707100000016236E+000, 1.0603410544954631E+001
-9.0697100000016242E+000,-9.0697100000016242E+000, 1.0603410431952256E+001
-9.0687100000016247E+000,-9.0687100000016247E+000, 1.0603410318967216E+001
-9.0677100000016253E+000,-9.0677100000016253E+000, 1.0603410205986478E+001
-9.0667100000016259E+000,-9.0667100000016259E+000, 1.0603410092983546E+001
-9.0657100000016264E+000,-9.0657100000016264E+000, 1.0603409980007111E+001
-9.0647100000016270E+000,-9.0647100000016270E+000, 1.0603409867022602E+001
-9.0637100000016275E+000,-9.0637100000016275E+000, 1.0603409754026158E+001
-9.0627100000016281E+000,-9.0627100000016281E+000, 1.0603409641042560E+001
-9.0617100000016286E+000,-9.0617100000016286E+000, 1.0603409528053422E+001
-9.0607100000016292E+000,-9.0607100000016292E+000, 1.0603409415054744E+001
-9.0597100000016297E+000,-9.0597100000016297E+000, 1.0603409302068020E+001
-9.0587100000016303E+000,-9.0587100000016303E+000, 1.0603409189072369E+001
-9.0577100000016308E+000,-9.0577100000016308E+000, 1.0603409076080046E+001
-9.0567100000016314E+000,-9.0567100000016314E+000, 1.0603408963095820E+001
-9.0557100000016320E+000,-9.0557100000016320E+000, 1.0603408850107868E+001
-9.0547100000016325E+000,-9.0547100000016325E+000, 1.0603408737089133E+001
-9.0537100000016331E+000,-9.0537100000016331E+000, 1.0603408624109244E+001
-9.0527100000016336E+000,-9.0527100000016336E+000, 1.0603408511108720E+001
-9.0517100000016342E+000,-9.0517100000016342E+000, 1.0603408398128083E+001
-9.0507100000016347E+000,-9.0507100000016347E+000, 1.0603408285128504E+001
-9.0497100000016353E+000,-9.0497100000016353E+000, 1.0603408172121899E+001
-9.0487100000016358E+000,-9.0487100000016358E+000, 1.0603408059128341E+001
-9.0477100000016364E+000,-9.0477100000016364E+000, 1.0603407946128240E+001
-9.0467100000016369E+000,-9.0467100000016369E+000, 1.0603407833130548E+001
-9.0457100000016375E+000,-9.0457100000016375E+000, 1.0603407720129928E+001
-9.0447100000016381E+000,-9.0447100000016381E+000, 1.0603407607140177E+001
-9.0437100000016386E+000,-9.0437100000016386E+000, 1.0603407494137477E+001
-9.0427100000016392E+000,-9.0427100000016392E+000, 1.0603407381134637E+001
-9.0417100000016397E+000,-9.0417100000016397E+000, 1.0603407268124741E+001
-9.0407100000016403E+000,-9.0407100000016403E+000, 1.0603407155134228E+001
-9.0397100000016408E+000,-9.0397100000016408E+000, 1.0603407042135094E+001
-9.0387100000016414E+000,-9.0387100000016414E+000, 1.0603406929142601E+001
-9.0377100000016419E+000,-9.0377100000016419E+000, 1.0603406816128029E+001
-9.0367100000016425E+000,-9.0367100000016425E+000, 1.0603406703129288E+001
-9.0357100000016430E+000,-9.0357100000016430E+000, 1.0603406590115416E+001
-9.0347100000016436E+000,-9.0347100000016436E+000, 1.0603406477116330E+001
-9.0337100000016441E+000,-9.0337100000016441E+000, 1.0603406364116079E+001
-9.0327100000016447E+000,-9.0327100000016447E+000, 1.0603406251125769E+001
-9.0317100000016453E+000,-9.0317100000016453E+000, 1.0603406138106154E+001
-9.0307100000016458E+000,-9.0307100000016458E+000, 1.0603406025099822E+001
-9.0297100000016464E+000,-9.0297100000016464E+000, 1.0603405912092223E+001
-9.0287100000016469E+000,-9.0287100000016469E+000, 1.0603405799086236E+001
-9.0277100000016475E+000,-9.0277100000016475E+000, 1.0603405686081642E+001
-9.0267100000016480E+000,-9.0267100000016480E+000, 1.0603405573063416E+001
-9.0257100000016486E+000,-9.0257100000016486E+000, 1.0603405460068657E+001
-9.0247100000016491E+000,-9.0247100000016491E+000, 1.0603405347041090E+001
-9.0237100000016497E+000,-9.0237100000016497E+000, 1.0603405234038290E+001
-9.0227100000016502E+000,-9.0227100000016502E+000, 1.0603405121041028E+001
-9.0217100000016508E+000,-9.0217100000016508E+000, 1.0603405008027266E+001
-9.0207100000016514E+000,-9.0207100000016514E+000, 1.0603404895013270E+001
-9.0197100000016519E+000,-9.0197100000016519E+000, 1.0603404782003885E+001
-9.0187100000016525E+000,-9.0187100000016525E+000, 1.0603404668991978E+001
-9.0177100000016530E+000,-9.0177100000016530E+000, 1.0603404555974944E+001
-9.0167100000016536E+000,-9.0167100000016536E+000, 1.0603404442971073E+001
-9.0157100000016541E+000,-9.0157100000016541E+000, 1.0603404329969967E+001
-9.0147100000016547E+000,-9.0147100000016547E+000, 1.0603404216951287E+001
-9.0137100000016552E+000,-9.0137100000016552E+000, 1.0603404103927978E+001
-9.0127100000016558E+000,-9.0127100000016558E+000, 1.0603403990906132E+001
-9.0117100000016563E+000,-9.0117100000016563E+000, 1.0603403877899630E+001
-9.0107100000016569E+000,-9.0107100000016569E+000, 1.0603403764895001E+001
-9.0097100000016574E+000,-9.0097100000016574E+000, 1.0603403651882408E+001
-9.0087100000016580E+000,-9.0087100000016580E+000, 1.0603403538843219E+001
-9.0077100000016586E+000,-9.0077100000016586E+000, 1.0603403425835376E+001
-9.0067100000016591E+000,-9.0067100000016591E+000, 1.0603403312808943E+001
-9.0057100000016597E+000,-9.0057100000016597E+000, 1.0603403199799196E+001
-9.0047100000016602E+000,-9.0047100000016602E+000, 1.0603403086787303E+001
-9.0037100000016608E+000,-9.0037100000016608E+000, 1.0603402973756396E+001
-9.0027100000016613E+000,-9.0027100000016613E+000, 1.0603402860738075E+001
-9.0017100000016619E+000,-9.0017100000016619E+000, 1.0603402747716160E+001
-9.0007100000016624E+000,-9.0007100000016624E+000, 1.0603402634707484E+001
-8.9997100000016630E+000,-8.9997100000016630E+000, 1.0603402521691198E+001
-8.9987100000016635E+000,-8.9987100000016635E+000, 1.0603402408670666E+001
-8.9977100000016641E+000,-8.9977100000016641E+000, 1.0603402295639615E+001
-8.9967100000016647E+000,-8.9967100000016647E+000, 1.0603402182604212E+001
-8.9957100000016652E+000,-8.9957100000016652E+000, 1.0603402069584245E+001
-8.9947100000016658E+000,-8.9947100000016658E+000, 1.0603401956565154E+001
-8.9937100000016663E+000,-8.9937100000016663E+000, 1.0603401843551730E+001
-8.9927100000016669E+000,-8.9927100000016669E+000, 1.0603401730526180E+001
-8.9917100000016674E+000,-8.9917100000016674E+000, 1.0603401617505829E+001
-8.9907100000016680E+000,-8.9907100000016680E+000, 1.0603401504465667E+001
-8.9897100000016685E+000,-8.9897100000016685E+000, 1.0603401391438105E+001
-8.9887100000016691E+000,-8.9887100000016691E+000, 1.0603401278408299E+001
-8.9877100000016696E+000,-8.9877100000016696E+000, 1.0603401165396718E+001
-8.9867100000016702E+000,-8.9867100000016702E+000, 1.0603401052364099E+001
-8.9857100000016707E+000,-8.9857100000016707E+000, 1.0603400939336085E+001
-8.9847100000016713E+000,-8.9847100000016713E+000, 1.0603400826300149E+001
-8.9837100000016719E+000,-8.9837100000016719E+000, 1.0603400713272947E+001
-8.9827100000016724E+000,-8.9827100000016724E+000, 1.0603400600249699E+001
-8.9817100000016730E+000,-8.9817100000016730E+000, 1.0603400487222583E+001
-8.9807100000016735E+000,-8.9807100000016735E+000, 1.0603400374190301E+001
-8.9797100000016741E+000,-8.9797100000016741E+000, 1.0603400261156150E+001
-8.9787100000016746E+000,-8.9787100000016746E+000, 1.0603400148119231E+001
-8.9777100000016752E+000,-8.9777100000016752E+000, 1.0603400035089892E+001
-8.9767100000016757E+000,-8.9767100000016757E+000, 1.0603399922066748E+001
-8.9757100000016763E+000,-8.9757100000016763E+000, 1.0603399809033510E+001
-8.9747100000016768E+000,-8.9747100000016768E+000, 1.0603399695995900E+001
-8.9737100000016774E+000,-8.9737100000016774E+000, 1.0603399582952107E+001
-8.9727100000016780E+000,-8.9727100000016780E+000, 1.0603399469923412E+001
-8.9717100000016785E+000,-8.9717100000016785E+000, 1.0603399356896871E+001
-8.9707100000016791E+000,-8.9707100000016791E+000, 1.0603399243859069E+001
-8.9697100000016796E+000,-8.9697100000016796E+000, 1.0603399130822181E+001
-8.9687100000016802E+000,-8.9687100000016802E+000, 1.0603399017790997E+001
-8.9677100000016807E+000,-8.9677100000016807E+000, 1.0603398904753966E+001
-8.9667100000016813E+000,-8.9667100000016813E+000, 1.0603398791703391E+001
-8.9657100000016818E+000,-8.9657100000016818E+000, 1.0603398678674980E+001
-8.9647100000016824E+000,-8.9647100000016824E+000, 1.0603398565638315E+001
-8.9637100000016829E+000,-8.9637100000016829E+000, 1.0603398452605003E+001
-8.9627100000016835E+000,-8.9627100000016835E+000, 1.0603398339549504E+001
-8.9617100000016841E+000,-8.9617100000016841E+000, 1.0603398226507483E+001
-8.9607100000016846E+000,-8.9607100000016846E+000, 1.0603398113477283E+001
-8.9597100000016852E+000,-8.9597100000016852E+000, 1.0603398000438117E+001
-8.9587100000016857E+000,-8.9587100000016857E+000, 1.0603397887406622E+001
-8.9577100000016863E+000,-8.9577100000016863E+000, 1.0603397774353068E+001
-8.9567100000016868E+000,-8.9567100000016868E+000, 1.0603397661313046E+001
-8.9557100000016874E+000,-8.9557100000016874E+000, 1.0603397548260141E+001
-8.9547100000016879E+000,-8.9547100000016879E+000, 1.0603397435222083E+001
-8.9537100000016885E+000,-8.9537100000016885E+000, 1.0603397322189220E+001
-8.9527100000016890E+000,-8.9527100000016890E+000, 1.0603397209137807E+001
-8.9517100000016896E+000,-8.9517100000016896E+000, 1.0603397096092433E+001
-8.9507100000016901E+000,-8.9507100000016901E+000, 1.0603396983046544E+001
-8.9497100000016907E+000,-8.9497100000016907E+000, 1.0603396869990327E+001
-8.9487100000016913E+000,-8.9487100000016913E+000, 1.0603396756954375E+001
-8.9477100000016918E+000,-8.9477100000016918E+000, 1.0603396643909104E+001
-8.9467100000016924E+000,-8.9467100000016924E+000, 1.0603396530870167E+001
-8.9457100000016929E+000,-8.9457100000016929E+000, 1.0603396417811441E+001
-8.9447100000016935E+000,-8.9447100000016935E+000, 1.0603396304752319E+001
-8.9437100000016940E+000,-8.9437100000016940E+000, 1.0603396191711829E+001
-8.9427100000016946E+000,-8.9427100000016946E+000, 1.0603396078677960E+001
-8.9417100000016951E+000,-8.9417100000016951E+000, 1.0603395965620987E+001
-8.9407100000016957E+000,-8.9407100000016957E+000, 1.0603395852581819E+001
-8.9397100000016962E+000,-8.9397100000016962E+000, 1.0603395739512640E+001
-8.9387100000016968E+000,-8.9387100000016968E+000, 1.0603395626459719E+001
-8.9377100000016974E+000,-8.9377100000016974E+000, 1.0603395513412288E+001
-8.9367100000016979E+000,-8.9367100000016979E+000, 1.0603395400362109E+001
-8.9357100000016985E+000,-8.9357100000016985E+000, 1.0603395287320755E+001
-8.9347100000016990E+000,-8.9347100000016990E+000, 1.0603395174256676E+001
-8.9337100000016996E+000,-8.9337100000016996E+000, 1.0603395061198491E+001
-8.9327100000017001E+000,-8.9327100000017001E+000, 1.0603394948150484E+001
-8.9317100000017007E+000,-8.9317100000017007E+000, 1.0603394835093797E+001
-8.9307100000017012E+000,-8.9307100000017012E+000, 1.0603394722042456E+001
-8.9297100000017018E+000,-8.9297100000017018E+000, 1.0603394608991636E+001
-8.9287100000017023E+000,-8.9287100000017023E+000, 1.0603394495926146E+001
-8.9277100000017029E+000,-8.9277100000017029E+000, 1.0603394382867098E+001
-8.9267100000017034E+000,-8.9267100000017034E+000, 1.0603394269814945E+001
-8.9257100000017040E+000,-8.9257100000017040E+000, 1.0603394156753982E+001
-8.9247100000017046E+000,-8.9247100000017046E+000, 1.0603394043703727E+001
-8.9237100000017051E+000,-8.9237100000017051E+000, 1.0603393930644479E+001
-8.9227100000017057E+000,-8.9227100000017057E+000, 1.0603393817578889E+001
-8.9217100000017062E+000,-8.9217100000017062E+000, 1.0603393704522054E+001
-8.9207100000017068E+000,-8.9207100000017068E+000, 1.0603393591458509E+001
-8.9197100000017073E+000,-8.9197100000017073E+000, 1.0603393478403692E+001
-8.9187100000017079E+000,-8.9187100000017079E+000, 1.0603393365353845E+001
-8.9177100000017084E+000,-8.9177100000017084E+000, 1.0603393252283150E+001
-8.9167100000017090E+000,-8.9167100000017090E+000, 1.0603393139219397E+001
-8.9157100000017095E+000,-8.9157100000017095E+000, 1.0603393026151162E+001
-8.9147100000017101E+000,-8.9147100000017101E+000, 1.0603392913088427E+001
-8.9137100000017107E+000,-8.9137100000017107E+000, 1.0603392800036890E+001
-8.9127100000017112E+000,-8.9127100000017112E+000, 1.0603392686967013E+001
-8.9117100000017118E+000,-8.9117100000017118E+000, 1.0603392573886163E+001
-8.9107100000017123E+000,-8.9107100000017123E+000, 1.0603392460826569E+001
-8.9097100000017129E+000,-8.9097100000017129E+000, 1.0603392347765041E+001
-8.9087100000017134E+000,-8.9087100000017134E+000, 1.0603392234704760E+001
-8.9077100000017140E+000,-8.9077100000017140E+000, 1.0603392121638812E+001
-8.9067100000017145E+000,-8.9067100000017145E+000, 1.0603392008576000E+001
-8.9057100000017151E+000,-8.9057100000017151E+000, 1.0603391895497603E+001
-8.9047100000017156E+000,-8.9047100000017156E+000, 1.0603391782427657E+001
-8.9037100000017162E+000,-8.9037100000017162E+000, 1.0603391669368971E+001
-8.9027100000017168E+000,-8.9027100000017168E+000, 1.0603391556307999E+001
-8.9017100000017173E+000,-8.9017100000017173E+000, 1.0603391443227242E+001
-8.9007100000017179E+000,-8.9007100000017179E+000, 1.0603391330159775E+001
-8.8997100000017184E+000,-8.8997100000017184E+000, 1.0603391217088777E+001
-8.8987100000017190E+000,-8.8987100000017190E+000, 1.0603391104013960E+001
-8.8977100000017195E+000,-8.8977100000017195E+000, 1.0603390990943634E+001
-8.8967100000017201E+000,-8.8967100000017201E+000, 1.0603390877873796E+001
-8.8957100000017206E+000,-8.8957100000017206E+000, 1.0603390764806624E+001
-8.8947100000017212E+000,-8.8947100000017212E+000, 1.0603390651722851E+001
-8.8937100000017217E+000,-8.8937100000017217E+000, 1.0603390538654805E+001
-8.8927100000017223E+000,-8.8927100000017223E+000, 1.0603390425576954E+001
-8.8917100000017228E+000,-8.8917100000017228E+000, 1.0603390312514088E+001
-8.8907100000017234E+000,-8.8907100000017234E+000, 1.0603390199444728E+001
-8.8897100000017240E+000,-8.8897100000017240E+000, 1.0603390086360779E+001
-8.8887100000017245E+000,-8.8887100000017245E+000, 1.0603389973278301E+001
-8.8877100000017251E+000,-8.8877100000017251E+000, 1.0603389860208516E+001
-8.8867100000017256E+000,-8.8867100000017256E+000, 1.0603389747126480E+001
-8.8857100000017262E+000,-8.8857100000017262E+000, 1.0603389634052981E+001
-8.8847100000017267E+000,-8.8847100000017267E+000, 1.0603389520986797E+001
-8.8837100000017273E+000,-8.8837100000017273E+000, 1.0603389407902815E+001
-8.8827100000017278E+000,-8.8827100000017278E+000, 1.0603389294816573E+001
-8.8817100000017284E+000,-8.8817100000017284E+000, 1.0603389181734862E+001
-8.8807100000017289E+000,-8.8807100000017289E+000, 1.0603389068653627E+001
-8.8797100000017295E+000,-8.8797100000017295E+000, 1.0603388955579378E+001
-8.8787100000017301E+000,-8.8787100000017301E+000, 1.0603388842494033E+001
-8.8777100000017306E+000,-8.8777100000017306E+000, 1.0603388729418242E+001
-8.8767100000017312E+000,-8.8767100000017312E+000, 1.0603388616330157E+001
-8.8757100000017317E+000,-8.8757100000017317E+000, 1.0603388503259275E+001
-8.8747100000017323E+000,-8.8747100000017323E+000, 1.0603388390161621E+001
-8.8737100000017328E+000,-8.8737100000017328E+000, 1.0603388277090026E+001
-8.8727100000017334E+000,-8.8727100000017334E+000, 1.0603388164010303E+001
-8.8717100000017339E+000,-8.8717100000017339E+000, 1.0603388050920950E+001
-8.8707100000017345E+000,-8.8707100000017345E+000, 1.0603387937831558E+001
-8.8697100000017350E+000,-8.8697100000017350E+000, 1.0603387824745852E+001
-8.8687100000017356E+000,-8.8687100000017356E+000, 1.0603387711663869E+001
-8.8677100000017361E+000,-8.8677100000017361E+000, 1.0603387598582362E+001
-8.8667100000017367E+000,-8.8667100000017367E+000, 1.0603387485490522E+001
-8.8657100000017373E+000,-8.8657100000017373E+000, 1.0603387372394607E+001
-8.8647100000017378E+000,-8.8647100000017378E+000, 1.0603387259317881E+001
-8.8637100000017384E+000,-8.8637100000017384E+000, 1.0603387146222142E+001
-8.8627100000017389E+000,-8.8627100000017389E+000, 1.0603387033147358E+001
-8.8617100000017395E+000,-8.8617100000017395E+000, 1.0603386920049321E+001
-8.8607100000017400E+000,-8.8607100000017400E+000, 1.0603386806963439E+001
-8.8597100000017406E+000,-8.8597100000017406E+000, 1.0603386693866609E+001
-8.8587100000017411E+000,-8.8587100000017411E+000, 1.0603386580779720E+001
-8.8577100000017417E+000,-8.8577100000017417E+000, 1.0603386467680510E+001
-8.8567100000017422E+000,-8.8567100000017422E+000, 1.0603386354590809E+001
-8.8557100000017428E+000,-8.8557100000017428E+000, 1.0603386241514785E+001
-8.8547100000017434E+000,-8.8547100000017434E+000, 1.0603386128412879E+001
-8.8537100000017439E+000,-8.8537100000017439E+000, 1.0603386015322037E+001
-8.8527100000017445E+000,-8.8527100000017445E+000, 1.0603385902226888E+001
-8.8517100000017450E+000,-8.8517100000017450E+000, 1.0603385789134927E+001
-8.8507100000017456E+000,-8.8507100000017456E+000, 1.0603385676034037E+001
-8.8497100000017461E+000,-8.8497100000017461E+000, 1.0603385562944837E+001
-8.8487100000017467E+000,-8.8487100000017467E+000, 1.0603385449847007E+001
-8.8477100000017472E+000,-8.8477100000017472E+000, 1.0603385336745857E+001
-8.8467100000017478E+000,-8.8467100000017478E+000, 1.0603385223663222E+001
-8.8457100000017483E+000,-8.8457100000017483E+000, 1.0603385110561236E+001
-8.8447100000017489E+000,-8.8447100000017489E+000, 1.0603384997465538E+001
-8.8437100000017494E+000,-8.8437100000017494E+000, 1.0603384884360695E+001
-8.8427100000017500E+000,-8.8427100000017500E+000, 1.0603384771266551E+001
-8.8417100000017506E+000,-8.8417100000017506E+000, 1.0603384658170052E+001
-8.8407100000017511E+000,-8.8407100000017511E+000, 1.0603384545063168E+001
-8.8397100000017517E+000,-8.8397100000017517E+000, 1.0603384431959519E+001
-8.8387100000017522E+000,-8.8387100000017522E+000, 1.0603384318864986E+001
-8.8377100000017528E+000,-8.8377100000017528E+000, 1.0603384205766735E+001
-8.8367100000017533E+000,-8.8367100000017533E+000, 1.0603384092652679E+001
-8.8357100000017539E+000,-8.8357100000017539E+000, 1.0603383979556703E+001
-8.8347100000017544E+000,-8.8347100000017544E+000, 1.0603383866455335E+001
-8.8337100000017550E+000,-8.8337100000017550E+000, 1.0603383753352125E+001
-8.8327100000017555E+000,-8.8327100000017555E+000, 1.0603383640240477E+001
-8.8317100000017561E+000,-8.8317100000017561E+000, 1.0603383527139814E+001
-8.8307100000017567E+000,-8.8307100000017567E+000, 1.0603383414041888E+001
-8.8297100000017572E+000,-8.8297100000017572E+000, 1.0603383300946698E+001
-8.8287100000017578E+000,-8.8287100000017578E+000, 1.0603383187827230E+001
-8.8277100000017583E+000,-8.8277100000017583E+000, 1.0603383074725588E+001
-8.8267100000017589E+000,-8.8267100000017589E+000, 1.0603382961617523E+001
-8.8257100000017594E+000,-8.8257100000017594E+000, 1.0603382848510572E+001
-8.8247100000017600E+000,-8.8247100000017600E+000, 1.0603382735411607E+001
-8.8237100000017605E+000,-8.8237100000017605E+000, 1.0603382622295243E+001
-8.8227100000017611E+000,-8.8227100000017611E+000, 1.0603382509180589E+001
-8.8217100000017616E+000,-8.8217100000017616E+000, 1.0603382396080324E+001
-8.8207100000017622E+000,-8.8207100000017622E+000, 1.0603382282972500E+001
-8.8197100000017628E+000,-8.8197100000017628E+000, 1.0603382169861440E+001
-8.8187100000017633E+000,-8.8187100000017633E+000, 1.0603382056752885E+001
-8.8177100000017639E+000,-8.8177100000017639E+000, 1.0603381943638398E+001
-8.8167100000017644E+000,-8.8167100000017644E+000, 1.0603381830533692E+001
-8.8157100000017650E+000,-8.8157100000017650E+000, 1.0603381717413614E+001
-8.8147100000017655E+000,-8.8147100000017655E+000, 1.0603381604303001E+001
-8.8137100000017661E+000,-8.8137100000017661E+000, 1.0603381491192035E+001
-8.8127100000017666E+000,-8.8127100000017666E+000, 1.0603381378083698E+001
-8.8117100000017672E+000,-8.8117100000017672E+000, 1.0603381264959772E+001
-8.8107100000017677E+000,-8.8107100000017677E+000, 1.0603381151849575E+001
-8.8097100000017683E+000,-8.8097100000017683E+000, 1.0603381038735879E+001
-8.8087100000017688E+000,-8.8087100000017688E+000, 1.0603380925630031E+001
-8.8077100000017694E+000,-8.8077100000017694E+000, 1.0603380812493754E+001
-8.8067100000017700E+000,-8.8067100000017700E+000, 1.0603380699385722E+001
-8.8057100000017705E+000,-8.8057100000017705E+000, 1.0603380586264000E+001
-8.8047100000017711E+000,-8.8047100000017711E+000, 1.0603380473145466E+001
-8.8037100000017716E+000,-8.8037100000017716E+000, 1.0603380360030666E+001
-8.8027100000017722E+000,-8.8027100000017722E+000, 1.0603380246920644E+001
-8.8017100000017727E+000,-8.8017100000017727E+000, 1.0603380133800439E+001
-8.8007100000017733E+000,-8.8007100000017733E+000, 1.0603380020680184E+001
-8.7997100000017738E+000,-8.7997100000017738E+000, 1.0603379907561582E+001
-8.7987100000017744E+000,-8.7987100000017744E+000, 1.0603379794432652E+001
-8.7977100000017749E+000,-8.7977100000017749E+000, 1.0603379681318696E+001
-8.7967100000017755E+000,-8.7967100000017755E+000, 1.0603379568195940E+001
-8.7957100000017761E+000,-8.7957100000017761E+000, 1.0603379455079809E+001
-8.7947100000017766E+000,-8.7947100000017766E+000, 1.0603379341953602E+001
-8.7937100000017772E+000,-8.7937100000017772E+000, 1.0603379228837975E+001
-8.7927100000017777E+000,-8.7927100000017777E+000, 1.0603379115698713E+001
-8.7917100000017783E+000,-8.7917100000017783E+000, 1.0603379002586621E+001
-8.7907100000017788E+000,-8.7907100000017788E+000, 1.0603378889463110E+001
-8.7897100000017794E+000,-8.7897100000017794E+000, 1.0603378776338520E+001
-8.7887100000017799E+000,-8.7887100000017799E+000, 1.0603378663208872E+001
-8.7877100000017805E+000,-8.7877100000017805E+000, 1.0603378550073014E+001
-8.7867100000017810E+000,-8.7867100000017810E+000, 1.0603378436966240E+001
-8.7857100000017816E+000,-8.7857100000017816E+000, 1.0603378323838490E+001
-8.7847100000017821E+000,-8.7847100000017821E+000, 1.0603378210704953E+001
-8.7837100000017827E+000,-8.7837100000017827E+000, 1.0603378097581217E+001
-8.7827100000017833E+000,-8.7827100000017833E+000, 1.0603377984442149E+001
-8.7817100000017838E+000,-8.7817100000017838E+000, 1.0603377871315814E+001
-8.7807100000017844E+000,-8.7807100000017844E+000, 1.0603377758194592E+001
-8.7797100000017849E+000,-8.7797100000017849E+000, 1.0603377645067528E+001
-8.7787100000017855E+000,-8.7787100000017855E+000, 1.0603377531935255E+001
-8.7777100000017860E+000,-8.7777100000017860E+000, 1.0603377418790416E+001
-8.7767100000017866E+000,-8.7767100000017866E+000, 1.0603377305678471E+001
-8.7757100000017871E+000,-8.7757100000017871E+000, 1.0603377192538353E+001
-8.7747100000017877E+000,-8.7747100000017877E+000, 1.0603377079406165E+001
-8.7737100000017882E+000,-8.7737100000017882E+000, 1.0603376966271254E+001
-8.7727100000017888E+000,-8.7727100000017888E+000, 1.0603376853137899E+001
-8.7717100000017894E+000,-8.7717100000017894E+000, 1.0603376739994239E+001
-8.7707100000017899E+000,-8.7707100000017899E+000, 1.0603376626865526E+001
-8.7697100000017905E+000,-8.7697100000017905E+000, 1.0603376513736675E+001
-8.7687100000017910E+000,-8.7687100000017910E+000, 1.0603376400596439E+001
-8.7677100000017916E+000,-8.7677100000017916E+000, 1.0603376287472141E+001
-8.7667100000017921E+000,-8.7667100000017921E+000, 1.0603376174334015E+001
-8.7657100000017927E+000,-8.7657100000017927E+000, 1.0603376061197736E+001
-8.7647100000017932E+000,-8.7647100000017932E+000, 1.0603375948051163E+001
-8.7637100000017938E+000,-8.7637100000017938E+000, 1.0603375834910203E+001
-8.7627100000017943E+000,-8.7627100000017943E+000, 1.0603375721791092E+001
-8.7617100000017949E+000,-8.7617100000017949E+000, 1.0603375608641063E+001
-8.7607100000017954E+000,-8.7607100000017954E+000, 1.0603375495504244E+001
-8.7597100000017960E+000,-8.7597100000017960E+000, 1.0603375382358545E+001
-8.7587100000017966E+000,-8.7587100000017966E+000, 1.0603375269226845E+001
-8.7577100000017971E+000,-8.7577100000017971E+000, 1.0603375156087623E+001
-8.7567100000017977E+000,-8.7567100000017977E+000, 1.0603375042943096E+001
-8.7557100000017982E+000,-8.7557100000017982E+000, 1.0603374929808389E+001
-8.7547100000017988E+000,-8.7547100000017988E+000, 1.0603374816657334E+001
-8.7537100000017993E+000,-8.7537100000017993E+000, 1.0603374703513335E+001
-8.7527100000017999E+000,-8.7527100000017999E+000, 1.0603374590370237E+001
-8.7517100000018004E+000,-8.7517100000018004E+000, 1.0603374477232817E+001
-8.7507100000018010E+000,-8.7507100000018010E+000, 1.0603374364095917E+001
-8.7497100000018015E+000,-8.7497100000018015E+000, 1.0603374250938330E+001
-8.7487100000018021E+000,-8.7487100000018021E+000, 1.0603374137802344E+001
-8.7477100000018027E+000,-8.7477100000018027E+000, 1.0603374024635748E+001
-8.7467100000018032E+000,-8.7467100000018032E+000, 1.0603373911503740E+001
-8.7457100000018038E+000,-8.7457100000018038E+000, 1.0603373798372232E+001
-8.7447100000018043E+000,-8.7447100000018043E+000, 1.0603373685219744E+001
-8.7437100000018049E+000,-8.7437100000018049E+000, 1.0603373572065827E+001
-8.7427100000018054E+000,-8.7427100000018054E+000, 1.0603373458901494E+001
-8.7417100000018060E+000,-8.7417100000018060E+000, 1.0603373345760778E+001
-8.7407100000018065E+000,-8.7407100000018065E+000, 1.0603373232614882E+001
-8.7397100000018071E+000,-8.7397100000018071E+000, 1.0603373119473432E+001
-8.7387100000018076E+000,-8.7387100000018076E+000, 1.0603373006321808E+001
-8.7377100000018082E+000,-8.7377100000018082E+000, 1.0603372893179792E+001
-8.7367100000018088E+000,-8.7367100000018088E+000, 1.0603372780016070E+001
-8.7357100000018093E+000,-8.7357100000018093E+000, 1.0603372666865923E+001
-8.7347100000018099E+000,-8.7347100000018099E+000, 1.0603372553720888E+001
-8.7337100000018104E+000,-8.7337100000018104E+000, 1.0603372440569030E+001
-8.7327100000018110E+000,-8.7327100000018110E+000, 1.0603372327412881E+001
-8.7317100000018115E+000,-8.7317100000018115E+000, 1.0603372214256929E+001
-8.7307100000018121E+000,-8.7307100000018121E+000, 1.0603372101099264E+001
-8.7297100000018126E+000,-8.7297100000018126E+000, 1.0603371987954867E+001
-8.7287100000018132E+000,-8.7287100000018132E+000, 1.0603371874794245E+001
-8.7277100000018137E+000,-8.7277100000018137E+000, 1.0603371761633367E+001
-8.7267100000018143E+000,-8.7267100000018143E+000, 1.0603371648478106E+001
-8.7257100000018148E+000,-8.7257100000018148E+000, 1.0603371535322388E+001
-8.7247100000018154E+000,-8.7247100000018154E+000, 1.0603371422159624E+001
-8.7237100000018160E+000,-8.7237100000018160E+000, 1.0603371309015239E+001
-8.7227100000018165E+000,-8.7227100000018165E+000, 1.0603371195864497E+001
-8.7217100000018171E+000,-8.7217100000018171E+000, 1.0603371082697500E+001
-8.7207100000018176E+000,-8.7207100000018176E+000, 1.0603370969536904E+001
-8.7197100000018182E+000,-8.7197100000018182E+000, 1.0603370856376872E+001
-8.7187100000018187E+000,-8.7187100000018187E+000, 1.0603370743214130E+001
-8.7177100000018193E+000,-8.7177100000018193E+000, 1.0603370630059295E+001
-8.7167100000018198E+000,-8.7167100000018198E+000, 1.0603370516906050E+001
-8.7157100000018204E+000,-8.7157100000018204E+000, 1.0603370403735168E+001
-8.7147100000018209E+000,-8.7147100000018209E+000, 1.0603370290573313E+001
-8.7137100000018215E+000,-8.7137100000018215E+000, 1.0603370177408111E+001
-8.7127100000018221E+000,-8.7127100000018221E+000, 1.0603370064246398E+001
-8.7117100000018226E+000,-8.7117100000018226E+000, 1.0603369951088476E+001
-8.7107100000018232E+000,-8.7107100000018232E+000, 1.0603369837931002E+001
-8.7097100000018237E+000,-8.7097100000018237E+000, 1.0603369724753508E+001
-8.7087100000018243E+000,-8.7087100000018243E+000, 1.0603369611578955E+001
-8.7077100000018248E+000,-8.7077100000018248E+000, 1.0603369498428494E+001
-8.7067100000018254E+000,-8.7067100000018254E+000, 1.0603369385256864E+001
-8.7057100000018259E+000,-8.7057100000018259E+000, 1.0603369272109465E+001
-8.7047100000018265E+000,-8.7047100000018265E+000, 1.0603369158928878E+001
-8.7037100000018270E+000,-8.7037100000018270E+000, 1.0603369045749771E+001
-8.7027100000018276E+000,-8.7027100000018276E+000, 1.0603368932588046E+001
-8.7017100000018281E+000,-8.7017100000018281E+000, 1.0603368819426560E+001
-8.7007100000018287E+000,-8.7007100000018287E+000, 1.0603368706261088E+001
-8.6997100000018293E+000,-8.6997100000018293E+000, 1.0603368593093762E+001
-8.6987100000018298E+000,-8.6987100000018298E+000, 1.0603368479925383E+001
-8.6977100000018304E+000,-8.6977100000018304E+000, 1.0603368366746908E+001
-8.6967100000018309E+000,-8.6967100000018309E+000, 1.0603368253569402E+001
-8.6957100000018315E+000,-8.6957100000018315E+000, 1.0603368140409561E+001
-8.6947100000018320E+000,-8.6947100000018320E+000, 1.0603368027238011E+001
-8.6937100000018326E+000,-8.6937100000018326E+000, 1.0603367914067356E+001
-8.6927100000018331E+000,-8.6927100000018331E+000, 1.0603367800883030E+001
-8.6917100000018337E+000,-8.6917100000018337E+000, 1.0603367687701898E+001
-8.6907100000018342E+000,-8.6907100000018342E+000, 1.0603367574542814E+001
-8.6897100000018348E+000,-8.6897100000018348E+000, 1.0603367461369849E+001
-8.6887100000018354E+000,-8.6887100000018354E+000, 1.0603367348201040E+001
-8.6877100000018359E+000,-8.6877100000018359E+000, 1.0603367235022031E+001
-8.6867100000018365E+000,-8.6867100000018365E+000, 1.0603367121840940E+001
-8.6857100000018370E+000,-8.6857100000018370E+000, 1.0603367008660097E+001
-8.6847100000018376E+000,-8.6847100000018376E+000, 1.0603366895483919E+001
-8.6837100000018381E+000,-8.6837100000018381E+000, 1.0603366782312881E+001
-8.6827100000018387E+000,-8.6827100000018387E+000, 1.0603366669139017E+001
-8.6817100000018392E+000,-8.6817100000018392E+000, 1.0603366555950355E+001
-8.6807100000018398E+000,-8.6807100000018398E+000, 1.0603366442778476E+001
-8.6797100000018403E+000,-8.6797100000018403E+000, 1.0603366329596156E+001
-8.6787100000018409E+000,-8.6787100000018409E+000, 1.0603366216418110E+001
-8.6777100000018415E+000,-8.6777100000018415E+000, 1.0603366103246909E+001
-8.6767100000018420E+000,-8.6767100000018420E+000, 1.0603365990069904E+001
-8.6757100000018426E+000,-8.6757100000018426E+000, 1.0603365876869645E+001
-8.6747100000018431E+000,-8.6747100000018431E+000, 1.0603365763687918E+001
-8.6737100000018437E+000,-8.6737100000018437E+000, 1.0603365650521464E+001
-8.6727100000018442E+000,-8.6727100000018442E+000, 1.0603365537331211E+001
-8.6717100000018448E+000,-8.6717100000018448E+000, 1.0603365424148071E+001
-8.6707100000018453E+000,-8.6707100000018453E+000, 1.0603365310979534E+001
-8.6697100000018459E+000,-8.6697100000018459E+000, 1.0603365197782775E+001
-8.6687100000018464E+000,-8.6687100000018464E+000, 1.0603365084595026E+001
-8.6677100000018470E+000,-8.6677100000018470E+000, 1.0603364971399577E+001
-8.6667100000018475E+000,-8.6667100000018475E+000, 1.0603364858224495E+001
-8.6657100000018481E+000,-8.6657100000018481E+000, 1.0603364745048445E+001
-8.6647100000018487E+000,-8.6647100000018487E+000, 1.0603364631861000E+001
-8.6637100000018492E+000,-8.6637100000018492E+000, 1.0603364518664790E+001
-8.6627100000018498E+000,-8.6627100000018498E+000, 1.0603364405476272E+001
-8.6617100000018503E+000,-8.6617100000018503E+000, 1.0603364292296998E+001
-8.6607100000018509E+000,-8.6607100000018509E+000, 1.0603364179106705E+001
-8.6597100000018514E+000,-8.6597100000018514E+000, 1.0603364065920641E+001
-8.6587100000018520E+000,-8.6587100000018520E+000, 1.0603363952721050E+001
-8.6577100000018525E+000,-8.6577100000018525E+000, 1.0603363839526935E+001
-8.6567100000018531E+000,-8.6567100000018531E+000, 1.0603363726351393E+001
-8.6557100000018536E+000,-8.6557100000018536E+000, 1.0603363613147099E+001
-8.6547100000018542E+000,-8.6547100000018542E+000, 1.0603363499961429E+001
-8.6537100000018548E+000,-8.6537100000018548E+000, 1.0603363386771425E+001
-8.6527100000018553E+000,-8.6527100000018553E+000, 1.0603363273582545E+001
-8.6517100000018559E+000,-8.6517100000018559E+000, 1.0603363160375062E+001
-8.6507100000018564E+000,-8.6507100000018564E+000, 1.0603363047188527E+001
-8.6497100000018570E+000,-8.6497100000018570E+000, 1.0603362933999060E+001
-8.6487100000018575E+000,-8.6487100000018575E+000, 1.0603362820800136E+001
-8.6477100000018581E+000,-8.6477100000018581E+000, 1.0603362707608525E+001
-8.6467100000018586E+000,-8.6467100000018586E+000, 1.0603362594403805E+001
-8.6457100000018592E+000,-8.6457100000018592E+000, 1.0603362481212958E+001
-8.6447100000018597E+000,-8.6447100000018597E+000, 1.0603362368010213E+001
-8.6437100000018603E+000,-8.6437100000018603E+000, 1.0603362254826708E+001
-8.6427100000018608E+000,-8.6427100000018608E+000, 1.0603362141637874E+001
-8.6417100000018614E+000,-8.6417100000018614E+000, 1.0603362028420134E+001
-8.6407100000018620E+000,-8.6407100000018620E+000, 1.0603361915226378E+001
-8.6397100000018625E+000,-8.6397100000018625E+000, 1.0603361802031777E+001
-8.6387100000018631E+000,-8.6387100000018631E+000, 1.0603361688834449E+001
-8.6377100000018636E+000,-8.6377100000018636E+000, 1.0603361575642680E+001
-8.6367100000018642E+000,-8.6367100000018642E+000, 1.0603361462435416E+001
-8.6357100000018647E+000,-8.6357100000018647E+000, 1.0603361349222563E+001
-8.6347100000018653E+000,-8.6347100000018653E+000, 1.0603361236019493E+001
-8.6337100000018658E+000,-8.6337100000018658E+000, 1.0603361122818441E+001
-8.6327100000018664E+000,-8.6327100000018664E+000, 1.0603361009629442E+001
-8.6317100000018669E+000,-8.6317100000018669E+000, 1.0603360896422146E+001
-8.6307100000018675E+000,-8.6307100000018675E+000, 1.0603360783215532E+001
-8.6297100000018681E+000,-8.6297100000018681E+000, 1.0603360670009273E+001
-8.6287100000018686E+000,-8.6287100000018686E+000, 1.0603360556805654E+001
-8.6277100000018692E+000,-8.6277100000018692E+000, 1.0603360443602426E+001
-8.6267100000018697E+000,-8.6267100000018697E+000, 1.0603360330399859E+001
-8.6257100000018703E+000,-8.6257100000018703E+000, 1.0603360217198661E+001
-8.6247100000018708E+000,-8.6247100000018708E+000, 1.0603360103987129E+001
-8.6237100000018714E+000,-8.6237100000018714E+000, 1.0603359990777530E+001
-8.6227100000018719E+000,-8.6227100000018719E+000, 1.0603359877579337E+001
-8.6217100000018725E+000,-8.6217100000018725E+000, 1.0603359764358519E+001
-8.6207100000018730E+000,-8.6207100000018730E+000, 1.0603359651159566E+001
-8.6197100000018736E+000,-8.6197100000018736E+000, 1.0603359537960685E+001
-8.6187100000018741E+000,-8.6187100000018741E+000, 1.0603359424726722E+001
-8.6177100000018747E+000,-8.6177100000018747E+000, 1.0603359311529578E+001
-8.6167100000018753E+000,-8.6167100000018753E+000, 1.0603359198316014E+001
-8.6157100000018758E+000,-8.6157100000018758E+000, 1.0603359085103182E+001
-8.6147100000018764E+000,-8.6147100000018764E+000, 1.0603358971905712E+001
-8.6137100000018769E+000,-8.6137100000018769E+000, 1.0603358858685731E+001
-8.6127100000018775E+000,-8.6127100000018775E+000, 1.0603358745454594E+001
-8.6117100000018780E+000,-8.6117100000018780E+000, 1.0603358632258733E+001
-8.6107100000018786E+000,-8.6107100000018786E+000, 1.0603358519052758E+001
-8.6097100000018791E+000,-8.6097100000018791E+000, 1.0603358405829750E+001
-8.6087100000018797E+000,-8.6087100000018797E+000, 1.0603358292620433E+001
-8.6077100000018802E+000,-8.6077100000018802E+000, 1.0603358179411924E+001
-8.6067100000018808E+000,-8.6067100000018808E+000, 1.0603358066178057E+001
-8.6057100000018814E+000,-8.6057100000018814E+000, 1.0603357952973633E+001
-8.6047100000018819E+000,-8.6047100000018819E+000, 1.0603357839752572E+001
-8.6037100000018825E+000,-8.6037100000018825E+000, 1.0603357726539892E+001
-8.6027100000018830E+000,-8.6027100000018830E+000, 1.0603357613320444E+001
-8.6017100000018836E+000,-8.6017100000018836E+000, 1.0603357500099790E+001
-8.6007100000018841E+000,-8.6007100000018841E+000, 1.0603357386880727E+001
-8.5997100000018847E+000,-8.5997100000018847E+000, 1.0603357273665345E+001
-8.5987100000018852E+000,-8.5987100000018852E+000, 1.0603357160448432E+001
-8.5977100000018858E+000,-8.5977100000018858E+000, 1.0603357047239085E+001
-8.5967100000018863E+000,-8.5967100000018863E+000, 1.0603356934009305E+001
-8.5957100000018869E+000,-8.5957100000018869E+000, 1.0603356820769125E+001
-8.5947100000018875E+000,-8.5947100000018875E+000, 1.0603356707560243E+001
-8.5937100000018880E+000,-8.5937100000018880E+000, 1.0603356594335786E+001
-8.5927100000018886E+000,-8.5927100000018886E+000, 1.0603356481136750E+001
-8.5917100000018891E+000,-8.5917100000018891E+000, 1.0603356367908221E+001
-8.5907100000018897E+000,-8.5907100000018897E+000, 1.0603356254688332E+001
-8.5897100000018902E+000,-8.5897100000018902E+000, 1.0603356141447705E+001
-8.5887100000018908E+000,-8.5887100000018908E+000, 1.0603356028228321E+001
-8.5877100000018913E+000,-8.5877100000018913E+000, 1.0603355915005698E+001
-8.5867100000018919E+000,-8.5867100000018919E+000, 1.0603355801785591E+001
-8.5857100000018924E+000,-8.5857100000018924E+000, 1.0603355688544537E+001
-8.5847100000018930E+000,-8.5847100000018930E+000, 1.0603355575324386E+001
-8.5837100000018935E+000,-8.5837100000018935E+000, 1.0603355462104291E+001
-8.5827100000018941E+000,-8.5827100000018941E+000, 1.0603355348863515E+001
-8.5817100000018947E+000,-8.5817100000018947E+000, 1.0603355235642320E+001
-8.5807100000018952E+000,-8.5807100000018952E+000, 1.0603355122427793E+001
-8.5797100000018958E+000,-8.5797100000018958E+000, 1.0603355009193471E+001
-8.5787100000018963E+000,-8.5787100000018963E+000, 1.0603354895959772E+001
-8.5777100000018969E+000,-8.5777100000018969E+000, 1.0603354782728736E+001
-8.5767100000018974E+000,-8.5767100000018974E+000, 1.0603354669496090E+001
-8.5757100000018980E+000,-8.5757100000018980E+000, 1.0603354556277733E+001
-8.5747100000018985E+000,-8.5747100000018985E+000, 1.0603354443041853E+001
-8.5737100000018991E+000,-8.5737100000018991E+000, 1.0603354329800613E+001
-8.5727100000018996E+000,-8.5727100000018996E+000, 1.0603354216571200E+001
-8.5717100000019002E+000,-8.5717100000019002E+000, 1.0603354103331867E+001
-8.5707100000019008E+000,-8.5707100000019008E+000, 1.0603353990104472E+001
-8.5697100000019013E+000,-8.5697100000019013E+000, 1.0603353876876838E+001
-8.5687100000019019E+000,-8.5687100000019019E+000, 1.0603353763644108E+001
-8.5677100000019024E+000,-8.5677100000019024E+000, 1.0603353650400910E+001
-8.5667100000019030E+000,-8.5667100000019030E+000, 1.0603353537163958E+001
-8.5657100000019035E+000,-8.5657100000019035E+000, 1.0603353423937557E+001
-8.5647100000019041E+000,-8.5647100000019041E+000, 1.0603353310706492E+001
-8.5637100000019046E+000,-8.5637100000019046E+000, 1.0603353197464900E+001
-8.5627100000019052E+000,-8.5627100000019052E+000, 1.0603353084237270E+001
-8.5617100000019057E+000,-8.5617100000019057E+000, 1.0603352970990095E+001
-8.5607100000019063E+000,-8.5607100000019063E+000, 1.0603352857746856E+001
-8.5597100000019068E+000,-8.5597100000019068E+000, 1.0603352744513767E+001
-8.5587100000019074E+000,-8.5587100000019074E+000, 1.0603352631277335E+001
-8.5577100000019080E+000,-8.5577100000019080E+000, 1.0603352518036763E+001
-8.5567100000019085E+000,-8.5567100000019085E+000, 1.0603352404785687E+001
-8.5557100000019091E+000,-8.5557100000019091E+000, 1.0603352291538865E+001
-8.5547100000019096E+000,-8.5547100000019096E+000, 1.0603352178316214E+001
-8.5537100000019102E+000,-8.5537100000019102E+000, 1.0603352065070373E+001
-8.5527100000019107E+000,-8.5527100000019107E+000, 1.0603351951836698E+001
-8.5517100000019113E+000,-8.5517100000019113E+000, 1.0603351838581396E+001
-8.5507100000019118E+000,-8.5507100000019118E+000, 1.0603351725339685E+001
-8.5497100000019124E+000,-8.5497100000019124E+000, 1.0603351612094412E+001
-8.5487100000019129E+000,-8.5487100000019129E+000, 1.0603351498850660E+001
-8.5477100000019135E+000,-8.5477100000019135E+000, 1.0603351385616952E+001
-8.5467100000019141E+000,-8.5467100000019141E+000, 1.0603351272363543E+001
-8.5457100000019146E+000,-8.5457100000019146E+000, 1.0603351159128120E+001
-8.5447100000019152E+000,-8.5447100000019152E+000, 1.0603351045875293E+001
-8.5437100000019157E+000,-8.5437100000019157E+000, 1.0603350932634186E+001
-8.5427100000019163E+000,-8.5427100000019163E+000, 1.0603350819375759E+001
-8.5417100000019168E+000,-8.5417100000019168E+000, 1.0603350706142729E+001
-8.5407100000019174E+000,-8.5407100000019174E+000, 1.0603350592895918E+001
-8.5397100000019179E+000,-8.5397100000019179E+000, 1.0603350479645894E+001
-8.5387100000019185E+000,-8.5387100000019185E+000, 1.0603350366395091E+001
-8.5377100000019190E+000,-8.5377100000019190E+000, 1.0603350253128550E+001
-8.5367100000019196E+000,-8.5367100000019196E+000, 1.0603350139898133E+001
-8.5357100000019202E+000,-8.5357100000019202E+000, 1.0603350026645941E+001
-8.5347100000019207E+000,-8.5347100000019207E+000, 1.0603349913392300E+001
-8.5337100000019213E+000,-8.5337100000019213E+000, 1.0603349800136600E+001
-8.5327100000019218E+000,-8.5327100000019218E+000, 1.0603349686881447E+001
-8.5317100000019224E+000,-8.5317100000019224E+000, 1.0603349573630979E+001
-8.5307100000019229E+000,-8.5307100000019229E+000, 1.0603349460379983E+001
-8.5297100000019235E+000,-8.5297100000019235E+000, 1.0603349347124938E+001
-8.5287100000019240E+000,-8.5287100000019240E+000, 1.0603349233871402E+001
-8.5277100000019246E+000,-8.5277100000019246E+000, 1.0603349120619233E+001
-8.5267100000019251E+000,-8.5267100000019251E+000, 1.0603349007365409E+001
-8.5257100000019257E+000,-8.5257100000019257E+000, 1.0603348894110848E+001
-8.5247100000019262E+000,-8.5247100000019262E+000, 1.0603348780855566E+001
-8.5237100000019268E+000,-8.5237100000019268E+000, 1.0603348667599581E+001
-8.5227100000019274E+000,-8.5227100000019274E+000, 1.0603348554325875E+001
-8.5217100000019279E+000,-8.5217100000019279E+000, 1.0603348441079527E+001
-8.5207100000019285E+000,-8.5207100000019285E+000, 1.0603348327826094E+001
-8.5197100000019290E+000,-8.5197100000019290E+000, 1.0603348214561086E+001
-8.5187100000019296E+000,-8.5187100000019296E+000, 1.0603348101304327E+001
-8.5177100000019301E+000,-8.5177100000019301E+000, 1.0603347988057148E+001
-8.5167100000019307E+000,-8.5167100000019307E+000, 1.0603347874786934E+001
-8.5157100000019312E+000,-8.5157100000019312E+000, 1.0603347761525917E+001
-8.5147100000019318E+000,-8.5147100000019318E+000, 1.0603347648266841E+001
-8.5137100000019323E+000,-8.5137100000019323E+000, 1.0603347535007156E+001
-8.5127100000019329E+000,-8.5127100000019329E+000, 1.0603347421746445E+001
-8.5117100000019335E+000,-8.5117100000019335E+000, 1.0603347308480974E+001
-8.5107100000019340E+000,-8.5107100000019340E+000, 1.0603347195220026E+001
-8.5097100000019346E+000,-8.5097100000019346E+000, 1.0603347081948842E+001
-8.5087100000019351E+000,-8.5087100000019351E+000, 1.0603346968696954E+001
-8.5077100000019357E+000,-8.5077100000019357E+000, 1.0603346855429058E+001
-8.5067100000019362E+000,-8.5067100000019362E+000, 1.0603346742161904E+001
-8.5057100000019368E+000,-8.5057100000019368E+000, 1.0603346628900773E+001
-8.5047100000019373E+000,-8.5047100000019373E+000, 1.0603346515634815E+001
-8.5037100000019379E+000,-8.5037100000019379E+000, 1.0603346402359321E+001
-8.5027100000019384E+000,-8.5027100000019384E+000, 1.0603346289109499E+001
-8.5017100000019390E+000,-8.5017100000019390E+000, 1.0603346175830206E+001
-8.5007100000019395E+000,-8.5007100000019395E+000, 1.0603346062569198E+001
-8.4997100000019401E+000,-8.4997100000019401E+000, 1.0603345949288101E+001
-8.4987100000019407E+000,-8.4987100000019407E+000, 1.0603345836019319E+001
-8.4977100000019412E+000,-8.4977100000019412E+000, 1.0603345722754613E+001
-8.4967100000019418E+000,-8.4967100000019418E+000, 1.0603345609484995E+001
-8.4957100000019423E+000,-8.4957100000019423E+000, 1.0603345496218900E+001
-8.4947100000019429E+000,-8.4947100000019429E+000, 1.0603345382945852E+001
-8.4937100000019434E+000,-8.4937100000019434E+000, 1.0603345269671898E+001
-8.4927100000019440E+000,-8.4927100000019440E+000, 1.0603345156404574E+001
-8.4917100000019445E+000,-8.4917100000019445E+000, 1.0603345043128414E+001
-8.4907100000019451E+000,-8.4907100000019451E+000, 1.0603344929858654E+001
-8.4897100000019456E+000,-8.4897100000019456E+000, 1.0603344816586370E+001
-8.4887100000019462E+000,-8.4887100000019462E+000, 1.0603344703309984E+001
-8.4877100000019468E+000,-8.4877100000019468E+000, 1.0603344590038139E+001
-8.4867100000019473E+000,-8.4867100000019473E+000, 1.0603344476765731E+001
-8.4857100000019479E+000,-8.4857100000019479E+000, 1.0603344363481952E+001
-8.4847100000019484E+000,-8.4847100000019484E+000, 1.0603344250205732E+001
-8.4837100000019490E+000,-8.4837100000019490E+000, 1.0603344136939777E+001
-8.4827100000019495E+000,-8.4827100000019495E+000, 1.0603344023663842E+001
-8.4817100000019501E+000,-8.4817100000019501E+000, 1.0603343910386863E+001
-8.4807100000019506E+000,-8.4807100000019506E+000, 1.0603343797100448E+001
-8.4797100000019512E+000,-8.4797100000019512E+000, 1.0603343683820707E+001
-8.4787100000019517E+000,-8.4787100000019517E+000, 1.0603343570551171E+001
-8.4777100000019523E+000,-8.4777100000019523E+000, 1.0603343457266337E+001
-8.4767100000019528E+000,-8.4767100000019528E+000, 1.0603343343985566E+001
-8.4757100000019534E+000,-8.4757100000019534E+000, 1.0603343230714964E+001
-8.4747100000019540E+000,-8.4747100000019540E+000, 1.0603343117426968E+001
-8.4737100000019545E+000,-8.4737100000019545E+000, 1.0603343004146057E+001
-8.4727100000019551E+000,-8.4727100000019551E+000, 1.0603342890871353E+001
-8.4717100000019556E+000,-8.4717100000019556E+000, 1.0603342777582162E+001
-8.4707100000019562E+000,-8.4707100000019562E+000, 1.0603342664307814E+001
-8.4697100000019567E+000,-8.4697100000019567E+000, 1.0603342551022612E+001
-8.4687100000019573E+000,-8.4687100000019573E+000, 1.0603342437729976E+001
-8.4677100000019578E+000,-8.4677100000019578E+000, 1.0603342324457763E+001
-8.4667100000019584E+000,-8.4667100000019584E+000, 1.0603342211165220E+001
-8.4657100000019589E+000,-8.4657100000019589E+000, 1.0603342097874602E+001
-8.4647100000019595E+000,-8.4647100000019595E+000, 1.0603341984600391E+001
-8.4637100000019601E+000,-8.4637100000019601E+000, 1.0603341871306714E+001
-8.4627100000019606E+000,-8.4627100000019606E+000, 1.0603341758019337E+001
-8.4617100000019612E+000,-8.4617100000019612E+000, 1.0603341644736801E+001
-8.4607100000019617E+000,-8.4607100000019617E+000, 1.0603341531439771E+001
-8.4597100000019623E+000,-8.4597100000019623E+000, 1.0603341418157562E+001
-8.4587100000019628E+000,-8.4587100000019628E+000, 1.0603341304877485E+001
-8.4577100000019634E+000,-8.4577100000019634E+000, 1.0603341191584807E+001
-8.4567100000019639E+000,-8.4567100000019639E+000, 1.0603341078287992E+001
-8.4557100000019645E+000,-8.4557100000019645E+000, 1.0603340965005337E+001
-8.4547100000019650E+000,-8.4547100000019650E+000, 1.0603340851709500E+001
-8.4537100000019656E+000,-8.4537100000019656E+000, 1.0603340738426517E+001
-8.4527100000019662E+000,-8.4527100000019662E+000, 1.0603340625130286E+001
-8.4517100000019667E+000,-8.4517100000019667E+000, 1.0603340511835230E+001
-8.4507100000019673E+000,-8.4507100000019673E+000, 1.0603340398544884E+001
-8.4497100000019678E+000,-8.4497100000019678E+000, 1.0603340285254994E+001
-8.4487100000019684E+000,-8.4487100000019684E+000, 1.0603340171968755E+001
-8.4477100000019689E+000,-8.4477100000019689E+000, 1.0603340058679981E+001
-8.4467100000019695E+000,-8.4467100000019695E+000, 1.0603339945363361E+001
-8.4457100000019700E+000,-8.4457100000019700E+000, 1.0603339832074145E+001
-8.4447100000019706E+000,-8.4447100000019706E+000, 1.0603339718785197E+001
-8.4437100000019711E+000,-8.4437100000019711E+000, 1.0603339605479537E+001
-8.4427100000019717E+000,-8.4427100000019717E+000, 1.0603339492188645E+001
-8.4417100000019722E+000,-8.4417100000019722E+000, 1.0603339378886874E+001
-8.4407100000019728E+000,-8.4407100000019728E+000, 1.0603339265589369E+001
-8.4397100000019734E+000,-8.4397100000019734E+000, 1.0603339152291333E+001
-8.4387100000019739E+000,-8.4387100000019739E+000, 1.0603339038991605E+001
-8.4377100000019745E+000,-8.4377100000019745E+000, 1.0603338925699457E+001
-8.4367100000019750E+000,-8.4367100000019750E+000, 1.0603338812398512E+001
-8.4357100000019756E+000,-8.4357100000019756E+000, 1.0603338699098616E+001
-8.4347100000019761E+000,-8.4347100000019761E+000, 1.0603338585791690E+001
-8.4337100000019767E+000,-8.4337100000019767E+000, 1.0603338472493531E+001
-8.4327100000019772E+000,-8.4327100000019772E+000, 1.0603338359189637E+001
-8.4317100000019778E+000,-8.4317100000019778E+000, 1.0603338245897532E+001
-8.4307100000019783E+000,-8.4307100000019783E+000, 1.0603338132580799E+001
-8.4297100000019789E+000,-8.4297100000019789E+000, 1.0603338019283562E+001
-8.4287100000019795E+000,-8.4287100000019795E+000, 1.0603337905989950E+001
-8.4277100000019800E+000,-8.4277100000019800E+000, 1.0603337792683778E+001
-8.4267100000019806E+000,-8.4267100000019806E+000, 1.0603337679376480E+001
-8.4257100000019811E+000,-8.4257100000019811E+000, 1.0603337566068463E+001
-8.4247100000019817E+000,-8.4247100000019817E+000, 1.0603337452762023E+001
-8.4237100000019822E+000,-8.4237100000019822E+000, 1.0603337339465321E+001
-8.4227100000019828E+000,-8.4227100000019828E+000, 1.0603337226158926E+001
-8.4217100000019833E+000,-8.4217100000019833E+000, 1.0603337112837496E+001
-8.4207100000019839E+000,-8.4207100000019839E+000, 1.0603336999538515E+001
-8.4197100000019844E+000,-8.4197100000019844E+000, 1.0603336886226618E+001
-8.4187100000019850E+000,-8.4187100000019850E+000, 1.0603336772923294E+001
-8.4177100000019855E+000,-8.4177100000019855E+000, 1.0603336659614232E+001
-8.4167100000019861E+000,-8.4167100000019861E+000, 1.0603336546302245E+001
-8.4157100000019867E+000,-8.4157100000019867E+000, 1.0603336432989174E+001
-8.4147100000019872E+000,-8.4147100000019872E+000, 1.0603336319687340E+001
-8.4137100000019878E+000,-8.4137100000019878E+000, 1.0603336206364887E+001
-8.4127100000019883E+000,-8.4127100000019883E+000, 1.0603336093060365E+001
-8.4117100000019889E+000,-8.4117100000019889E+000, 1.0603335979757789E+001
-8.4107100000019894E+000,-8.4107100000019894E+000, 1.0603335866438561E+001
-8.4097100000019900E+000,-8.4097100000019900E+000, 1.0603335753128770E+001
-8.4087100000019905E+000,-8.4087100000019905E+000, 1.0603335639806902E+001
-8.4077100000019911E+000,-8.4077100000019911E+000, 1.0603335526494629E+001
-8.4067100000019916E+000,-8.4067100000019916E+000, 1.0603335413167962E+001
-8.4057100000019922E+000,-8.4057100000019922E+000, 1.0603335299873496E+001
-8.4047100000019928E+000,-8.4047100000019928E+000, 1.0603335186551426E+001
-8.4037100000019933E+000,-8.4037100000019933E+000, 1.0603335073245045E+001
-8.4027100000019939E+000,-8.4027100000019939E+000, 1.0603334959915831E+001
-8.4017100000019944E+000,-8.4017100000019944E+000, 1.0603334846608840E+001
-8.4007100000019950E+000,-8.4007100000019950E+000, 1.0603334733283582E+001
-8.3997100000019955E+000,-8.3997100000019955E+000, 1.0603334619975335E+001
-8.3987100000019961E+000,-8.3987100000019961E+000, 1.0603334506651965E+001
-8.3977100000019966E+000,-8.3977100000019966E+000, 1.0603334393332720E+001
-8.3967100000019972E+000,-8.3967100000019972E+000, 1.0603334280019295E+001
-8.3957100000019977E+000,-8.3957100000019977E+000, 1.0603334166702354E+001
-8.3947100000019983E+000,-8.3947100000019983E+000, 1.0603334053365245E+001
-8.3937100000019988E+000,-8.3937100000019988E+000, 1.0603333940054473E+001
-8.3927100000019994E+000,-8.3927100000019994E+000, 1.0603333826726878E+001
-8.3917100000020000E+000,-8.3917100000020000E+000, 1.0603333713410692E+001
-8.3907100000020005E+000,-8.3907100000020005E+000, 1.0603333600083875E+001
-8.3897100000020011E+000,-8.3897100000020011E+000, 1.0603333486759990E+001
-8.3887100000020016E+000,-8.3887100000020016E+000, 1.0603333373432525E+001
-8.3877100000020022E+000,-8.3877100000020022E+000, 1.0603333260111587E+001
-8.3867100000020027E+000,-8.3867100000020027E+000, 1.0603333146792195E+001
-8.3857100000020033E+000,-8.3857100000020033E+000, 1.0603333033471504E+001
-8.3847100000020038E+000,-8.3847100000020038E+000, 1.0603332920147736E+001
-8.3837100000020044E+000,-8.3837100000020044E+000, 1.0603332806814480E+001
-8.3827100000020049E+000,-8.3827100000020049E+000, 1.0603332693502905E+001
-8.3817100000020055E+000,-8.3817100000020055E+000, 1.0603332580156012E+001
-8.3807100000020061E+000,-8.3807100000020061E+000, 1.0603332466837934E+001
-8.3797100000020066E+000,-8.3797100000020066E+000, 1.0603332353513117E+001
-8.3787100000020072E+000,-8.3787100000020072E+000, 1.0603332240188386E+001
-8.3777100000020077E+000,-8.3777100000020077E+000, 1.0603332126846624E+001
-8.3767100000020083E+000,-8.3767100000020083E+000, 1.0603332013522950E+001
-8.3757100000020088E+000,-8.3757100000020088E+000, 1.0603331900175803E+001
-8.3747100000020094E+000,-8.3747100000020094E+000, 1.0603331786855907E+001
-8.3737100000020099E+000,-8.3737100000020099E+000, 1.0603331673536603E+001
-8.3727100000020105E+000,-8.3727100000020105E+000, 1.0603331560205600E+001
-8.3717100000020110E+000,-8.3717100000020110E+000, 1.0603331446871477E+001
-8.3707100000020116E+000,-8.3707100000020116E+000, 1.0603331333537566E+001
-8.3697100000020122E+000,-8.3697100000020122E+000, 1.0603331220204002E+001
-8.3687100000020127E+000,-8.3687100000020127E+000, 1.0603331106868726E+001
-8.3677100000020133E+000,-8.3677100000020133E+000, 1.0603330993537043E+001
-8.3667100000020138E+000,-8.3667100000020138E+000, 1.0603330880204803E+001
-8.3657100000020144E+000,-8.3657100000020144E+000, 1.0603330766865501E+001
-8.3647100000020149E+000,-8.3647100000020149E+000, 1.0603330653529282E+001
-8.3637100000020155E+000,-8.3637100000020155E+000, 1.0603330540189495E+001
-8.3627100000020160E+000,-8.3627100000020160E+000, 1.0603330426858548E+001
-8.3617100000020166E+000,-8.3617100000020166E+000, 1.0603330313521866E+001
-8.3607100000020171E+000,-8.3607100000020171E+000, 1.0603330200186331E+001
-8.3597100000020177E+000,-8.3597100000020177E+000, 1.0603330086840423E+001
-8.3587100000020182E+000,-8.3587100000020182E+000, 1.0603329973507503E+001
-8.3577100000020188E+000,-8.3577100000020188E+000, 1.0603329860173352E+001
-8.3567100000020194E+000,-8.3567100000020194E+000, 1.0603329746843810E+001
-8.3557100000020199E+000,-8.3557100000020199E+000, 1.0603329633492368E+001
-8.3547100000020205E+000,-8.3547100000020205E+000, 1.0603329520158528E+001
-8.3537100000020210E+000,-8.3537100000020210E+000, 1.0603329406807521E+001
-8.3527100000020216E+000,-8.3527100000020216E+000, 1.0603329293469283E+001
-8.3517100000020221E+000,-8.3517100000020221E+000, 1.0603329180121115E+001
-8.3507100000020227E+000,-8.3507100000020227E+000, 1.0603329066791302E+001
-8.3497100000020232E+000,-8.3497100000020232E+000, 1.0603328953464420E+001
-8.3487100000020238E+000,-8.3487100000020238E+000, 1.0603328840091208E+001
-8.3477100000020243E+000,-8.3477100000020243E+000, 1.0603328726750746E+001
-8.3467100000020249E+000,-8.3467100000020249E+000, 1.0603328613409730E+001
-8.3457100000020255E+000,-8.3457100000020255E+000, 1.0603328500065999E+001
-8.3447100000020260E+000,-8.3447100000020260E+000, 1.0603328386732173E+001
-8.3437100000020266E+000,-8.3437100000020266E+000, 1.0603328273389344E+001
-8.3427100000020271E+000,-8.3427100000020271E+000, 1.0603328160027116E+001
-8.3417100000020277E+000,-8.3417100000020277E+000, 1.0603328046684224E+001
-8.3407100000020282E+000,-8.3407100000020282E+000, 1.0603327933332649E+001
-8.3397100000020288E+000,-8.3397100000020288E+000, 1.0603327819996100E+001
-8.3387100000020293E+000,-8.3387100000020293E+000, 1.0603327706647702E+001
-8.3377100000020299E+000,-8.3377100000020299E+000, 1.0603327593300222E+001
-8.3367100000020304E+000,-8.3367100000020304E+000, 1.0603327479936020E+001
-8.3357100000020310E+000,-8.3357100000020310E+000, 1.0603327366591914E+001
-8.3347100000020315E+000,-8.3347100000020315E+000, 1.0603327253250187E+001
-8.3337100000020321E+000,-8.3337100000020321E+000, 1.0603327139903499E+001
-8.3327100000020327E+000,-8.3327100000020327E+000, 1.0603327026545264E+001
-8.3317100000020332E+000,-8.3317100000020332E+000, 1.0603326913188944E+001
-8.3307100000020338E+000,-8.3307100000020338E+000, 1.0603326799829986E+001
-8.3297100000020343E+000,-8.3297100000020343E+000, 1.0603326686485270E+001
-8.3287100000020349E+000,-8.3287100000020349E+000, 1.0603326573140372E+001
-8.3277100000020354E+000,-8.3277100000020354E+000, 1.0603326459793749E+001
-8.3267100000020360E+000,-8.3267100000020360E+000, 1.0603326346423701E+001
-8.3257100000020365E+000,-8.3257100000020365E+000, 1.0603326233071488E+001
-8.3247100000020371E+000,-8.3247100000020371E+000, 1.0603326119709555E+001
-8.3237100000020376E+000,-8.3237100000020376E+000, 1.0603326006358589E+001
-8.3227100000020382E+000,-8.3227100000020382E+000, 1.0603325893014691E+001
-8.3217100000020388E+000,-8.3217100000020388E+000, 1.0603325779658636E+001
-8.3207100000020393E+000,-8.3207100000020393E+000, 1.0603325666294765E+001
-8.3197100000020399E+000,-8.3197100000020399E+000, 1.0603325552932299E+001
-8.3187100000020404E+000,-8.3187100000020404E+000, 1.0603325439568192E+001
-8.3177100000020410E+000,-8.3177100000020410E+000, 1.0603325326221363E+001
-8.3167100000020415E+000,-8.3167100000020415E+000, 1.0603325212872434E+001
-8.3157100000020421E+000,-8.3157100000020421E+000, 1.0603325099502392E+001
-8.3147100000020426E+000,-8.3147100000020426E+000, 1.0603324986132900E+001
-8.3137100000020432E+000,-8.3137100000020432E+000, 1.0603324872775790E+001
-8.3127100000020437E+000,-8.3127100000020437E+000, 1.0603324759428066E+001
-8.3117100000020443E+000,-8.3117100000020443E+000, 1.0603324646064996E+001
-8.3107100000020449E+000,-8.3107100000020449E+000, 1.0603324532711341E+001
-8.3097100000020454E+000,-8.3097100000020454E+000, 1.0603324419338019E+001
-8.3087100000020460E+000,-8.3087100000020460E+000, 1.0603324305957909E+001
-8.3077100000020465E+000,-8.3077100000020465E+000, 1.0603324192611289E+001
-8.3067100000020471E+000,-8.3067100000020471E+000, 1.0603324079236117E+001
-8.3057100000020476E+000,-8.3057100000020476E+000, 1.0603323965881945E+001
-8.3047100000020482E+000,-8.3047100000020482E+000, 1.0603323852514777E+001
-8.3037100000020487E+000,-8.3037100000020487E+000, 1.0603323739137817E+001
-8.3027100000020493E+000,-8.3027100000020493E+000, 1.0603323625767500E+001
-8.3017100000020498E+000,-8.3017100000020498E+000, 1.0603323512412736E+001
-8.3007100000020504E+000,-8.3007100000020504E+000, 1.0603323399047149E+001
-8.2997100000020509E+000,-8.2997100000020509E+000, 1.0603323285694511E+001
-8.2987100000020515E+000,-8.2987100000020515E+000, 1.0603323172323281E+001
-8.2977100000020521E+000,-8.2977100000020521E+000, 1.0603323058937690E+001
-8.2967100000020526E+000,-8.2967100000020526E+000, 1.0603322945565237E+001
-8.2957100000020532E+000,-8.2957100000020532E+000, 1.0603322832212607E+001
-8.2947100000020537E+000,-8.2947100000020537E+000, 1.0603322718845282E+001
-8.2937100000020543E+000,-8.2937100000020543E+000, 1.0603322605470112E+001
-8.2927100000020548E+000,-8.2927100000020548E+000, 1.0603322492098268E+001
-8.2917100000020554E+000,-8.2917100000020554E+000, 1.0603322378717166E+001
-8.2907100000020559E+000,-8.2907100000020559E+000, 1.0603322265348108E+001
-8.2897100000020565E+000,-8.2897100000020565E+000, 1.0603322151984097E+001
-8.2887100000020570E+000,-8.2887100000020570E+000, 1.0603322038604553E+001
-8.2877100000020576E+000,-8.2877100000020576E+000, 1.0603321925233468E+001
-8.2867100000020582E+000,-8.2867100000020582E+000, 1.0603321811841592E+001
-8.2857100000020587E+000,-8.2857100000020587E+000, 1.0603321698491081E+001
-8.2847100000020593E+000,-8.2847100000020593E+000, 1.0603321585107242E+001
-8.2837100000020598E+000,-8.2837100000020598E+000, 1.0603321471738587E+001
-8.2827100000020604E+000,-8.2827100000020604E+000, 1.0603321358355725E+001
-8.2817100000020609E+000,-8.2817100000020609E+000, 1.0603321244985725E+001
-8.2807100000020615E+000,-8.2807100000020615E+000, 1.0603321131595102E+001
-8.2797100000020620E+000,-8.2797100000020620E+000, 1.0603321018234142E+001
-8.2787100000020626E+000,-8.2787100000020626E+000, 1.0603320904851131E+001
-8.2777100000020631E+000,-8.2777100000020631E+000, 1.0603320791464318E+001
-8.2767100000020637E+000,-8.2767100000020637E+000, 1.0603320678088718E+001
-8.2757100000020642E+000,-8.2757100000020642E+000, 1.0603320564726513E+001
-8.2747100000020648E+000,-8.2747100000020648E+000, 1.0603320451332015E+001
-8.2737100000020654E+000,-8.2737100000020654E+000, 1.0603320337950738E+001
-8.2727100000020659E+000,-8.2727100000020659E+000, 1.0603320224567206E+001
-8.2717100000020665E+000,-8.2717100000020665E+000, 1.0603320111190259E+001
-8.2707100000020670E+000,-8.2707100000020670E+000, 1.0603319997811884E+001
-8.2697100000020676E+000,-8.2697100000020676E+000, 1.0603319884432736E+001
-8.2687100000020681E+000,-8.2687100000020681E+000, 1.0603319771039857E+001
-8.2677100000020687E+000,-8.2677100000020687E+000, 1.0603319657665157E+001
-8.2667100000020692E+000,-8.2667100000020692E+000, 1.0603319544270054E+001
-8.2657100000020698E+000,-8.2657100000020698E+000, 1.0603319430897251E+001
-8.2647100000020703E+000,-8.2647100000020703E+000, 1.0603319317514860E+001
-8.2637100000020709E+000,-8.2637100000020709E+000, 1.0603319204111038E+001
-8.2627100000020715E+000,-8.2627100000020715E+000, 1.0603319090735864E+001
-8.2617100000020720E+000,-8.2617100000020720E+000, 1.0603318977352313E+001
-8.2607100000020726E+000,-8.2607100000020726E+000, 1.0603318863966784E+001
-8.2597100000020731E+000,-8.2597100000020731E+000, 1.0603318750585824E+001
-8.2587100000020737E+000,-8.2587100000020737E+000, 1.0603318637183957E+001
-8.2577100000020742E+000,-8.2577100000020742E+000, 1.0603318523804059E+001
-8.2567100000020748E+000,-8.2567100000020748E+000, 1.0603318410412889E+001
-8.2557100000020753E+000,-8.2557100000020753E+000, 1.0603318297013937E+001
-8.2547100000020759E+000,-8.2547100000020759E+000, 1.0603318183633389E+001
-8.2537100000020764E+000,-8.2537100000020764E+000, 1.0603318070252797E+001
-8.2527100000020770E+000,-8.2527100000020770E+000, 1.0603317956850162E+001
-8.2517100000020775E+000,-8.2517100000020775E+000, 1.0603317843456404E+001
-8.2507100000020781E+000,-8.2507100000020781E+000, 1.0603317730051893E+001
-8.2497100000020787E+000,-8.2497100000020787E+000, 1.0603317616673049E+001
-8.2487100000020792E+000,-8.2487100000020792E+000, 1.0603317503284732E+001
-8.2477100000020798E+000,-8.2477100000020798E+000, 1.0603317389893407E+001
-8.2467100000020803E+000,-8.2467100000020803E+000, 1.0603317276488221E+001
-8.2457100000020809E+000,-8.2457100000020809E+000, 1.0603317163096918E+001
-8.2447100000020814E+000,-8.2447100000020814E+000, 1.0603317049701053E+001
-8.2437100000020820E+000,-8.2437100000020820E+000, 1.0603316936316354E+001
-8.2427100000020825E+000,-8.2427100000020825E+000, 1.0603316822920693E+001
-8.2417100000020831E+000,-8.2417100000020831E+000, 1.0603316709524591E+001
-8.2407100000020836E+000,-8.2407100000020836E+000, 1.0603316596118461E+001
-8.2397100000020842E+000,-8.2397100000020842E+000, 1.0603316482717627E+001
-8.2387100000020848E+000,-8.2387100000020848E+000, 1.0603316369324954E+001
-8.2377100000020853E+000,-8.2377100000020853E+000, 1.0603316255931915E+001
-8.2367100000020859E+000,-8.2367100000020859E+000, 1.0603316142544475E+001
-8.2357100000020864E+000,-8.2357100000020864E+000, 1.0603316029135192E+001
-8.2347100000020870E+000,-8.2347100000020870E+000, 1.0603315915736118E+001
-8.2337100000020875E+000,-8.2337100000020875E+000, 1.0603315802325024E+001
-8.2327100000020881E+000,-8.2327100000020881E+000, 1.0603315688928898E+001
-8.2317100000020886E+000,-8.2317100000020886E+000, 1.0603315575532562E+001
-8.2307100000020892E+000,-8.2307100000020892E+000, 1.0603315462119484E+001
-8.2297100000020897E+000,-8.2297100000020897E+000, 1.0603315348730877E+001
-8.2287100000020903E+000,-8.2287100000020903E+000, 1.0603315235319723E+001
-8.2277100000020909E+000,-8.2277100000020909E+000, 1.0603315121922446E+001
-8.2267100000020914E+000,-8.2267100000020914E+000, 1.0603315008517276E+001
-8.2257100000020920E+000,-8.2257100000020920E+000, 1.0603314895125175E+001
-8.2247100000020925E+000,-8.2247100000020925E+000, 1.0603314781713467E+001
-8.2237100000020931E+000,-8.2237100000020931E+000, 1.0603314668279975E+001
-8.2227100000020936E+000,-8.2227100000020936E+000, 1.0603314554892169E+001
-8.2217100000020942E+000,-8.2217100000020942E+000, 1.0603314441486210E+001
-8.2207100000020947E+000,-8.2207100000020947E+000, 1.0603314328088304E+001
-8.2197100000020953E+000,-8.2197100000020953E+000, 1.0603314214691313E+001
-8.2187100000020958E+000,-8.2187100000020958E+000, 1.0603314101275274E+001
-8.2177100000020964E+000,-8.2177100000020964E+000, 1.0603313987849191E+001
-8.2167100000020969E+000,-8.2167100000020969E+000, 1.0603313874444787E+001
-8.2157100000020975E+000,-8.2157100000020975E+000, 1.0603313761042468E+001
-8.2147100000020981E+000,-8.2147100000020981E+000, 1.0603313647631156E+001
-8.2137100000020986E+000,-8.2137100000020986E+000, 1.0603313534227208E+001
-8.2127100000020992E+000,-8.2127100000020992E+000, 1.0603313420811126E+001
-8.2117100000020997E+000,-8.2117100000020997E+000, 1.0603313307389609E+001
-8.2107100000021003E+000,-8.2107100000021003E+000, 1.0603313193991889E+001
-8.2097100000021008E+000,-8.2097100000021008E+000, 1.0603313080588997E+001
-8.2087100000021014E+000,-8.2087100000021014E+000, 1.0603312967169204E+001
-8.2077100000021019E+000,-8.2077100000021019E+000, 1.0603312853754463E+001
-8.2067100000021025E+000,-8.2067100000021025E+000, 1.0603312740334857E+001
-8.2057100000021030E+000,-8.2057100000021030E+000, 1.0603312626919752E+001
-8.2047100000021036E+000,-8.2047100000021036E+000, 1.0603312513511785E+001
-8.2037100000021042E+000,-8.2037100000021042E+000, 1.0603312400098028E+001
-8.2027100000021047E+000,-8.2027100000021047E+000, 1.0603312286689732E+001
-8.2017100000021053E+000,-8.2017100000021053E+000, 1.0603312173255190E+001
-8.2007100000021058E+000,-8.2007100000021058E+000, 1.0603312059841446E+001
-8.1997100000021064E+000,-8.1997100000021064E+000, 1.0603311946421373E+001
-8.1987100000021069E+000,-8.1987100000021069E+000, 1.0603311833014445E+001
-8.1977100000021075E+000,-8.1977100000021075E+000, 1.0603311719596601E+001
-8.1967100000021080E+000,-8.1967100000021080E+000, 1.0603311606169967E+001
-8.1957100000021086E+000,-8.1957100000021086E+000, 1.0603311492756385E+001
-8.1947100000021091E+000,-8.1947100000021091E+000, 1.0603311379326524E+001
-8.1937100000021097E+000,-8.1937100000021097E+000, 1.0603311265922150E+001
-8.1927100000021102E+000,-8.1927100000021102E+000, 1.0603311152499900E+001
-8.1917100000021108E+000,-8.1917100000021108E+000, 1.0603311039078374E+001
-8.1907100000021114E+000,-8.1907100000021114E+000, 1.0603310925648456E+001
-8.1897100000021119E+000,-8.1897100000021119E+000, 1.0603310812233961E+001
-8.1887100000021125E+000,-8.1887100000021125E+000, 1.0603310698798911E+001
-8.1877100000021130E+000,-8.1877100000021130E+000, 1.0603310585390203E+001
-8.1867100000021136E+000,-8.1867100000021136E+000, 1.0603310471964686E+001
-8.1857100000021141E+000,-8.1857100000021141E+000, 1.0603310358523830E+001
-8.1847100000021147E+000,-8.1847100000021147E+000, 1.0603310245112825E+001
-8.1837100000021152E+000,-8.1837100000021152E+000, 1.0603310131691487E+001
-8.1827100000021158E+000,-8.1827100000021158E+000, 1.0603310018262754E+001
-8.1817100000021163E+000,-8.1817100000021163E+000, 1.0603309904843787E+001
-8.1807100000021169E+000,-8.1807100000021169E+000, 1.0603309791413759E+001
-8.1797100000021175E+000,-8.1797100000021175E+000, 1.0603309677968584E+001
-8.1787100000021180E+000,-8.1787100000021180E+000, 1.0603309564556627E+001
-8.1777100000021186E+000,-8.1777100000021186E+000, 1.0603309451126794E+001
-8.1767100000021191E+000,-8.1767100000021191E+000, 1.0603309337697935E+001
-8.1757100000021197E+000,-8.1757100000021197E+000, 1.0603309224269445E+001
-8.1747100000021202E+000,-8.1747100000021202E+000, 1.0603309110833942E+001
-8.1737100000021208E+000,-8.1737100000021208E+000, 1.0603308997412183E+001
-8.1727100000021213E+000,-8.1727100000021213E+000, 1.0603308883979865E+001
-8.1717100000021219E+000,-8.1717100000021219E+000, 1.0603308770544128E+001
-8.1707100000021224E+000,-8.1707100000021224E+000, 1.0603308657115287E+001
-8.1697100000021230E+000,-8.1697100000021230E+000, 1.0603308543687998E+001
-8.1687100000021236E+000,-8.1687100000021236E+000, 1.0603308430249376E+001
-8.1677100000021241E+000,-8.1677100000021241E+000, 1.0603308316818350E+001
-8.1667100000021247E+000,-8.1667100000021247E+000, 1.0603308203386570E+001
-8.1657100000021252E+000,-8.1657100000021252E+000, 1.0603308089943727E+001
-8.1647100000021258E+000,-8.1647100000021258E+000, 1.0603307976512479E+001
-8.1637100000021263E+000,-8.1637100000021263E+000, 1.0603307863080945E+001
-8.1627100000021269E+000,-8.1627100000021269E+000, 1.0603307749653082E+001
-8.1617100000021274E+000,-8.1617100000021274E+000, 1.0603307636208594E+001
-8.1607100000021280E+000,-8.1607100000021280E+000, 1.0603307522770173E+001
-8.1597100000021285E+000,-8.1597100000021285E+000, 1.0603307409343325E+001
-8.1587100000021291E+000,-8.1587100000021291E+000, 1.0603307295899812E+001
-8.1577100000021296E+000,-8.1577100000021296E+000, 1.0603307182462714E+001
-8.1567100000021302E+000,-8.1567100000021302E+000, 1.0603307069014440E+001
-8.1557100000021308E+000,-8.1557100000021308E+000, 1.0603306955595171E+001
-8.1547100000021313E+000,-8.1547100000021313E+000, 1.0603306842136451E+001
-8.1537100000021319E+000,-8.1537100000021319E+000, 1.0603306728703412E+001
-8.1527100000021324E+000,-8.1527100000021324E+000, 1.0603306615268577E+001
-8.1517100000021330E+000,-8.1517100000021330E+000, 1.0603306501825617E+001
-8.1507100000021335E+000,-8.1507100000021335E+000, 1.0603306388390045E+001
-8.1497100000021341E+000,-8.1497100000021341E+000, 1.0603306274940319E+001
-8.1487100000021346E+000,-8.1487100000021346E+000, 1.0603306161503127E+001
-8.1477100000021352E+000,-8.1477100000021352E+000, 1.0603306048053987E+001
-8.1467100000021357E+000,-8.1467100000021357E+000, 1.0603305934613427E+001
-8.1457100000021363E+000,-8.1457100000021363E+000, 1.0603305821164797E+001
-8.1447100000021369E+000,-8.1447100000021369E+000, 1.0603305707730538E+001
-8.1437100000021374E+000,-8.1437100000021374E+000, 1.0603305594276380E+001
-8.1427100000021380E+000,-8.1427100000021380E+000, 1.0603305480827558E+001
-8.1417100000021385E+000,-8.1417100000021385E+000, 1.0603305367382521E+001
-8.1407100000021391E+000,-8.1407100000021391E+000, 1.0603305253929264E+001
-8.1397100000021396E+000,-8.1397100000021396E+000, 1.0603305140490090E+001
-8.1387100000021402E+000,-8.1387100000021402E+000, 1.0603305027046671E+001
-8.1377100000021407E+000,-8.1377100000021407E+000, 1.0603304913592389E+001
-8.1367100000021413E+000,-8.1367100000021413E+000, 1.0603304800143732E+001
-8.1357100000021418E+000,-8.1357100000021418E+000, 1.0603304686700952E+001
-8.1347100000021424E+000,-8.1347100000021424E+000, 1.0603304573253304E+001
-8.1337100000021429E+000,-8.1337100000021429E+000, 1.0603304459804828E+001
-8.1327100000021435E+000,-8.1327100000021435E+000, 1.0603304346362284E+001
-8.1317100000021441E+000,-8.1317100000021441E+000, 1.0603304232892185E+001
-8.1307100000021446E+000,-8.1307100000021446E+000, 1.0603304119446193E+001
-8.1297100000021452E+000,-8.1297100000021452E+000, 1.0603304005993966E+001
-8.1287100000021457E+000,-8.1287100000021457E+000, 1.0603303892544181E+001
-8.1277100000021463E+000,-8.1277100000021463E+000, 1.0603303779095821E+001
-8.1267100000021468E+000,-8.1267100000021468E+000, 1.0603303665636108E+001
-8.1257100000021474E+000,-8.1257100000021474E+000, 1.0603303552185981E+001
-8.1247100000021479E+000,-8.1247100000021479E+000, 1.0603303438728172E+001
-8.1237100000021485E+000,-8.1237100000021485E+000, 1.0603303325267055E+001
-8.1227100000021490E+000,-8.1227100000021490E+000, 1.0603303211821199E+001
-8.1217100000021496E+000,-8.1217100000021496E+000, 1.0603303098358126E+001
-8.1207100000021502E+000,-8.1207100000021502E+000, 1.0603302984903419E+001
-8.1197100000021507E+000,-8.1197100000021507E+000, 1.0603302871452676E+001
-8.1187100000021513E+000,-8.1187100000021513E+000, 1.0603302757996037E+001
-8.1177100000021518E+000,-8.1177100000021518E+000, 1.0603302644529812E+001
-8.1167100000021524E+000,-8.1167100000021524E+000, 1.0603302531066909E+001
-8.1157100000021529E+000,-8.1157100000021529E+000, 1.0603302417626825E+001
-8.1147100000021535E+000,-8.1147100000021535E+000, 1.0603302304162431E+001
-8.1137100000021540E+000,-8.1137100000021540E+000, 1.0603302190697516E+001
-8.1127100000021546E+000,-8.1127100000021546E+000, 1.0603302077227536E+001
-8.1117100000021551E+000,-8.1117100000021551E+000, 1.0603301963772740E+001
-8.1107100000021557E+000,-8.1107100000021557E+000, 1.0603301850310437E+001
-8.1097100000021562E+000,-8.1097100000021562E+000, 1.0603301736859848E+001
-8.1087100000021568E+000,-8.1087100000021568E+000, 1.0603301623384599E+001
-8.1077100000021574E+000,-8.1077100000021574E+000, 1.0603301509932191E+001
-8.1067100000021579E+000,-8.1067100000021579E+000, 1.0603301396471554E+001
-8.1057100000021585E+000,-8.1057100000021585E+000, 1.0603301282996874E+001
-8.1047100000021590E+000,-8.1047100000021590E+000, 1.0603301169530726E+001
-8.1037100000021596E+000,-8.1037100000021596E+000, 1.0603301056068513E+001
-8.1027100000021601E+000,-8.1027100000021601E+000, 1.0603300942600391E+001
-8.1017100000021607E+000,-8.1017100000021607E+000, 1.0603300829138757E+001
-8.1007100000021612E+000,-8.1007100000021612E+000, 1.0603300715674630E+001
-8.0997100000021618E+000,-8.0997100000021618E+000, 1.0603300602205383E+001
-8.0987100000021623E+000,-8.0987100000021623E+000, 1.0603300488739601E+001
-8.0977100000021629E+000,-8.0977100000021629E+000, 1.0603300375267938E+001
-8.0967100000021635E+000,-8.0967100000021635E+000, 1.0603300261806041E+001
-8.0957100000021640E+000,-8.0957100000021640E+000, 1.0603300148333101E+001
-8.0947100000021646E+000,-8.0947100000021646E+000, 1.0603300034861082E+001
-8.0937100000021651E+000,-8.0937100000021651E+000, 1.0603299921391756E+001
-8.0927100000021657E+000,-8.0927100000021657E+000, 1.0603299807931524E+001
-8.0917100000021662E+000,-8.0917100000021662E+000, 1.0603299694450515E+001
-8.0907100000021668E+000,-8.0907100000021668E+000, 1.0603299580979833E+001
-8.0897100000021673E+000,-8.0897100000021673E+000, 1.0603299467503415E+001
-8.0887100000021679E+000,-8.0887100000021679E+000, 1.0603299354030456E+001
-8.0877100000021684E+000,-8.0877100000021684E+000, 1.0603299240572998E+001
-8.0867100000021690E+000,-8.0867100000021690E+000, 1.0603299127093001E+001
-8.0857100000021696E+000,-8.0857100000021696E+000, 1.0603299013626549E+001
-8.0847100000021701E+000,-8.0847100000021701E+000, 1.0603298900145838E+001
-8.0837100000021707E+000,-8.0837100000021707E+000, 1.0603298786669292E+001
-8.0827100000021712E+000,-8.0827100000021712E+000, 1.0603298673196521E+001
-8.0817100000021718E+000,-8.0817100000021718E+000, 1.0603298559727580E+001
-8.0807100000021723E+000,-8.0807100000021723E+000, 1.0603298446251371E+001
-8.0797100000021729E+000,-8.0797100000021729E+000, 1.0603298332775541E+001
-8.0787100000021734E+000,-8.0787100000021734E+000, 1.0603298219279667E+001
-8.0777100000021740E+000,-8.0777100000021740E+000, 1.0603298105816492E+001
-8.0767100000021745E+000,-8.0767100000021745E+000, 1.0603297992332713E+001
-8.0757100000021751E+000,-8.0757100000021751E+000, 1.0603297878861209E+001
-8.0747100000021756E+000,-8.0747100000021756E+000, 1.0603297765383097E+001
-8.0737100000021762E+000,-8.0737100000021762E+000, 1.0603297651892335E+001
-8.0727100000021768E+000,-8.0727100000021768E+000, 1.0603297538402497E+001
-8.0717100000021773E+000,-8.0717100000021773E+000, 1.0603297424933373E+001
-8.0707100000021779E+000,-8.0707100000021779E+000, 1.0603297311461263E+001
-8.0697100000021784E+000,-8.0697100000021784E+000, 1.0603297197974308E+001
-8.0687100000021790E+000,-8.0687100000021790E+000, 1.0603297084487185E+001
-8.0677100000021795E+000,-8.0677100000021795E+000, 1.0603296971004678E+001
-8.0667100000021801E+000,-8.0667100000021801E+000, 1.0603296857525985E+001
-8.0657100000021806E+000,-8.0657100000021806E+000, 1.0603296744043753E+001
-8.0647100000021812E+000,-8.0647100000021812E+000, 1.0603296630564721E+001
-8.0637100000021817E+000,-8.0637100000021817E+000, 1.0603296517073352E+001
-8.0627100000021823E+000,-8.0627100000021823E+000, 1.0603296403581917E+001
-8.0617100000021829E+000,-8.0617100000021829E+000, 1.0603296290095113E+001
-8.0607100000021834E+000,-8.0607100000021834E+000, 1.0603296176615464E+001
-8.0597100000021840E+000,-8.0597100000021840E+000, 1.0603296063122688E+001
-8.0587100000021845E+000,-8.0587100000021845E+000, 1.0603295949649818E+001
-8.0577100000021851E+000,-8.0577100000021851E+000, 1.0603295836150190E+001
-8.0567100000021856E+000,-8.0567100000021856E+000, 1.0603295722653293E+001
-8.0557100000021862E+000,-8.0557100000021862E+000, 1.0603295609176200E+001
-8.0547100000021867E+000,-8.0547100000021867E+000, 1.0603295495688400E+001
-8.0537100000021873E+000,-8.0537100000021873E+000, 1.0603295382197519E+001
-8.0527100000021878E+000,-8.0527100000021878E+000, 1.0603295268704510E+001
-8.0517100000021884E+000,-8.0517100000021884E+000, 1.0603295155214083E+001
-8.0507100000021889E+000,-8.0507100000021889E+000, 1.0603295041709011E+001
-8.0497100000021895E+000,-8.0497100000021895E+000, 1.0603294928236169E+001
-8.0487100000021901E+000,-8.0487100000021901E+000, 1.0603294814744357E+001
-8.0477100000021906E+000,-8.0477100000021906E+000, 1.0603294701248199E+001
-8.0467100000021912E+000,-8.0467100000021912E+000, 1.0603294587752858E+001
-8.0457100000021917E+000,-8.0457100000021917E+000, 1.0603294474256188E+001
-8.0447100000021923E+000,-8.0447100000021923E+000, 1.0603294360762783E+001
-8.0437100000021928E+000,-8.0437100000021928E+000, 1.0603294247273496E+001
-8.0427100000021934E+000,-8.0427100000021934E+000, 1.0603294133783324E+001
-8.0417100000021939E+000,-8.0417100000021939E+000, 1.0603294020279716E+001
-8.0407100000021945E+000,-8.0407100000021945E+000, 1.0603293906777949E+001
-8.0397100000021950E+000,-8.0397100000021950E+000, 1.0603293793273570E+001
-8.0387100000021956E+000,-8.0387100000021956E+000, 1.0603293679792117E+001
-8.0377100000021962E+000,-8.0377100000021962E+000, 1.0603293566286041E+001
-8.0367100000021967E+000,-8.0367100000021967E+000, 1.0603293452791132E+001
-8.0357100000021973E+000,-8.0357100000021973E+000, 1.0603293339300256E+001
-8.0347100000021978E+000,-8.0347100000021978E+000, 1.0603293225795159E+001
-8.0337100000021984E+000,-8.0337100000021984E+000, 1.0603293112287481E+001
-8.0327100000021989E+000,-8.0327100000021989E+000, 1.0603292998793071E+001
-8.0317100000021995E+000,-8.0317100000021995E+000, 1.0603292885296465E+001
-8.0307100000022000E+000,-8.0307100000022000E+000, 1.0603292771797724E+001
-8.0297100000022006E+000,-8.0297100000022006E+000, 1.0603292658290856E+001
-8.0287100000022011E+000,-8.0287100000022011E+000, 1.0603292544794723E+001
-8.0277100000022017E+000,-8.0277100000022017E+000, 1.0603292431289915E+001
-8.0267100000022022E+000,-8.0267100000022022E+000, 1.0603292317791455E+001
-8.0257100000022028E+000,-8.0257100000022028E+000, 1.0603292204280841E+001
-8.0247100000022034E+000,-8.0247100000022034E+000, 1.0603292090775451E+001
-8.0237100000022039E+000,-8.0237100000022039E+000, 1.0603291977275912E+001
-8.0227100000022045E+000,-8.0227100000022045E+000, 1.0603291863769519E+001
-8.0217100000022050E+000,-8.0217100000022050E+000, 1.0603291750263217E+001
-8.0207100000022056E+000,-8.0207100000022056E+000, 1.0603291636753188E+001
-8.0197100000022061E+000,-8.0197100000022061E+000, 1.0603291523254081E+001
-8.0187100000022067E+000,-8.0187100000022067E+000, 1.0603291409744934E+001
-8.0177100000022072E+000,-8.0177100000022072E+000, 1.0603291296240087E+001
-8.0167100000022078E+000,-8.0167100000022078E+000, 1.0603291182724012E+001
-8.0157100000022083E+000,-8.0157100000022083E+000, 1.0603291069211197E+001
-8.0147100000022089E+000,-8.0147100000022089E+000, 1.0603290955712856E+001
-8.0137100000022095E+000,-8.0137100000022095E+000, 1.0603290842193942E+001
-8.0127100000022100E+000,-8.0127100000022100E+000, 1.0603290728701381E+001
-8.0117100000022106E+000,-8.0117100000022106E+000, 1.0603290615174892E+001
-8.0107100000022111E+000,-8.0107100000022111E+000, 1.0603290501666621E+001
-8.0097100000022117E+000,-8.0097100000022117E+000, 1.0603290388154257E+001
-8.0087100000022122E+000,-8.0087100000022122E+000, 1.0603290274641108E+001
-8.0077100000022128E+000,-8.0077100000022128E+000, 1.0603290161137910E+001
-8.0067100000022133E+000,-8.0067100000022133E+000, 1.0603290047614959E+001
-8.0057100000022139E+000,-8.0057100000022139E+000, 1.0603289934102358E+001
-8.0047100000022144E+000,-8.0047100000022144E+000, 1.0603289820588373E+001
-8.0037100000022150E+000,-8.0037100000022150E+000, 1.0603289707070681E+001
-8.0027100000022156E+000,-8.0027100000022156E+000, 1.0603289593562844E+001
-8.0017100000022161E+000,-8.0017100000022161E+000, 1.0603289480044003E+001
-8.0007100000022167E+000,-8.0007100000022167E+000, 1.0603289366523697E+001
-7.9997100000022163E+000,-7.9997100000022163E+000, 1.0603289252995303E+001
-7.9987100000022160E+000,-7.9987100000022160E+000, 1.0603289139489695E+001
-7.9977100000022157E+000,-7.9977100000022157E+000, 1.0603289025984193E+001
-7.9967100000022153E+000,-7.9967100000022153E+000, 1.0603288912462968E+001
-7.9957100000022150E+000,-7.9957100000022150E+000, 1.0603288798951169E+001
-7.9947100000022147E+000,-7.9947100000022147E+000, 1.0603288685424957E+001
-7.9937100000022143E+000,-7.9937100000022143E+000, 1.0603288571900922E+001
-7.9927100000022140E+000,-7.9927100000022140E+000, 1.0603288458381599E+001
-7.9917100000022137E+000,-7.9917100000022137E+000, 1.0603288344861758E+001
-7.9907100000022133E+000,-7.9907100000022133E+000, 1.0603288231350909E+001
-7.9897100000022130E+000,-7.9897100000022130E+000, 1.0603288117825626E+001
-7.9887100000022127E+000,-7.9887100000022127E+000, 1.0603288004285071E+001
-7.9877100000022123E+000,-7.9877100000022123E+000, 1.0603287890771421E+001
-7.9867100000022120E+000,-7.9867100000022120E+000, 1.0603287777251674E+001
-7.9857100000022117E+000,-7.9857100000022117E+000, 1.0603287663733004E+001
-7.9847100000022113E+000,-7.9847100000022113E+000, 1.0603287550197653E+001
-7.9837100000022110E+000,-7.9837100000022110E+000, 1.0603287436667335E+001
-7.9827100000022106E+000,-7.9827100000022106E+000, 1.0603287323140863E+001
-7.9817100000022103E+000,-7.9817100000022103E+000, 1.0603287209617207E+001
-7.9807100000022100E+000,-7.9807100000022100E+000, 1.0603287096094951E+001
-7.9797100000022096E+000,-7.9797100000022096E+000, 1.0603286982585104E+001
-7.9787100000022093E+000,-7.9787100000022093E+000, 1.0603286869053232E+001
-7.9777100000022090E+000,-7.9777100000022090E+000, 1.0603286755509211E+001
-7.9767100000022086E+000,-7.9767100000022086E+000, 1.0603286641994165E+001
-7.9757100000022083E+000,-7.9757100000022083E+000, 1.0603286528471083E+001
-7.9747100000022080E+000,-7.9747100000022080E+000, 1.0603286414947055E+001
-7.9737100000022076E+000,-7.9737100000022076E+000, 1.0603286301412579E+001
-7.9727100000022073E+000,-7.9727100000022073E+000, 1.0603286187866987E+001
-7.9717100000022070E+000,-7.9717100000022070E+000, 1.0603286074341085E+001
-7.9707100000022066E+000,-7.9707100000022066E+000, 1.0603285960816153E+001
-7.9697100000022063E+000,-7.9697100000022063E+000, 1.0603285847294936E+001
-7.9687100000022060E+000,-7.9687100000022060E+000, 1.0603285733764450E+001
-7.9677100000022056E+000,-7.9677100000022056E+000, 1.0603285620220236E+001
-7.9667100000022053E+000,-7.9667100000022053E+000, 1.0603285506677853E+001
-7.9657100000022050E+000,-7.9657100000022050E+000, 1.0603285393150905E+001
-7.9647100000022046E+000,-7.9647100000022046E+000, 1.0603285279623162E+001
-7.9637100000022043E+000,-7.9637100000022043E+000, 1.0603285166086964E+001
-7.9627100000022040E+000,-7.9627100000022040E+000, 1.0603285052545447E+001
-7.9617100000022036E+000,-7.9617100000022036E+000, 1.0603284939024464E+001
-7.9607100000022033E+000,-7.9607100000022033E+000, 1.0603284825469038E+001
-7.9597100000022030E+000,-7.9597100000022030E+000, 1.0603284711937803E+001
-7.9587100000022026E+000,-7.9587100000022026E+000, 1.0603284598405402E+001
-7.9577100000022023E+000,-7.9577100000022023E+000, 1.0603284484860552E+001
-7.9567100000022020E+000,-7.9567100000022020E+000, 1.0603284371323269E+001
-7.9557100000022016E+000,-7.9557100000022016E+000, 1.0603284257792925E+001
-7.9547100000022013E+000,-7.9547100000022013E+000, 1.0603284144240721E+001
-7.9537100000022010E+000,-7.9537100000022010E+000, 1.0603284030708458E+001
-7.9527100000022006E+000,-7.9527100000022006E+000, 1.0603283917171192E+001
-7.9517100000022003E+000,-7.9517100000022003E+000, 1.0603283803628372E+001
-7.9507100000022000E+000,-7.9507100000022000E+000, 1.0603283690093360E+001
-7.9497100000021996E+000,-7.9497100000021996E+000, 1.0603283576543877E+001
-7.9487100000021993E+000,-7.9487100000021993E+000, 1.0603283463010596E+001
-7.9477100000021990E+000,-7.9477100000021990E+000, 1.0603283349472846E+001
-7.9467100000021986E+000,-7.9467100000021986E+000, 1.0603283235920173E+001
-7.9457100000021983E+000,-7.9457100000021983E+000, 1.0603283122378031E+001
-7.9447100000021980E+000,-7.9447100000021980E+000, 1.0603283008836879E+001
-7.9437100000021976E+000,-7.9437100000021976E+000, 1.0603282895287370E+001
-7.9427100000021973E+000,-7.9427100000021973E+000, 1.0603282781749918E+001
-7.9417100000021970E+000,-7.9417100000021970E+000, 1.0603282668194833E+001
-7.9407100000021966E+000,-7.9407100000021966E+000, 1.0603282554652441E+001
-7.9397100000021963E+000,-7.9397100000021963E+000, 1.0603282441106817E+001
-7.9387100000021960E+000,-7.9387100000021960E+000, 1.0603282327569772E+001
-7.9377100000021956E+000,-7.9377100000021956E+000, 1.0603282214014248E+001
-7.9367100000021953E+000,-7.9367100000021953E+000, 1.0603282100460397E+001
-7.9357100000021950E+000,-7.9357100000021950E+000, 1.0603281986912593E+001
-7.9347100000021946E+000,-7.9347100000021946E+000, 1.0603281873369683E+001
-7.9337100000021943E+000,-7.9337100000021943E+000, 1.0603281759821884E+001
-7.9327100000021940E+000,-7.9327100000021940E+000, 1.0603281646264541E+001
-7.9317100000021936E+000,-7.9317100000021936E+000, 1.0603281532714849E+001
-7.9307100000021933E+000,-7.9307100000021933E+000, 1.0603281419165747E+001
-7.9297100000021929E+000,-7.9297100000021929E+000, 1.0603281305614964E+001
-7.9287100000021926E+000,-7.9287100000021926E+000, 1.0603281192067794E+001
-7.9277100000021923E+000,-7.9277100000021923E+000, 1.0603281078517705E+001
-7.9267100000021919E+000,-7.9267100000021919E+000, 1.0603280964953088E+001
-7.9257100000021916E+000,-7.9257100000021916E+000, 1.0603280851399994E+001
-7.9247100000021913E+000,-7.9247100000021913E+000, 1.0603280737844608E+001
-7.9237100000021909E+000,-7.9237100000021909E+000, 1.0603280624299170E+001
-7.9227100000021906E+000,-7.9227100000021906E+000, 1.0603280510750015E+001
-7.9217100000021903E+000,-7.9217100000021903E+000, 1.0603280397187339E+001
-7.9207100000021899E+000,-7.9207100000021899E+000, 1.0603280283621149E+001
-7.9197100000021896E+000,-7.9197100000021896E+000, 1.0603280170068185E+001
-7.9187100000021893E+000,-7.9187100000021893E+000, 1.0603280056511984E+001
-7.9177100000021889E+000,-7.9177100000021889E+000, 1.0603279942961350E+001
-7.9167100000021886E+000,-7.9167100000021886E+000, 1.0603279829407873E+001
-7.9157100000021883E+000,-7.9157100000021883E+000, 1.0603279715831173E+001
-7.9147100000021879E+000,-7.9147100000021879E+000, 1.0603279602274386E+001
-7.9137100000021876E+000,-7.9137100000021876E+000, 1.0603279488720959E+001
-7.9127100000021873E+000,-7.9127100000021873E+000, 1.0603279375162593E+001
-7.9117100000021869E+000,-7.9117100000021869E+000, 1.0603279261613100E+001
-7.9107100000021866E+000,-7.9107100000021866E+000, 1.0603279148043775E+001
-7.9097100000021863E+000,-7.9097100000021863E+000, 1.0603279034474070E+001
-7.9087100000021859E+000,-7.9087100000021859E+000, 1.0603278920918740E+001
-7.9077100000021856E+000,-7.9077100000021856E+000, 1.0603278807354828E+001
-7.9067100000021853E+000,-7.9067100000021853E+000, 1.0603278693801654E+001
-7.9057100000021849E+000,-7.9057100000021849E+000, 1.0603278580238449E+001
-7.9047100000021846E+000,-7.9047100000021846E+000, 1.0603278466665515E+001
-7.9037100000021843E+000,-7.9037100000021843E+000, 1.0603278353090532E+001
-7.9027100000021839E+000,-7.9027100000021839E+000, 1.0603278239545887E+001
-7.9017100000021836E+000,-7.9017100000021836E+000, 1.0603278125972855E+001
-7.9007100000021833E+000,-7.9007100000021833E+000, 1.0603278012409870E+001
-7.8997100000021829E+000,-7.8997100000021829E+000, 1.0603277898837799E+001
-7.8987100000021826E+000,-7.8987100000021826E+000, 1.0603277785278777E+001
-7.8977100000021823E+000,-7.8977100000021823E+000, 1.0603277671710845E+001
-7.8967100000021819E+000,-7.8967100000021819E+000, 1.0603277558139897E+001
-7.8957100000021816E+000,-7.8957100000021816E+000, 1.0603277444583199E+001
-7.8947100000021813E+000,-7.8947100000021813E+000, 1.0603277330990831E+001
-7.8937100000021809E+000,-7.8937100000021809E+000, 1.0603277217432987E+001
-7.8927100000021806E+000,-7.8927100000021806E+000, 1.0603277103861618E+001
-7.8917100000021803E+000,-7.8917100000021803E+000, 1.0603276990287092E+001
-7.8907100000021799E+000,-7.8907100000021799E+000, 1.0603276876710723E+001
-7.8897100000021796E+000,-7.8897100000021796E+000, 1.0603276763141988E+001
-7.8887100000021793E+000,-7.8887100000021793E+000, 1.0603276649576152E+001
-7.8877100000021789E+000,-7.8877100000021789E+000, 1.0603276536008744E+001
-7.8867100000021786E+000,-7.8867100000021786E+000, 1.0603276422421160E+001
-7.8857100000021783E+000,-7.8857100000021783E+000, 1.0603276308867668E+001
-7.8847100000021779E+000,-7.8847100000021779E+000, 1.0603276195288901E+001
-7.8837100000021776E+000,-7.8837100000021776E+000, 1.0603276081713904E+001
-7.8827100000021773E+000,-7.8827100000021773E+000, 1.0603275968127644E+001
-7.8817100000021769E+000,-7.8817100000021769E+000, 1.0603275854556381E+001
-7.8807100000021766E+000,-7.8807100000021766E+000, 1.0603275740979546E+001
-7.8797100000021763E+000,-7.8797100000021763E+000, 1.0603275627411543E+001
-7.8787100000021759E+000,-7.8787100000021759E+000, 1.0603275513830123E+001
-7.8777100000021756E+000,-7.8777100000021756E+000, 1.0603275400253247E+001
-7.8767100000021752E+000,-7.8767100000021752E+000, 1.0603275286673455E+001
-7.8757100000021749E+000,-7.8757100000021749E+000, 1.0603275173093884E+001
-7.8747100000021746E+000,-7.8747100000021746E+000, 1.0603275059506256E+001
-7.8737100000021742E+000,-7.8737100000021742E+000, 1.0603274945940102E+001
-7.8727100000021739E+000,-7.8727100000021739E+000, 1.0603274832350559E+001
-7.8717100000021736E+000,-7.8717100000021736E+000, 1.0603274718778572E+001
-7.8707100000021732E+000,-7.8707100000021732E+000, 1.0603274605198166E+001
-7.8697100000021729E+000,-7.8697100000021729E+000, 1.0603274491622114E+001
-7.8687100000021726E+000,-7.8687100000021726E+000, 1.0603274378026104E+001
-7.8677100000021722E+000,-7.8677100000021722E+000, 1.0603274264453479E+001
-7.8667100000021719E+000,-7.8667100000021719E+000, 1.0603274150875617E+001
-7.8657100000021716E+000,-7.8657100000021716E+000, 1.0603274037295547E+001
-7.8647100000021712E+000,-7.8647100000021712E+000, 1.0603273923704331E+001
-7.8637100000021709E+000,-7.8637100000021709E+000, 1.0603273810110680E+001
-7.8627100000021706E+000,-7.8627100000021706E+000, 1.0603273696530326E+001
-7.8617100000021702E+000,-7.8617100000021702E+000, 1.0603273582954071E+001
-7.8607100000021699E+000,-7.8607100000021699E+000, 1.0603273469362250E+001
-7.8597100000021696E+000,-7.8597100000021696E+000, 1.0603273355778867E+001
-7.8587100000021692E+000,-7.8587100000021692E+000, 1.0603273242190717E+001
-7.8577100000021689E+000,-7.8577100000021689E+000, 1.0603273128591017E+001
-7.8567100000021686E+000,-7.8567100000021686E+000, 1.0603273015012643E+001
-7.8557100000021682E+000,-7.8557100000021682E+000, 1.0603272901423921E+001
-7.8547100000021679E+000,-7.8547100000021679E+000, 1.0603272787844567E+001
-7.8537100000021676E+000,-7.8537100000021676E+000, 1.0603272674243415E+001
-7.8527100000021672E+000,-7.8527100000021672E+000, 1.0603272560639773E+001
-7.8517100000021669E+000,-7.8517100000021669E+000, 1.0603272447061137E+001
-7.8507100000021666E+000,-7.8507100000021666E+000, 1.0603272333481707E+001
-7.8497100000021662E+000,-7.8497100000021662E+000, 1.0603272219883440E+001
-7.8487100000021659E+000,-7.8487100000021659E+000, 1.0603272106300579E+001
-7.8477100000021656E+000,-7.8477100000021656E+000, 1.0603271992699476E+001
-7.8467100000021652E+000,-7.8467100000021652E+000, 1.0603271879098056E+001
-7.8457100000021649E+000,-7.8457100000021649E+000, 1.0603271765508993E+001
-7.8447100000021646E+000,-7.8447100000021646E+000, 1.0603271651929353E+001
-7.8437100000021642E+000,-7.8437100000021642E+000, 1.0603271538324602E+001
-7.8427100000021639E+000,-7.8427100000021639E+000, 1.0603271424729970E+001
-7.8417100000021636E+000,-7.8417100000021636E+000, 1.0603271311141386E+001
-7.8407100000021632E+000,-7.8407100000021632E+000, 1.0603271197541925E+001
-7.8397100000021629E+000,-7.8397100000021629E+000, 1.0603271083944421E+001
-7.8387100000021626E+000,-7.8387100000021626E+000, 1.0603270970361336E+001
-7.8377100000021622E+000,-7.8377100000021622E+000, 1.0603270856753294E+001
-7.8367100000021619E+000,-7.8367100000021619E+000, 1.0603270743152393E+001
-7.8357100000021616E+000,-7.8357100000021616E+000, 1.0603270629546701E+001
-7.8347100000021612E+000,-7.8347100000021612E+000, 1.0603270515958213E+001
-7.8337100000021609E+000,-7.8337100000021609E+000, 1.0603270402358287E+001
-7.8327100000021606E+000,-7.8327100000021606E+000, 1.0603270288752539E+001
-7.8317100000021602E+000,-7.8317100000021602E+000, 1.0603270175156931E+001
-7.8307100000021599E+000,-7.8307100000021599E+000, 1.0603270061546983E+001
-7.8297100000021596E+000,-7.8297100000021596E+000, 1.0603269947948510E+001
-7.8287100000021592E+000,-7.8287100000021592E+000, 1.0603269834363839E+001
-7.8277100000021589E+000,-7.8277100000021589E+000, 1.0603269720760867E+001
-7.8267100000021586E+000,-7.8267100000021586E+000, 1.0603269607134775E+001
-7.8257100000021582E+000,-7.8257100000021582E+000, 1.0603269493540688E+001
-7.8247100000021579E+000,-7.8247100000021579E+000, 1.0603269379947029E+001
-7.8237100000021575E+000,-7.8237100000021575E+000, 1.0603269266338611E+001
-7.8227100000021572E+000,-7.8227100000021572E+000, 1.0603269152732359E+001
-7.8217100000021569E+000,-7.8217100000021569E+000, 1.0603269039126454E+001
-7.8207100000021565E+000,-7.8207100000021565E+000, 1.0603268925514552E+001
-7.8197100000021562E+000,-7.8197100000021562E+000, 1.0603268811906077E+001
-7.8187100000021559E+000,-7.8187100000021559E+000, 1.0603268698315095E+001
-7.8177100000021555E+000,-7.8177100000021555E+000, 1.0603268584694266E+001
-7.8167100000021552E+000,-7.8167100000021552E+000, 1.0603268471095131E+001
-7.8157100000021549E+000,-7.8157100000021549E+000, 1.0603268357477614E+001
-7.8147100000021545E+000,-7.8147100000021545E+000, 1.0603268243869833E+001
-7.8137100000021542E+000,-7.8137100000021542E+000, 1.0603268130273413E+001
-7.8127100000021539E+000,-7.8127100000021539E+000, 1.0603268016662645E+001
-7.8117100000021535E+000,-7.8117100000021535E+000, 1.0603267903043317E+001
-7.8107100000021532E+000,-7.8107100000021532E+000, 1.0603267789437052E+001
-7.8097100000021529E+000,-7.8097100000021529E+000, 1.0603267675823838E+001
-7.8087100000021525E+000,-7.8087100000021525E+000, 1.0603267562223776E+001
-7.8077100000021522E+000,-7.8077100000021522E+000, 1.0603267448607390E+001
-7.8067100000021519E+000,-7.8067100000021519E+000, 1.0603267334989740E+001
-7.8057100000021515E+000,-7.8057100000021515E+000, 1.0603267221373361E+001
-7.8047100000021512E+000,-7.8047100000021512E+000, 1.0603267107757686E+001
-7.8037100000021509E+000,-7.8037100000021509E+000, 1.0603266994143347E+001
-7.8027100000021505E+000,-7.8027100000021505E+000, 1.0603266880532715E+001
-7.8017100000021502E+000,-7.8017100000021502E+000, 1.0603266766919159E+001
-7.8007100000021499E+000,-7.8007100000021499E+000, 1.0603266653297439E+001
-7.7997100000021495E+000,-7.7997100000021495E+000, 1.0603266539678117E+001
-7.7987100000021492E+000,-7.7987100000021492E+000, 1.0603266426062174E+001
-7.7977100000021489E+000,-7.7977100000021489E+000, 1.0603266312441662E+001
-7.7967100000021485E+000,-7.7967100000021485E+000, 1.0603266198843725E+001
-7.7957100000021482E+000,-7.7957100000021482E+000, 1.0603266085203019E+001
-7.7947100000021479E+000,-7.7947100000021479E+000, 1.0603265971598621E+001
-7.7937100000021475E+000,-7.7937100000021475E+000, 1.0603265857982111E+001
-7.7927100000021472E+000,-7.7927100000021472E+000, 1.0603265744359097E+001
-7.7917100000021469E+000,-7.7917100000021469E+000, 1.0603265630744904E+001
-7.7907100000021465E+000,-7.7907100000021465E+000, 1.0603265517121589E+001
-7.7897100000021462E+000,-7.7897100000021462E+000, 1.0603265403498252E+001
-7.7887100000021459E+000,-7.7887100000021459E+000, 1.0603265289870222E+001
-7.7877100000021455E+000,-7.7877100000021455E+000, 1.0603265176238995E+001
-7.7867100000021452E+000,-7.7867100000021452E+000, 1.0603265062633751E+001
-7.7857100000021449E+000,-7.7857100000021449E+000, 1.0603264949006290E+001
-7.7847100000021445E+000,-7.7847100000021445E+000, 1.0603264835366634E+001
-7.7837100000021442E+000,-7.7837100000021442E+000, 1.0603264721763326E+001
-7.7827100000021439E+000,-7.7827100000021439E+000, 1.0603264608126514E+001
-7.7817100000021435E+000,-7.7817100000021435E+000, 1.0603264494508890E+001
-7.7807100000021432E+000,-7.7807100000021432E+000, 1.0603264380875503E+001
-7.7797100000021429E+000,-7.7797100000021429E+000, 1.0603264267253609E+001
-7.7787100000021425E+000,-7.7787100000021425E+000, 1.0603264153627050E+001
-7.7777100000021422E+000,-7.7777100000021422E+000, 1.0603264040008364E+001
-7.7767100000021419E+000,-7.7767100000021419E+000, 1.0603263926368824E+001
-7.7757100000021415E+000,-7.7757100000021415E+000, 1.0603263812741920E+001
-7.7747100000021412E+000,-7.7747100000021412E+000, 1.0603263699112430E+001
-7.7737100000021409E+000,-7.7737100000021409E+000, 1.0603263585489863E+001
-7.7727100000021405E+000,-7.7727100000021405E+000, 1.0603263471864478E+001
-7.7717100000021402E+000,-7.7717100000021402E+000, 1.0603263358229965E+001
-7.7707100000021399E+000,-7.7707100000021399E+000, 1.0603263244602761E+001
-7.7697100000021395E+000,-7.7697100000021395E+000, 1.0603263130962430E+001
-7.7687100000021392E+000,-7.7687100000021392E+000, 1.0603263017331646E+001
-7.7677100000021388E+000,-7.7677100000021388E+000, 1.0603262903695153E+001
-7.7667100000021385E+000,-7.7667100000021385E+000, 1.0603262790063111E+001
-7.7657100000021382E+000,-7.7657100000021382E+000, 1.0603262676442279E+001
-7.7647100000021378E+000,-7.7647100000021378E+000, 1.0603262562799692E+001
-7.7637100000021375E+000,-7.7637100000021375E+000, 1.0603262449170710E+001
-7.7627100000021372E+000,-7.7627100000021372E+000, 1.0603262335539522E+001
-7.7617100000021368E+000,-7.7617100000021368E+000, 1.0603262221895507E+001
-7.7607100000021365E+000,-7.7607100000021365E+000, 1.0603262108272112E+001
-7.7597100000021362E+000,-7.7597100000021362E+000, 1.0603261994610914E+001
-7.7587100000021358E+000,-7.7587100000021358E+000, 1.0603261880978820E+001
-7.7577100000021355E+000,-7.7577100000021355E+000, 1.0603261767350402E+001
-7.7567100000021352E+000,-7.7567100000021352E+000, 1.0603261653725779E+001
-7.7557100000021348E+000,-7.7557100000021348E+000, 1.0603261540080185E+001
-7.7547100000021345E+000,-7.7547100000021345E+000, 1.0603261426440504E+001
-7.7537100000021342E+000,-7.7537100000021342E+000, 1.0603261312794976E+001
-7.7527100000021338E+000,-7.7527100000021338E+000, 1.0603261199164638E+001
-7.7517100000021335E+000,-7.7517100000021335E+000, 1.0603261085519414E+001
-7.7507100000021332E+000,-7.7507100000021332E+000, 1.0603260971891039E+001
-7.7497100000021328E+000,-7.7497100000021328E+000, 1.0603260858241127E+001
-7.7487100000021325E+000,-7.7487100000021325E+000, 1.0603260744591784E+001
-7.7477100000021322E+000,-7.7477100000021322E+000, 1.0603260630955813E+001
-7.7467100000021318E+000,-7.7467100000021318E+000, 1.0603260517307934E+001
-7.7457100000021315E+000,-7.7457100000021315E+000, 1.0603260403669648E+001
-7.7447100000021312E+000,-7.7447100000021312E+000, 1.0603260290013566E+001
-7.7437100000021308E+000,-7.7437100000021308E+000, 1.0603260176385316E+001
-7.7427100000021305E+000,-7.7427100000021305E+000, 1.0603260062734918E+001
-7.7417100000021302E+000,-7.7417100000021302E+000, 1.0603259949078698E+001
-7.7407100000021298E+000,-7.7407100000021298E+000, 1.0603259835447339E+001
-7.7397100000021295E+000,-7.7397100000021295E+000, 1.0603259721809836E+001
-7.7387100000021292E+000,-7.7387100000021292E+000, 1.0603259608154975E+001
-7.7377100000021288E+000,-7.7377100000021288E+000, 1.0603259494496822E+001
-7.7367100000021285E+000,-7.7367100000021285E+000, 1.0603259380859312E+001
-7.7357100000021282E+000,-7.7357100000021282E+000, 1.0603259267217789E+001
-7.7347100000021278E+000,-7.7347100000021278E+000, 1.0603259153555008E+001
-7.7337100000021275E+000,-7.7337100000021275E+000, 1.0603259039910848E+001
-7.7327100000021272E+000,-7.7327100000021272E+000, 1.0603258926253966E+001
-7.7317100000021268E+000,-7.7317100000021268E+000, 1.0603258812606667E+001
-7.7307100000021265E+000,-7.7307100000021265E+000, 1.0603258698957958E+001
-7.7297100000021262E+000,-7.7297100000021262E+000, 1.0603258585311901E+001
-7.7287100000021258E+000,-7.7287100000021258E+000, 1.0603258471658521E+001
-7.7277100000021255E+000,-7.7277100000021255E+000, 1.0603258357997833E+001
-7.7267100000021252E+000,-7.7267100000021252E+000, 1.0603258244361983E+001
-7.7257100000021248E+000,-7.7257100000021248E+000, 1.0603258130698503E+001
-7.7247100000021245E+000,-7.7247100000021245E+000, 1.0603258017052454E+001
-7.7237100000021242E+000,-7.7237100000021242E+000, 1.0603257903387242E+001
-7.7227100000021238E+000,-7.7227100000021238E+000, 1.0603257789737727E+001
-7.7217100000021235E+000,-7.7217100000021235E+000, 1.0603257676078364E+001
-7.7207100000021232E+000,-7.7207100000021232E+000, 1.0603257562422336E+001
-7.7197100000021228E+000,-7.7197100000021228E+000, 1.0603257448770048E+001
-7.7187100000021225E+000,-7.7187100000021225E+000, 1.0603257335113884E+001
-7.7177100000021222E+000,-7.7177100000021222E+000, 1.0603257221459225E+001
-7.7167100000021218E+000,-7.7167100000021218E+000, 1.0603257107808282E+001
-7.7157100000021215E+000,-7.7157100000021215E+000, 1.0603256994140335E+001
-7.7147100000021211E+000,-7.7147100000021211E+000, 1.0603256880490534E+001
-7.7137100000021208E+000,-7.7137100000021208E+000, 1.0603256766813903E+001
-7.7127100000021205E+000,-7.7127100000021205E+000, 1.0603256653168788E+001
-7.7117100000021201E+000,-7.7117100000021201E+000, 1.0603256539504976E+001
-7.7107100000021198E+000,-7.7107100000021198E+000, 1.0603256425847205E+001
-7.7097100000021195E+000,-7.7097100000021195E+000, 1.0603256312178209E+001
-7.7087100000021191E+000,-7.7087100000021191E+000, 1.0603256198513497E+001
-7.7077100000021188E+000,-7.7077100000021188E+000, 1.0603256084857943E+001
-7.7067100000021185E+000,-7.7067100000021185E+000, 1.0603255971201040E+001
-7.7057100000021181E+000,-7.7057100000021181E+000, 1.0603255857538020E+001
-7.7047100000021178E+000,-7.7047100000021178E+000, 1.0603255743869733E+001
-7.7037100000021175E+000,-7.7037100000021175E+000, 1.0603255630201570E+001
-7.7027100000021171E+000,-7.7027100000021171E+000, 1.0603255516539106E+001
-7.7017100000021168E+000,-7.7017100000021168E+000, 1.0603255402874092E+001
-7.7007100000021165E+000,-7.7007100000021165E+000, 1.0603255289207340E+001
-7.6997100000021161E+000,-7.6997100000021161E+000, 1.0603255175551524E+001
-7.6987100000021158E+000,-7.6987100000021158E+000, 1.0603255061877322E+001
-7.6977100000021155E+000,-7.6977100000021155E+000, 1.0603254948201419E+001
-7.6967100000021151E+000,-7.6967100000021151E+000, 1.0603254834542222E+001
-7.6957100000021148E+000,-7.6957100000021148E+000, 1.0603254720882900E+001
-7.6947100000021145E+000,-7.6947100000021145E+000, 1.0603254607216513E+001
-7.6937100000021141E+000,-7.6937100000021141E+000, 1.0603254493539465E+001
-7.6927100000021138E+000,-7.6927100000021138E+000, 1.0603254379859013E+001
-7.6917100000021135E+000,-7.6917100000021135E+000, 1.0603254266191815E+001
-7.6907100000021131E+000,-7.6907100000021131E+000, 1.0603254152522380E+001
-7.6897100000021128E+000,-7.6897100000021128E+000, 1.0603254038864897E+001
-7.6887100000021125E+000,-7.6887100000021125E+000, 1.0603253925199777E+001
-7.6877100000021121E+000,-7.6877100000021121E+000, 1.0603253811514247E+001
-7.6867100000021118E+000,-7.6867100000021118E+000, 1.0603253697829324E+001
-7.6857100000021115E+000,-7.6857100000021115E+000, 1.0603253584156821E+001
-7.6847100000021111E+000,-7.6847100000021111E+000, 1.0603253470492719E+001
-7.6837100000021108E+000,-7.6837100000021108E+000, 1.0603253356819554E+001
-7.6827100000021105E+000,-7.6827100000021105E+000, 1.0603253243145357E+001
-7.6817100000021101E+000,-7.6817100000021101E+000, 1.0603253129461704E+001
-7.6807100000021098E+000,-7.6807100000021098E+000, 1.0603253015784748E+001
-7.6797100000021095E+000,-7.6797100000021095E+000, 1.0603252902119063E+001
-7.6787100000021091E+000,-7.6787100000021091E+000, 1.0603252788444696E+001
-7.6777100000021088E+000,-7.6777100000021088E+000, 1.0603252674760277E+001
-7.6767100000021085E+000,-7.6767100000021085E+000, 1.0603252561086878E+001
-7.6757100000021081E+000,-7.6757100000021081E+000, 1.0603252447401445E+001
-7.6747100000021078E+000,-7.6747100000021078E+000, 1.0603252333726642E+001
-7.6737100000021075E+000,-7.6737100000021075E+000, 1.0603252220049495E+001
-7.6727100000021071E+000,-7.6727100000021071E+000, 1.0603252106368199E+001
-7.6717100000021068E+000,-7.6717100000021068E+000, 1.0603251992696801E+001
-7.6707100000021065E+000,-7.6707100000021065E+000, 1.0603251879000272E+001
-7.6697100000021061E+000,-7.6697100000021061E+000, 1.0603251765318586E+001
-7.6687100000021058E+000,-7.6687100000021058E+000, 1.0603251651637718E+001
-7.6677100000021055E+000,-7.6677100000021055E+000, 1.0603251537960183E+001
-7.6667100000021051E+000,-7.6667100000021051E+000, 1.0603251424288821E+001
-7.6657100000021048E+000,-7.6657100000021048E+000, 1.0603251310611578E+001
-7.6647100000021045E+000,-7.6647100000021045E+000, 1.0603251196910673E+001
-7.6637100000021041E+000,-7.6637100000021041E+000, 1.0603251083226667E+001
-7.6627100000021038E+000,-7.6627100000021038E+000, 1.0603250969546909E+001
-7.6617100000021034E+000,-7.6617100000021034E+000, 1.0603250855855908E+001
-7.6607100000021031E+000,-7.6607100000021031E+000, 1.0603250742171157E+001
-7.6597100000021028E+000,-7.6597100000021028E+000, 1.0603250628504384E+001
-7.6587100000021024E+000,-7.6587100000021024E+000, 1.0603250514793292E+001
-7.6577100000021021E+000,-7.6577100000021021E+000, 1.0603250401111147E+001
-7.6567100000021018E+000,-7.6567100000021018E+000, 1.0603250287427286E+001
-7.6557100000021014E+000,-7.6557100000021014E+000, 1.0603250173747025E+001
-7.6547100000021011E+000,-7.6547100000021011E+000, 1.0603250060061864E+001
-7.6537100000021008E+000,-7.6537100000021008E+000, 1.0603249946358357E+001
-7.6527100000021004E+000,-7.6527100000021004E+000, 1.0603249832659280E+001
-7.6517100000021001E+000,-7.6517100000021001E+000, 1.0603249718974366E+001
-7.6507100000020998E+000,-7.6507100000020998E+000, 1.0603249605295986E+001
-7.6497100000020994E+000,-7.6497100000020994E+000, 1.0603249491612750E+001
-7.6487100000020991E+000,-7.6487100000020991E+000, 1.0603249377914945E+001
-7.6477100000020988E+000,-7.6477100000020988E+000, 1.0603249264212213E+001
-7.6467100000020984E+000,-7.6467100000020984E+000, 1.0603249150516332E+001
-7.6457100000020981E+000,-7.6457100000020981E+000, 1.0603249036824375E+001
-7.6447100000020978E+000,-7.6447100000020978E+000, 1.0603248923141564E+001
-7.6437100000020974E+000,-7.6437100000020974E+000, 1.0603248809459377E+001
-7.6427100000020971E+000,-7.6427100000020971E+000, 1.0603248695759440E+001
-7.6417100000020968E+000,-7.6417100000020968E+000, 1.0603248582050472E+001
-7.6407100000020964E+000,-7.6407100000020964E+000, 1.0603248468361919E+001
-7.6397100000020961E+000,-7.6397100000020961E+000, 1.0603248354658671E+001
-7.6387100000020958E+000,-7.6387100000020958E+000, 1.0603248240976647E+001
-7.6377100000020954E+000,-7.6377100000020954E+000, 1.0603248127279617E+001
-7.6367100000020951E+000,-7.6367100000020951E+000, 1.0603248013564922E+001
-7.6357100000020948E+000,-7.6357100000020948E+000, 1.0603247899867707E+001
-7.6347100000020944E+000,-7.6347100000020944E+000, 1.0603247786172417E+001
-7.6337100000020941E+000,-7.6337100000020941E+000, 1.0603247672486191E+001
-7.6327100000020938E+000,-7.6327100000020938E+000, 1.0603247558780152E+001
-7.6317100000020934E+000,-7.6317100000020934E+000, 1.0603247445080113E+001
-7.6307100000020931E+000,-7.6307100000020931E+000, 1.0603247331367832E+001
-7.6297100000020928E+000,-7.6297100000020928E+000, 1.0603247217667541E+001
-7.6287100000020924E+000,-7.6287100000020924E+000, 1.0603247103973343E+001
-7.6277100000020921E+000,-7.6277100000020921E+000, 1.0603246990277647E+001
-7.6267100000020918E+000,-7.6267100000020918E+000, 1.0603246876571458E+001
-7.6257100000020914E+000,-7.6257100000020914E+000, 1.0603246762865236E+001
-7.6247100000020911E+000,-7.6247100000020911E+000, 1.0603246649159324E+001
-7.6237100000020908E+000,-7.6237100000020908E+000, 1.0603246535461436E+001
-7.6227100000020904E+000,-7.6227100000020904E+000, 1.0603246421755763E+001
-7.6217100000020901E+000,-7.6217100000020901E+000, 1.0603246308052134E+001
-7.6207100000020898E+000,-7.6207100000020898E+000, 1.0603246194340532E+001
-7.6197100000020894E+000,-7.6197100000020894E+000, 1.0603246080622208E+001
-7.6187100000020891E+000,-7.6187100000020891E+000, 1.0603245966929128E+001
-7.6177100000020888E+000,-7.6177100000020888E+000, 1.0603245853226522E+001
-7.6167100000020884E+000,-7.6167100000020884E+000, 1.0603245739506814E+001
-7.6157100000020881E+000,-7.6157100000020881E+000, 1.0603245625813596E+001
-7.6147100000020878E+000,-7.6147100000020878E+000, 1.0603245512094832E+001
-7.6137100000020874E+000,-7.6137100000020874E+000, 1.0603245398383164E+001
-7.6127100000020871E+000,-7.6127100000020871E+000, 1.0603245284683803E+001
-7.6117100000020868E+000,-7.6117100000020868E+000, 1.0603245170970434E+001
-7.6107100000020864E+000,-7.6107100000020864E+000, 1.0603245057253558E+001
-7.6097100000020861E+000,-7.6097100000020861E+000, 1.0603244943547892E+001
-7.6087100000020857E+000,-7.6087100000020857E+000, 1.0603244829841595E+001
-7.6077100000020854E+000,-7.6077100000020854E+000, 1.0603244716116482E+001
-7.6067100000020851E+000,-7.6067100000020851E+000, 1.0603244602406139E+001
-7.6057100000020847E+000,-7.6057100000020847E+000, 1.0603244488697934E+001
-7.6047100000020844E+000,-7.6047100000020844E+000, 1.0603244374997480E+001
-7.6037100000020841E+000,-7.6037100000020841E+000, 1.0603244261273158E+001
-7.6027100000020837E+000,-7.6027100000020837E+000, 1.0603244147555682E+001
-7.6017100000020834E+000,-7.6017100000020834E+000, 1.0603244033834748E+001
-7.6007100000020831E+000,-7.6007100000020831E+000, 1.0603243920121356E+001
-7.5997100000020827E+000,-7.5997100000020827E+000, 1.0603243806404535E+001
-7.5987100000020824E+000,-7.5987100000020824E+000, 1.0603243692696607E+001
-7.5977100000020821E+000,-7.5977100000020821E+000, 1.0603243578981584E+001
-7.5967100000020817E+000,-7.5967100000020817E+000, 1.0603243465251884E+001
-7.5957100000020814E+000,-7.5957100000020814E+000, 1.0603243351541074E+001
-7.5947100000020811E+000,-7.5947100000020811E+000, 1.0603243237819868E+001
-7.5937100000020807E+000,-7.5937100000020807E+000, 1.0603243124114673E+001
-7.5927100000020804E+000,-7.5927100000020804E+000, 1.0603243010395623E+001
-7.5917100000020801E+000,-7.5917100000020801E+000, 1.0603242896671688E+001
-7.5907100000020797E+000,-7.5907100000020797E+000, 1.0603242782938491E+001
-7.5897100000020794E+000,-7.5897100000020794E+000, 1.0603242669210678E+001
-7.5887100000020791E+000,-7.5887100000020791E+000, 1.0603242555512502E+001
-7.5877100000020787E+000,-7.5877100000020787E+000, 1.0603242441780509E+001
-7.5867100000020784E+000,-7.5867100000020784E+000, 1.0603242328051639E+001
-7.5857100000020781E+000,-7.5857100000020781E+000, 1.0603242214321178E+001
-7.5847100000020777E+000,-7.5847100000020777E+000, 1.0603242100602033E+001
-7.5837100000020774E+000,-7.5837100000020774E+000, 1.0603241986886630E+001
-7.5827100000020771E+000,-7.5827100000020771E+000, 1.0603241873171989E+001
-7.5817100000020767E+000,-7.5817100000020767E+000, 1.0603241759440598E+001
-7.5807100000020764E+000,-7.5807100000020764E+000, 1.0603241645718320E+001
-7.5797100000020761E+000,-7.5797100000020761E+000, 1.0603241531981904E+001
-7.5787100000020757E+000,-7.5787100000020757E+000, 1.0603241418260396E+001
-7.5777100000020754E+000,-7.5777100000020754E+000, 1.0603241304531352E+001
-7.5767100000020751E+000,-7.5767100000020751E+000, 1.0603241190815076E+001
-7.5757100000020747E+000,-7.5757100000020747E+000, 1.0603241077077115E+001
-7.5747100000020744E+000,-7.5747100000020744E+000, 1.0603240963347421E+001
-7.5737100000020741E+000,-7.5737100000020741E+000, 1.0603240849611920E+001
-7.5727100000020737E+000,-7.5727100000020737E+000, 1.0603240735890640E+001
-7.5717100000020734E+000,-7.5717100000020734E+000, 1.0603240622158433E+001
-7.5707100000020731E+000,-7.5707100000020731E+000, 1.0603240508435890E+001
-7.5697100000020727E+000,-7.5697100000020727E+000, 1.0603240394696900E+001
-7.5687100000020724E+000,-7.5687100000020724E+000, 1.0603240280970340E+001
-7.5677100000020721E+000,-7.5677100000020721E+000, 1.0603240167239527E+001
-7.5667100000020717E+000,-7.5667100000020717E+000, 1.0603240053507880E+001
-7.5657100000020714E+000,-7.5657100000020714E+000, 1.0603239939774159E+001
-7.5647100000020711E+000,-7.5647100000020711E+000, 1.0603239826031286E+001
-7.5637100000020707E+000,-7.5637100000020707E+000, 1.0603239712300127E+001
-7.5627100000020704E+000,-7.5627100000020704E+000, 1.0603239598566688E+001
-7.5617100000020701E+000,-7.5617100000020701E+000, 1.0603239484832473E+001
-7.5607100000020697E+000,-7.5607100000020697E+000, 1.0603239371097512E+001
-7.5597100000020694E+000,-7.5597100000020694E+000, 1.0603239257370568E+001
-7.5587100000020691E+000,-7.5587100000020691E+000, 1.0603239143619405E+001
-7.5577100000020687E+000,-7.5577100000020687E+000, 1.0603239029886151E+001
-7.5567100000020684E+000,-7.5567100000020684E+000, 1.0603238916155837E+001
-7.5557100000020680E+000,-7.5557100000020680E+000, 1.0603238802417565E+001
-7.5547100000020677E+000,-7.5547100000020677E+000, 1.0603238688669919E+001
-7.5537100000020674E+000,-7.5537100000020674E+000, 1.0603238574937025E+001
-7.5527100000020670E+000,-7.5527100000020670E+000, 1.0603238461199904E+001
-7.5517100000020667E+000,-7.5517100000020667E+000, 1.0603238347461966E+001
-7.5507100000020664E+000,-7.5507100000020664E+000, 1.0603238233708872E+001
-7.5497100000020660E+000,-7.5497100000020660E+000, 1.0603238119969969E+001
-7.5487100000020657E+000,-7.5487100000020657E+000, 1.0603238006235257E+001
-7.5477100000020654E+000,-7.5477100000020654E+000, 1.0603237892495610E+001
-7.5467100000020650E+000,-7.5467100000020650E+000, 1.0603237778756109E+001
-7.5457100000020647E+000,-7.5457100000020647E+000, 1.0603237664989106E+001
-7.5447100000020644E+000,-7.5447100000020644E+000, 1.0603237551264355E+001
-7.5437100000020640E+000,-7.5437100000020640E+000, 1.0603237437513908E+001
-7.5427100000020637E+000,-7.5427100000020637E+000, 1.0603237323782984E+001
-7.5417100000020634E+000,-7.5417100000020634E+000, 1.0603237210022209E+001
-7.5407100000020630E+000,-7.5407100000020630E+000, 1.0603237096284154E+001
-7.5397100000020627E+000,-7.5397100000020627E+000, 1.0603236982536817E+001
-7.5387100000020624E+000,-7.5387100000020624E+000, 1.0603236868781785E+001
-7.5377100000020620E+000,-7.5377100000020620E+000, 1.0603236755054942E+001
-7.5367100000020617E+000,-7.5367100000020617E+000, 1.0603236641295171E+001
-7.5357100000020614E+000,-7.5357100000020614E+000, 1.0603236527535254E+001
-7.5347100000020610E+000,-7.5347100000020610E+000, 1.0603236413803160E+001
-7.5337100000020607E+000,-7.5337100000020607E+000, 1.0603236300044140E+001
-7.5327100000020604E+000,-7.5327100000020604E+000, 1.0603236186301942E+001
-7.5317100000020600E+000,-7.5317100000020600E+000, 1.0603236072557305E+001
-7.5307100000020597E+000,-7.5307100000020597E+000, 1.0603235958800111E+001
-7.5297100000020594E+000,-7.5297100000020594E+000, 1.0603235845051564E+001
-7.5287100000020590E+000,-7.5287100000020590E+000, 1.0603235731286485E+001
-7.5277100000020587E+000,-7.5277100000020587E+000, 1.0603235617547982E+001
-7.5267100000020584E+000,-7.5267100000020584E+000, 1.0603235503792586E+001
-7.5257100000020580E+000,-7.5257100000020580E+000, 1.0603235390042304E+001
-7.5247100000020577E+000,-7.5247100000020577E+000, 1.0603235276276402E+001
-7.5237100000020574E+000,-7.5237100000020574E+000, 1.0603235162534073E+001
-7.5227100000020570E+000,-7.5227100000020570E+000, 1.0603235048770419E+001
-7.5217100000020567E+000,-7.5217100000020567E+000, 1.0603234935021440E+001
-7.5207100000020564E+000,-7.5207100000020564E+000, 1.0603234821269247E+001
-7.5197100000020560E+000,-7.5197100000020560E+000, 1.0603234707501773E+001
-7.5187100000020557E+000,-7.5187100000020557E+000, 1.0603234593756934E+001
-7.5177100000020554E+000,-7.5177100000020554E+000, 1.0603234479998459E+001
-7.5167100000020550E+000,-7.5167100000020550E+000, 1.0603234366239775E+001
-7.5157100000020547E+000,-7.5157100000020547E+000, 1.0603234252487779E+001
-7.5147100000020544E+000,-7.5147100000020544E+000, 1.0603234138728951E+001
-7.5137100000020540E+000,-7.5137100000020540E+000, 1.0603234024958459E+001
-7.5127100000020537E+000,-7.5127100000020537E+000, 1.0603233911212687E+001
-7.5117100000020534E+000,-7.5117100000020534E+000, 1.0603233797442273E+001
-7.5107100000020530E+000,-7.5107100000020530E+000, 1.0603233683685373E+001
-7.5097100000020527E+000,-7.5097100000020527E+000, 1.0603233569915544E+001
-7.5087100000020524E+000,-7.5087100000020524E+000, 1.0603233456159275E+001
-7.5077100000020520E+000,-7.5077100000020520E+000, 1.0603233342398802E+001
-7.5067100000020517E+000,-7.5067100000020517E+000, 1.0603233228639489E+001
-7.5057100000020514E+000,-7.5057100000020514E+000, 1.0603233114882865E+001
-7.5047100000020510E+000,-7.5047100000020510E+000, 1.0603233001101838E+001
-7.5037100000020507E+000,-7.5037100000020507E+000, 1.0603232887348435E+001
-7.5027100000020504E+000,-7.5027100000020504E+000, 1.0603232773581201E+001
-7.5017100000020500E+000,-7.5017100000020500E+000, 1.0603232659811807E+001
-7.5007100000020497E+000,-7.5007100000020497E+000, 1.0603232546052366E+001
-7.4997100000020493E+000,-7.4997100000020493E+000, 1.0603232432282825E+001
-7.4987100000020490E+000,-7.4987100000020490E+000, 1.0603232318527340E+001
-7.4977100000020487E+000,-7.4977100000020487E+000, 1.0603232204744854E+001
-7.4967100000020483E+000,-7.4967100000020483E+000, 1.0603232090981173E+001
-7.4957100000020480E+000,-7.4957100000020480E+000, 1.0603231977222800E+001
-7.4947100000020477E+000,-7.4947100000020477E+000, 1.0603231863442115E+001
-7.4937100000020473E+000,-7.4937100000020473E+000, 1.0603231749686124E+001
-7.4927100000020470E+000,-7.4927100000020470E+000, 1.0603231635909875E+001
-7.4917100000020467E+000,-7.4917100000020467E+000, 1.0603231522139557E+001
-7.4907100000020463E+000,-7.4907100000020463E+000, 1.0603231408371119E+001
-7.4897100000020460E+000,-7.4897100000020460E+000, 1.0603231294599686E+001
-7.4887100000020457E+000,-7.4887100000020457E+000, 1.0603231180820094E+001
-7.4877100000020453E+000,-7.4877100000020453E+000, 1.0603231067051247E+001
-7.4867100000020450E+000,-7.4867100000020450E+000, 1.0603230953286447E+001
-7.4857100000020447E+000,-7.4857100000020447E+000, 1.0603230839514715E+001
-7.4847100000020443E+000,-7.4847100000020443E+000, 1.0603230725735344E+001
-7.4837100000020440E+000,-7.4837100000020440E+000, 1.0603230611967090E+001
-7.4827100000020437E+000,-7.4827100000020437E+000, 1.0603230498189799E+001
-7.4817100000020433E+000,-7.4817100000020433E+000, 1.0603230384414847E+001
-7.4807100000020430E+000,-7.4807100000020430E+000, 1.0603230270635921E+001
-7.4797100000020427E+000,-7.4797100000020427E+000, 1.0603230156851833E+001
-7.4787100000020423E+000,-7.4787100000020423E+000, 1.0603230043079922E+001
-7.4777100000020420E+000,-7.4777100000020420E+000, 1.0603229929308732E+001
-7.4767100000020417E+000,-7.4767100000020417E+000, 1.0603229815520832E+001
-7.4757100000020413E+000,-7.4757100000020413E+000, 1.0603229701762785E+001
-7.4747100000020410E+000,-7.4747100000020410E+000, 1.0603229587971558E+001
-7.4737100000020407E+000,-7.4737100000020407E+000, 1.0603229474189567E+001
-7.4727100000020403E+000,-7.4727100000020403E+000, 1.0603229360419936E+001
-7.4717100000020400E+000,-7.4717100000020400E+000, 1.0603229246640318E+001
-7.4707100000020397E+000,-7.4707100000020397E+000, 1.0603229132856622E+001
-7.4697100000020393E+000,-7.4697100000020393E+000, 1.0603229019064393E+001
-7.4687100000020390E+000,-7.4687100000020390E+000, 1.0603228905291601E+001
-7.4677100000020387E+000,-7.4677100000020387E+000, 1.0603228791505078E+001
-7.4667100000020383E+000,-7.4667100000020383E+000, 1.0603228677736480E+001
-7.4657100000020380E+000,-7.4657100000020380E+000, 1.0603228563935613E+001
-7.4647100000020377E+000,-7.4647100000020377E+000, 1.0603228450160756E+001
-7.4637100000020373E+000,-7.4637100000020373E+000, 1.0603228336372389E+001
-7.4627100000020370E+000,-7.4627100000020370E+000, 1.0603228222589202E+001
-7.4617100000020367E+000,-7.4617100000020367E+000, 1.0603228108809862E+001
-7.4607100000020363E+000,-7.4607100000020363E+000, 1.0603227995021207E+001
-7.4597100000020360E+000,-7.4597100000020360E+000, 1.0603227881233600E+001
-7.4587100000020357E+000,-7.4587100000020357E+000, 1.0603227767461727E+001
-7.4577100000020353E+000,-7.4577100000020353E+000, 1.0603227653659541E+001
-7.4567100000020350E+000,-7.4567100000020350E+000, 1.0603227539877079E+001
-7.4557100000020347E+000,-7.4557100000020347E+000, 1.0603227426089227E+001
-7.4547100000020343E+000,-7.4547100000020343E+000, 1.0603227312285419E+001
-7.4537100000020340E+000,-7.4537100000020340E+000, 1.0603227198510497E+001
-7.4527100000020337E+000,-7.4527100000020337E+000, 1.0603227084712124E+001
-7.4517100000020333E+000,-7.4517100000020333E+000, 1.0603226970930653E+001
-7.4507100000020330E+000,-7.4507100000020330E+000, 1.0603226857142722E+001
-7.4497100000020327E+000,-7.4497100000020327E+000, 1.0603226743347161E+001
-7.4487100000020323E+000,-7.4487100000020323E+000, 1.0603226629560357E+001
-7.4477100000020320E+000,-7.4477100000020320E+000, 1.0603226515764776E+001
-7.4467100000020316E+000,-7.4467100000020316E+000, 1.0603226401975562E+001
-7.4457100000020313E+000,-7.4457100000020313E+000, 1.0603226288183896E+001
-7.4447100000020310E+000,-7.4447100000020310E+000, 1.0603226174382693E+001
-7.4437100000020306E+000,-7.4437100000020306E+000, 1.0603226060585843E+001
-7.4427100000020303E+000,-7.4427100000020303E+000, 1.0603225946792818E+001
-7.4417100000020300E+000,-7.4417100000020300E+000, 1.0603225832999208E+001
-7.4407100000020296E+000,-7.4407100000020296E+000, 1.0603225719210265E+001
-7.4397100000020293E+000,-7.4397100000020293E+000, 1.0603225605405713E+001
-7.4387100000020290E+000,-7.4387100000020290E+000, 1.0603225491609614E+001
-7.4377100000020286E+000,-7.4377100000020286E+000, 1.0603225377814120E+001
-7.4367100000020283E+000,-7.4367100000020283E+000, 1.0603225264022340E+001
-7.4357100000020280E+000,-7.4357100000020280E+000, 1.0603225150218256E+001
-7.4347100000020276E+000,-7.4347100000020276E+000, 1.0603225036419367E+001
-7.4337100000020273E+000,-7.4337100000020273E+000, 1.0603224922614640E+001
-7.4327100000020270E+000,-7.4327100000020270E+000, 1.0603224808829466E+001
-7.4317100000020266E+000,-7.4317100000020266E+000, 1.0603224695023821E+001
-7.4307100000020263E+000,-7.4307100000020263E+000, 1.0603224581223145E+001
-7.4297100000020260E+000,-7.4297100000020260E+000, 1.0603224467414559E+001
-7.4287100000020256E+000,-7.4287100000020256E+000, 1.0603224353617730E+001
-7.4277100000020253E+000,-7.4277100000020253E+000, 1.0603224239828346E+001
-7.4267100000020250E+000,-7.4267100000020250E+000, 1.0603224126020102E+001
-7.4257100000020246E+000,-7.4257100000020246E+000, 1.0603224012212818E+001
-7.4247100000020243E+000,-7.4247100000020243E+000, 1.0603223898402531E+001
-7.4237100000020240E+000,-7.4237100000020240E+000, 1.0603223784594803E+001
-7.4227100000020236E+000,-7.4227100000020236E+000, 1.0603223670803555E+001
-7.4217100000020233E+000,-7.4217100000020233E+000, 1.0603223556998467E+001
-7.4207100000020230E+000,-7.4207100000020230E+000, 1.0603223443185467E+001
-7.4197100000020226E+000,-7.4197100000020226E+000, 1.0603223329375867E+001
-7.4187100000020223E+000,-7.4187100000020223E+000, 1.0603223215576424E+001
-7.4177100000020220E+000,-7.4177100000020220E+000, 1.0603223101774613E+001
-7.4167100000020216E+000,-7.4167100000020216E+000, 1.0603222987960304E+001
-7.4157100000020213E+000,-7.4157100000020213E+000, 1.0603222874163968E+001
-7.4147100000020210E+000,-7.4147100000020210E+000, 1.0603222760341744E+001
-7.4137100000020206E+000,-7.4137100000020206E+000, 1.0603222646530995E+001
-7.4127100000020203E+000,-7.4127100000020203E+000, 1.0603222532726331E+001
-7.4117100000020200E+000,-7.4117100000020200E+000, 1.0603222418925538E+001
-7.4107100000020196E+000,-7.4107100000020196E+000, 1.0603222305112444E+001
-7.4097100000020193E+000,-7.4097100000020193E+000, 1.0603222191302248E+001
-7.4087100000020190E+000,-7.4087100000020190E+000, 1.0603222077490463E+001
-7.4077100000020186E+000,-7.4077100000020186E+000, 1.0603221963659808E+001
-7.4067100000020183E+000,-7.4067100000020183E+000, 1.0603221849860972E+001
-7.4057100000020180E+000,-7.4057100000020180E+000, 1.0603221736050861E+001
-7.4047100000020176E+000,-7.4047100000020176E+000, 1.0603221622228920E+001
-7.4037100000020173E+000,-7.4037100000020173E+000, 1.0603221508406847E+001
-7.4027100000020170E+000,-7.4027100000020170E+000, 1.0603221394602219E+001
-7.4017100000020166E+000,-7.4017100000020166E+000, 1.0603221280788087E+001
-7.4007100000020163E+000,-7.4007100000020163E+000, 1.0603221166980656E+001
-7.3997100000020160E+000,-7.3997100000020160E+000, 1.0603221053163708E+001
-7.3987100000020156E+000,-7.3987100000020156E+000, 1.0603220939347063E+001
-7.3977100000020153E+000,-7.3977100000020153E+000, 1.0603220825525364E+001
-7.3967100000020150E+000,-7.3967100000020150E+000, 1.0603220711700462E+001
-7.3957100000020146E+000,-7.3957100000020146E+000, 1.0603220597891179E+001
-7.3947100000020143E+000,-7.3947100000020143E+000, 1.0603220484057932E+001
-7.3937100000020139E+000,-7.3937100000020139E+000, 1.0603220370255357E+001
-7.3927100000020136E+000,-7.3927100000020136E+000, 1.0603220256435046E+001
-7.3917100000020133E+000,-7.3917100000020133E+000, 1.0603220142603675E+001
-7.3907100000020129E+000,-7.3907100000020129E+000, 1.0603220028802454E+001
-7.3897100000020126E+000,-7.3897100000020126E+000, 1.0603219914966994E+001
-7.3887100000020123E+000,-7.3887100000020123E+000, 1.0603219801152498E+001
-7.3877100000020119E+000,-7.3877100000020119E+000, 1.0603219687333633E+001
-7.3867100000020116E+000,-7.3867100000020116E+000, 1.0603219573508587E+001
-7.3857100000020113E+000,-7.3857100000020113E+000, 1.0603219459679257E+001
-7.3847100000020109E+000,-7.3847100000020109E+000, 1.0603219345854438E+001
-7.3837100000020106E+000,-7.3837100000020106E+000, 1.0603219232033455E+001
-7.3827100000020103E+000,-7.3827100000020103E+000, 1.0603219118214280E+001
-7.3817100000020099E+000,-7.3817100000020099E+000, 1.0603219004395452E+001
-7.3807100000020096E+000,-7.3807100000020096E+000, 1.0603218890561841E+001
-7.3797100000020093E+000,-7.3797100000020093E+000, 1.0603218776723667E+001
-7.3787100000020089E+000,-7.3787100000020089E+000, 1.0603218662896726E+001
-7.3777100000020086E+000,-7.3777100000020086E+000, 1.0603218549075853E+001
-7.3767100000020083E+000,-7.3767100000020083E+000, 1.0603218435252511E+001
-7.3757100000020079E+000,-7.3757100000020079E+000, 1.0603218321418268E+001
-7.3747100000020076E+000,-7.3747100000020076E+000, 1.0603218207600401E+001
-7.3737100000020073E+000,-7.3737100000020073E+000, 1.0603218093759983E+001
-7.3727100000020069E+000,-7.3727100000020069E+000, 1.0603217979927768E+001
-7.3717100000020066E+000,-7.3717100000020066E+000, 1.0603217866108928E+001
-7.3707100000020063E+000,-7.3707100000020063E+000, 1.0603217752286817E+001
-7.3697100000020059E+000,-7.3697100000020059E+000, 1.0603217638441082E+001
-7.3687100000020056E+000,-7.3687100000020056E+000, 1.0603217524606910E+001
-7.3677100000020053E+000,-7.3677100000020053E+000, 1.0603217410780809E+001
-7.3667100000020049E+000,-7.3667100000020049E+000, 1.0603217296954679E+001
-7.3657100000020046E+000,-7.3657100000020046E+000, 1.0603217183125475E+001
-7.3647100000020043E+000,-7.3647100000020043E+000, 1.0603217069285764E+001
-7.3637100000020039E+000,-7.3637100000020039E+000, 1.0603216955433197E+001
-7.3627100000020036E+000,-7.3627100000020036E+000, 1.0603216841617092E+001
-7.3617100000020033E+000,-7.3617100000020033E+000, 1.0603216727782456E+001
-7.3607100000020029E+000,-7.3607100000020029E+000, 1.0603216613948465E+001
-7.3597100000020026E+000,-7.3597100000020026E+000, 1.0603216500114804E+001
-7.3587100000020023E+000,-7.3587100000020023E+000, 1.0603216386275113E+001
-7.3577100000020019E+000,-7.3577100000020019E+000, 1.0603216272429131E+001
-7.3567100000020016E+000,-7.3567100000020016E+000, 1.0603216158597347E+001
-7.3557100000020013E+000,-7.3557100000020013E+000, 1.0603216044752601E+001
-7.3547100000020009E+000,-7.3547100000020009E+000, 1.0603215930916104E+001
-7.3537100000020006E+000,-7.3537100000020006E+000, 1.0603215817081528E+001
-7.3527100000020003E+000,-7.3527100000020003E+000, 1.0603215703226880E+001
-7.3517100000019999E+000,-7.3517100000019999E+000, 1.0603215589397681E+001
-7.3507100000019996E+000,-7.3507100000019996E+000, 1.0603215475562294E+001
-7.3497100000019993E+000,-7.3497100000019993E+000, 1.0603215361722977E+001
-7.3487100000019989E+000,-7.3487100000019989E+000, 1.0603215247886858E+001
-7.3477100000019986E+000,-7.3477100000019986E+000, 1.0603215134041754E+001
-7.3467100000019983E+000,-7.3467100000019983E+000, 1.0603215020194314E+001
-7.3457100000019979E+000,-7.3457100000019979E+000, 1.0603214906338687E+001
-7.3447100000019976E+000,-7.3447100000019976E+000, 1.0603214792503563E+001
-7.3437100000019973E+000,-7.3437100000019973E+000, 1.0603214678667456E+001
-7.3427100000019969E+000,-7.3427100000019969E+000, 1.0603214564819904E+001
-7.3417100000019966E+000,-7.3417100000019966E+000, 1.0603214450986318E+001
-7.3407100000019962E+000,-7.3407100000019962E+000, 1.0603214337118978E+001
-7.3397100000019959E+000,-7.3397100000019959E+000, 1.0603214223273584E+001
-7.3387100000019956E+000,-7.3387100000019956E+000, 1.0603214109422893E+001
-7.3377100000019952E+000,-7.3377100000019952E+000, 1.0603213995586461E+001
-7.3367100000019949E+000,-7.3367100000019949E+000, 1.0603213881744420E+001
-7.3357100000019946E+000,-7.3357100000019946E+000, 1.0603213767884021E+001
-7.3347100000019942E+000,-7.3347100000019942E+000, 1.0603213654034391E+001
-7.3337100000019939E+000,-7.3337100000019939E+000, 1.0603213540196197E+001
-7.3327100000019936E+000,-7.3327100000019936E+000, 1.0603213426339574E+001
-7.3317100000019932E+000,-7.3317100000019932E+000, 1.0603213312500737E+001
-7.3307100000019929E+000,-7.3307100000019929E+000, 1.0603213198644722E+001
-7.3297100000019926E+000,-7.3297100000019926E+000, 1.0603213084791395E+001
-7.3287100000019922E+000,-7.3287100000019922E+000, 1.0603212970934823E+001
-7.3277100000019919E+000,-7.3277100000019919E+000, 1.0603212857094201E+001
-7.3267100000019916E+000,-7.3267100000019916E+000, 1.0603212743238686E+001
-7.3257100000019912E+000,-7.3257100000019912E+000, 1.0603212629387313E+001
-7.3247100000019909E+000,-7.3247100000019909E+000, 1.0603212515533057E+001
-7.3237100000019906E+000,-7.3237100000019906E+000, 1.0603212401667243E+001
-7.3227100000019902E+000,-7.3227100000019902E+000, 1.0603212287813445E+001
-7.3217100000019899E+000,-7.3217100000019899E+000, 1.0603212173967734E+001
-7.3207100000019896E+000,-7.3207100000019896E+000, 1.0603212060112220E+001
-7.3197100000019892E+000,-7.3197100000019892E+000, 1.0603211946259687E+001
-7.3187100000019889E+000,-7.3187100000019889E+000, 1.0603211832389468E+001
-7.3177100000019886E+000,-7.3177100000019886E+000, 1.0603211718542751E+001
-7.3167100000019882E+000,-7.3167100000019882E+000, 1.0603211604685429E+001
-7.3157100000019879E+000,-7.3157100000019879E+000, 1.0603211490825679E+001
-7.3147100000019876E+000,-7.3147100000019876E+000, 1.0603211376967527E+001
-7.3137100000019872E+000,-7.3137100000019872E+000, 1.0603211263107692E+001
-7.3127100000019869E+000,-7.3127100000019869E+000, 1.0603211149238403E+001
-7.3117100000019866E+000,-7.3117100000019866E+000, 1.0603211035388538E+001
-7.3107100000019862E+000,-7.3107100000019862E+000, 1.0603210921520574E+001
-7.3097100000019859E+000,-7.3097100000019859E+000, 1.0603210807666001E+001
-7.3087100000019856E+000,-7.3087100000019856E+000, 1.0603210693807188E+001
-7.3077100000019852E+000,-7.3077100000019852E+000, 1.0603210579933450E+001
-7.3067100000019849E+000,-7.3067100000019849E+000, 1.0603210466080958E+001
-7.3057100000019846E+000,-7.3057100000019846E+000, 1.0603210352215772E+001
-7.3047100000019842E+000,-7.3047100000019842E+000, 1.0603210238345074E+001
-7.3037100000019839E+000,-7.3037100000019839E+000, 1.0603210124491941E+001
-7.3027100000019836E+000,-7.3027100000019836E+000, 1.0603210010632033E+001
-7.3017100000019832E+000,-7.3017100000019832E+000, 1.0603209896748684E+001
-7.3007100000019829E+000,-7.3007100000019829E+000, 1.0603209782896025E+001
-7.2997100000019826E+000,-7.2997100000019826E+000, 1.0603209669027672E+001
-7.2987100000019822E+000,-7.2987100000019822E+000, 1.0603209555166789E+001
-7.2977100000019819E+000,-7.2977100000019819E+000, 1.0603209441301079E+001
-7.2967100000019816E+000,-7.2967100000019816E+000, 1.0603209327428180E+001
-7.2957100000019812E+000,-7.2957100000019812E+000, 1.0603209213553953E+001
-7.2947100000019809E+000,-7.2947100000019809E+000, 1.0603209099685721E+001
-7.2937100000019806E+000,-7.2937100000019806E+000, 1.0603208985820322E+001
-7.2927100000019802E+000,-7.2927100000019802E+000, 1.0603208871960764E+001
-7.2917100000019799E+000,-7.2917100000019799E+000, 1.0603208758091920E+001
-7.2907100000019796E+000,-7.2907100000019796E+000, 1.0603208644205983E+001
-7.2897100000019792E+000,-7.2897100000019792E+000, 1.0603208530338193E+001
-7.2887100000019789E+000,-7.2887100000019789E+000, 1.0603208416472382E+001
-7.2877100000019785E+000,-7.2877100000019785E+000, 1.0603208302598564E+001
-7.2867100000019782E+000,-7.2867100000019782E+000, 1.0603208188729134E+001
-7.2857100000019779E+000,-7.2857100000019779E+000, 1.0603208074851395E+001
-7.2847100000019775E+000,-7.2847100000019775E+000, 1.0603207960970691E+001
-7.2837100000019772E+000,-7.2837100000019772E+000, 1.0603207847092550E+001
-7.2827100000019769E+000,-7.2827100000019769E+000, 1.0603207733227546E+001
-7.2817100000019765E+000,-7.2817100000019765E+000, 1.0603207619353947E+001
-7.2807100000019762E+000,-7.2807100000019762E+000, 1.0603207505479318E+001
-7.2797100000019759E+000,-7.2797100000019759E+000, 1.0603207391597262E+001
-7.2787100000019755E+000,-7.2787100000019755E+000, 1.0603207277721946E+001
-7.2777100000019752E+000,-7.2777100000019752E+000, 1.0603207163850556E+001
-7.2767100000019749E+000,-7.2767100000019749E+000, 1.0603207049973246E+001
-7.2757100000019745E+000,-7.2757100000019745E+000, 1.0603206936092645E+001
-7.2747100000019742E+000,-7.2747100000019742E+000, 1.0603206822210236E+001
-7.2737100000019739E+000,-7.2737100000019739E+000, 1.0603206708337803E+001
-7.2727100000019735E+000,-7.2727100000019735E+000, 1.0603206594456678E+001
-7.2717100000019732E+000,-7.2717100000019732E+000, 1.0603206480576519E+001
-7.2707100000019729E+000,-7.2707100000019729E+000, 1.0603206366691335E+001
-7.2697100000019725E+000,-7.2697100000019725E+000, 1.0603206252813040E+001
-7.2687100000019722E+000,-7.2687100000019722E+000, 1.0603206138927519E+001
-7.2677100000019719E+000,-7.2677100000019719E+000, 1.0603206025048802E+001
-7.2667100000019715E+000,-7.2667100000019715E+000, 1.0603205911161909E+001
-7.2657100000019712E+000,-7.2657100000019712E+000, 1.0603205797280728E+001
-7.2647100000019709E+000,-7.2647100000019709E+000, 1.0603205683404429E+001
-7.2637100000019705E+000,-7.2637100000019705E+000, 1.0603205569509143E+001
-7.2627100000019702E+000,-7.2627100000019702E+000, 1.0603205455628624E+001
-7.2617100000019699E+000,-7.2617100000019699E+000, 1.0603205341740503E+001
-7.2607100000019695E+000,-7.2607100000019695E+000, 1.0603205227855813E+001
-7.2597100000019692E+000,-7.2597100000019692E+000, 1.0603205113978927E+001
-7.2587100000019689E+000,-7.2587100000019689E+000, 1.0603205000097599E+001
-7.2577100000019685E+000,-7.2577100000019685E+000, 1.0603204886191577E+001
-7.2567100000019682E+000,-7.2567100000019682E+000, 1.0603204772304471E+001
-7.2557100000019679E+000,-7.2557100000019679E+000, 1.0603204658425700E+001
-7.2547100000019675E+000,-7.2547100000019675E+000, 1.0603204544537173E+001
-7.2537100000019672E+000,-7.2537100000019672E+000, 1.0603204430657323E+001
-7.2527100000019669E+000,-7.2527100000019669E+000, 1.0603204316768331E+001
-7.2517100000019665E+000,-7.2517100000019665E+000, 1.0603204202865243E+001
-7.2507100000019662E+000,-7.2507100000019662E+000, 1.0603204088968676E+001
-7.2497100000019659E+000,-7.2497100000019659E+000, 1.0603203975080410E+001
-7.2487100000019655E+000,-7.2487100000019655E+000, 1.0603203861199086E+001
-7.2477100000019652E+000,-7.2477100000019652E+000, 1.0603203747300199E+001
-7.2467100000019649E+000,-7.2467100000019649E+000, 1.0603203633397634E+001
-7.2457100000019645E+000,-7.2457100000019645E+000, 1.0603203519508357E+001
-7.2447100000019642E+000,-7.2447100000019642E+000, 1.0603203405615487E+001
-7.2437100000019639E+000,-7.2437100000019639E+000, 1.0603203291737234E+001
-7.2427100000019635E+000,-7.2427100000019635E+000, 1.0603203177844712E+001
-7.2417100000019632E+000,-7.2417100000019632E+000, 1.0603203063938889E+001
-7.2407100000019629E+000,-7.2407100000019629E+000, 1.0603202950039631E+001
-7.2397100000019625E+000,-7.2397100000019625E+000, 1.0603202836144282E+001
-7.2387100000019622E+000,-7.2387100000019622E+000, 1.0603202722246014E+001
-7.2377100000019619E+000,-7.2377100000019619E+000, 1.0603202608360041E+001
-7.2367100000019615E+000,-7.2367100000019615E+000, 1.0603202494455315E+001
-7.2357100000019612E+000,-7.2357100000019612E+000, 1.0603202380552638E+001
-7.2347100000019609E+000,-7.2347100000019609E+000, 1.0603202266650312E+001
-7.2337100000019605E+000,-7.2337100000019605E+000, 1.0603202152752658E+001
-7.2327100000019602E+000,-7.2327100000019602E+000, 1.0603202038856871E+001
-7.2317100000019598E+000,-7.2317100000019598E+000, 1.0603201924958048E+001
-7.2307100000019595E+000,-7.2307100000019595E+000, 1.0603201811061810E+001
-7.2297100000019592E+000,-7.2297100000019592E+000, 1.0603201697160578E+001
-7.2287100000019588E+000,-7.2287100000019588E+000, 1.0603201583262884E+001
-7.2277100000019585E+000,-7.2277100000019585E+000, 1.0603201469351479E+001
-7.2267100000019582E+000,-7.2267100000019582E+000, 1.0603201355448640E+001
-7.2257100000019578E+000,-7.2257100000019578E+000, 1.0603201241557500E+001
-7.2247100000019575E+000,-7.2247100000019575E+000, 1.0603201127633493E+001
-7.2237100000019572E+000,-7.2237100000019572E+000, 1.0603201013742234E+001
-7.2227100000019568E+000,-7.2227100000019568E+000, 1.0603200899838694E+001
-7.2217100000019565E+000,-7.2217100000019565E+000, 1.0603200785927253E+001
-7.2207100000019562E+000,-7.2207100000019562E+000, 1.0603200672018238E+001
-7.2197100000019558E+000,-7.2197100000019558E+000, 1.0603200558113976E+001
-7.2187100000019555E+000,-7.2187100000019555E+000, 1.0603200444211188E+001
-7.2177100000019552E+000,-7.2177100000019552E+000, 1.0603200330304748E+001
-7.2167100000019548E+000,-7.2167100000019548E+000, 1.0603200216392750E+001
-7.2157100000019545E+000,-7.2157100000019545E+000, 1.0603200102481535E+001
-7.2147100000019542E+000,-7.2147100000019542E+000, 1.0603199988575744E+001
-7.2137100000019538E+000,-7.2137100000019538E+000, 1.0603199874675145E+001
-7.2127100000019535E+000,-7.2127100000019535E+000, 1.0603199760755196E+001
-7.2117100000019532E+000,-7.2117100000019532E+000, 1.0603199646852692E+001
-7.2107100000019528E+000,-7.2107100000019528E+000, 1.0603199532932631E+001
-7.2097100000019525E+000,-7.2097100000019525E+000, 1.0603199419026389E+001
-7.2087100000019522E+000,-7.2087100000019522E+000, 1.0603199305135014E+001
-7.2077100000019518E+000,-7.2077100000019518E+000, 1.0603199191202517E+001
-7.2067100000019515E+000,-7.2067100000019515E+000, 1.0603199077294748E+001
-7.2057100000019512E+000,-7.2057100000019512E+000, 1.0603198963389502E+001
-7.2047100000019508E+000,-7.2047100000019508E+000, 1.0603198849462167E+001
-7.2037100000019505E+000,-7.2037100000019505E+000, 1.0603198735548101E+001
-7.2027100000019502E+000,-7.2027100000019502E+000, 1.0603198621636178E+001
-7.2017100000019498E+000,-7.2017100000019498E+000, 1.0603198507714874E+001
-7.2007100000019495E+000,-7.2007100000019495E+000, 1.0603198393806677E+001
-7.1997100000019492E+000,-7.1997100000019492E+000, 1.0603198279877747E+001
-7.1987100000019488E+000,-7.1987100000019488E+000, 1.0603198165972263E+001
-7.1977100000019485E+000,-7.1977100000019485E+000, 1.0603198052052759E+001
-7.1967100000019482E+000,-7.1967100000019482E+000, 1.0603197938132094E+001
-7.1957100000019478E+000,-7.1957100000019478E+000, 1.0603197824218405E+001
-7.1947100000019475E+000,-7.1947100000019475E+000, 1.0603197710311662E+001
-7.1937100000019472E+000,-7.1937100000019472E+000, 1.0603197596374244E+001
-7.1927100000019468E+000,-7.1927100000019468E+000, 1.0603197482454522E+001
-7.1917100000019465E+000,-7.1917100000019465E+000, 1.0603197368545450E+001
-7.1907100000019462E+000,-7.1907100000019462E+000, 1.0603197254614608E+001
-7.1897100000019458E+000,-7.1897100000019458E+000, 1.0603197140698382E+001
-7.1887100000019455E+000,-7.1887100000019455E+000, 1.0603197026766884E+001
-7.1877100000019452E+000,-7.1877100000019452E+000, 1.0603196912850235E+001
-7.1867100000019448E+000,-7.1867100000019448E+000, 1.0603196798931442E+001
-7.1857100000019445E+000,-7.1857100000019445E+000, 1.0603196685011838E+001
-7.1847100000019442E+000,-7.1847100000019442E+000, 1.0603196571088173E+001
-7.1837100000019438E+000,-7.1837100000019438E+000, 1.0603196457170403E+001
-7.1827100000019435E+000,-7.1827100000019435E+000, 1.0603196343229282E+001
-7.1817100000019432E+000,-7.1817100000019432E+000, 1.0603196229302776E+001
-7.1807100000019428E+000,-7.1807100000019428E+000, 1.0603196115383785E+001
-7.1797100000019425E+000,-7.1797100000019425E+000, 1.0603196001461027E+001
-7.1787100000019421E+000,-7.1787100000019421E+000, 1.0603195887535431E+001
-7.1777100000019418E+000,-7.1777100000019418E+000, 1.0603195773606664E+001
-7.1767100000019415E+000,-7.1767100000019415E+000, 1.0603195659676079E+001
-7.1757100000019411E+000,-7.1757100000019411E+000, 1.0603195545753490E+001
-7.1747100000019408E+000,-7.1747100000019408E+000, 1.0603195431825096E+001
-7.1737100000019405E+000,-7.1737100000019405E+000, 1.0603195317891428E+001
-7.1727100000019401E+000,-7.1727100000019401E+000, 1.0603195203953522E+001
-7.1717100000019398E+000,-7.1717100000019398E+000, 1.0603195090035257E+001
-7.1707100000019395E+000,-7.1707100000019395E+000, 1.0603194976105229E+001
-7.1697100000019391E+000,-7.1697100000019391E+000, 1.0603194862176450E+001
-7.1687100000019388E+000,-7.1687100000019388E+000, 1.0603194748232585E+001
-7.1677100000019385E+000,-7.1677100000019385E+000, 1.0603194634309306E+001
-7.1667100000019381E+000,-7.1667100000019381E+000, 1.0603194520374283E+001
-7.1657100000019378E+000,-7.1657100000019378E+000, 1.0603194406441212E+001
-7.1647100000019375E+000,-7.1647100000019375E+000, 1.0603194292517225E+001
-7.1637100000019371E+000,-7.1637100000019371E+000, 1.0603194178571350E+001
-7.1627100000019368E+000,-7.1627100000019368E+000, 1.0603194064634790E+001
-7.1617100000019365E+000,-7.1617100000019365E+000, 1.0603193950696872E+001
-7.1607100000019361E+000,-7.1607100000019361E+000, 1.0603193836763539E+001
-7.1597100000019358E+000,-7.1597100000019358E+000, 1.0603193722826330E+001
-7.1587100000019355E+000,-7.1587100000019355E+000, 1.0603193608887247E+001
-7.1577100000019351E+000,-7.1577100000019351E+000, 1.0603193494951805E+001
-7.1567100000019348E+000,-7.1567100000019348E+000, 1.0603193381016794E+001
-7.1557100000019345E+000,-7.1557100000019345E+000, 1.0603193267078069E+001
-7.1547100000019341E+000,-7.1547100000019341E+000, 1.0603193153142527E+001
-7.1537100000019338E+000,-7.1537100000019338E+000, 1.0603193039193687E+001
-7.1527100000019335E+000,-7.1527100000019335E+000, 1.0603192925255401E+001
-7.1517100000019331E+000,-7.1517100000019331E+000, 1.0603192811321156E+001
-7.1507100000019328E+000,-7.1507100000019328E+000, 1.0603192697386348E+001
-7.1497100000019325E+000,-7.1497100000019325E+000, 1.0603192583444493E+001
-7.1487100000019321E+000,-7.1487100000019321E+000, 1.0603192469488544E+001
-7.1477100000019318E+000,-7.1477100000019318E+000, 1.0603192355554267E+001
-7.1467100000019315E+000,-7.1467100000019315E+000, 1.0603192241616675E+001
-7.1457100000019311E+000,-7.1457100000019311E+000, 1.0603192127672898E+001
-7.1447100000019308E+000,-7.1447100000019308E+000, 1.0603192013727224E+001
-7.1437100000019305E+000,-7.1437100000019305E+000, 1.0603191899781763E+001
-7.1427100000019301E+000,-7.1427100000019301E+000, 1.0603191785835605E+001
-7.1417100000019298E+000,-7.1417100000019298E+000, 1.0603191671894130E+001
-7.1407100000019295E+000,-7.1407100000019295E+000, 1.0603191557940361E+001
-7.1397100000019291E+000,-7.1397100000019291E+000, 1.0603191444006942E+001
-7.1387100000019288E+000,-7.1387100000019288E+000, 1.0603191330047697E+001
-7.1377100000019285E+000,-7.1377100000019285E+000, 1.0603191216097585E+001
-7.1367100000019281E+000,-7.1367100000019281E+000, 1.0603191102156845E+001
-7.1357100000019278E+000,-7.1357100000019278E+000, 1.0603190988206997E+001
-7.1347100000019275E+000,-7.1347100000019275E+000, 1.0603190874259463E+001
-7.1337100000019271E+000,-7.1337100000019271E+000, 1.0603190760316730E+001
-7.1327100000019268E+000,-7.1327100000019268E+000, 1.0603190646356328E+001
-7.1317100000019265E+000,-7.1317100000019265E+000, 1.0603190532406359E+001
-7.1307100000019261E+000,-7.1307100000019261E+000, 1.0603190418466788E+001
-7.1297100000019258E+000,-7.1297100000019258E+000, 1.0603190304497661E+001
-7.1287100000019255E+000,-7.1287100000019255E+000, 1.0603190190549682E+001
-7.1277100000019251E+000,-7.1277100000019251E+000, 1.0603190076601718E+001
-7.1267100000019248E+000,-7.1267100000019248E+000, 1.0603189962658439E+001
-7.1257100000019244E+000,-7.1257100000019244E+000, 1.0603189848700522E+001
-7.1247100000019241E+000,-7.1247100000019241E+000, 1.0603189734739361E+001
-7.1237100000019238E+000,-7.1237100000019238E+000, 1.0603189620790163E+001
-7.1227100000019234E+000,-7.1227100000019234E+000, 1.0603189506834308E+001
-7.1217100000019231E+000,-7.1217100000019231E+000, 1.0603189392881898E+001
-7.1207100000019228E+000,-7.1207100000019228E+000, 1.0603189278923525E+001
-7.1197100000019224E+000,-7.1197100000019224E+000, 1.0603189164965263E+001
-7.1187100000019221E+000,-7.1187100000019221E+000, 1.0603189051013663E+001
-7.1177100000019218E+000,-7.1177100000019218E+000, 1.0603188937050234E+001
-7.1167100000019214E+000,-7.1167100000019214E+000, 1.0603188823106807E+001
-7.1157100000019211E+000,-7.1157100000019211E+000, 1.0603188709147636E+001
-7.1147100000019208E+000,-7.1147100000019208E+000, 1.0603188595178102E+001
-7.1137100000019204E+000,-7.1137100000019204E+000, 1.0603188481225011E+001
-7.1127100000019201E+000,-7.1127100000019201E+000, 1.0603188367262018E+001
-7.1117100000019198E+000,-7.1117100000019198E+000, 1.0603188253301361E+001
-7.1107100000019194E+000,-7.1107100000019194E+000, 1.0603188139344473E+001
-7.1097100000019191E+000,-7.1097100000019191E+000, 1.0603188025387681E+001
-7.1087100000019188E+000,-7.1087100000019188E+000, 1.0603187911408018E+001
-7.1077100000019184E+000,-7.1077100000019184E+000, 1.0603187797442637E+001
-7.1067100000019181E+000,-7.1067100000019181E+000, 1.0603187683489153E+001
-7.1057100000019178E+000,-7.1057100000019178E+000, 1.0603187569534407E+001
-7.1047100000019174E+000,-7.1047100000019174E+000, 1.0603187455563784E+001
-7.1037100000019171E+000,-7.1037100000019171E+000, 1.0603187341593921E+001
-7.1027100000019168E+000,-7.1027100000019168E+000, 1.0603187227635134E+001
-7.1017100000019164E+000,-7.1017100000019164E+000, 1.0603187113673039E+001
-7.1007100000019161E+000,-7.1007100000019161E+000, 1.0603186999702721E+001
-7.0997100000019158E+000,-7.0997100000019158E+000, 1.0603186885725707E+001
-7.0987100000019154E+000,-7.0987100000019154E+000, 1.0603186771768609E+001
-7.0977100000019151E+000,-7.0977100000019151E+000, 1.0603186657800391E+001
-7.0967100000019148E+000,-7.0967100000019148E+000, 1.0603186543825732E+001
-7.0957100000019144E+000,-7.0957100000019144E+000, 1.0603186429854510E+001
-7.0947100000019141E+000,-7.0947100000019141E+000, 1.0603186315894471E+001
-7.0937100000019138E+000,-7.0937100000019138E+000, 1.0603186201930093E+001
-7.0927100000019134E+000,-7.0927100000019134E+000, 1.0603186087964872E+001
-7.0917100000019131E+000,-7.0917100000019131E+000, 1.0603185973992197E+001
-7.0907100000019128E+000,-7.0907100000019128E+000, 1.0603185860007812E+001
-7.0897100000019124E+000,-7.0897100000019124E+000, 1.0603185746040793E+001
-7.0887100000019121E+000,-7.0887100000019121E+000, 1.0603185632069323E+001
-7.0877100000019118E+000,-7.0877100000019118E+000, 1.0603185518113134E+001
-7.0867100000019114E+000,-7.0867100000019114E+000, 1.0603185404133248E+001
-7.0857100000019111E+000,-7.0857100000019111E+000, 1.0603185290141759E+001
-7.0847100000019108E+000,-7.0847100000019108E+000, 1.0603185176176405E+001
-7.0837100000019104E+000,-7.0837100000019104E+000, 1.0603185062211246E+001
-7.0827100000019101E+000,-7.0827100000019101E+000, 1.0603184948239019E+001
-7.0817100000019098E+000,-7.0817100000019098E+000, 1.0603184834267854E+001
-7.0807100000019094E+000,-7.0807100000019094E+000, 1.0603184720275522E+001
-7.0797100000019091E+000,-7.0797100000019091E+000, 1.0603184606286153E+001
-7.0787100000019088E+000,-7.0787100000019088E+000, 1.0603184492333778E+001
-7.0777100000019084E+000,-7.0777100000019084E+000, 1.0603184378342405E+001
-7.0767100000019081E+000,-7.0767100000019081E+000, 1.0603184264376818E+001
-7.0757100000019078E+000,-7.0757100000019078E+000, 1.0603184150401704E+001
-7.0747100000019074E+000,-7.0747100000019074E+000, 1.0603184036408429E+001
-7.0737100000019071E+000,-7.0737100000019071E+000, 1.0603183922426570E+001
-7.0727100000019067E+000,-7.0727100000019067E+000, 1.0603183808457521E+001
-7.0717100000019064E+000,-7.0717100000019064E+000, 1.0603183694477494E+001
-7.0707100000019061E+000,-7.0707100000019061E+000, 1.0603183580497371E+001
-7.0697100000019057E+000,-7.0697100000019057E+000, 1.0603183466514180E+001
-7.0687100000019054E+000,-7.0687100000019054E+000, 1.0603183352532547E+001
-7.0677100000019051E+000,-7.0677100000019051E+000, 1.0603183238548290E+001
-7.0667100000019047E+000,-7.0667100000019047E+000, 1.0603183124556470E+001
-7.0657100000019044E+000,-7.0657100000019044E+000, 1.0603183010582205E+001
-7.0647100000019041E+000,-7.0647100000019041E+000, 1.0603182896607851E+001
-7.0637100000019037E+000,-7.0637100000019037E+000, 1.0603182782617679E+001
-7.0627100000019034E+000,-7.0627100000019034E+000, 1.0603182668627214E+001
-7.0617100000019031E+000,-7.0617100000019031E+000, 1.0603182554640476E+001
-7.0607100000019027E+000,-7.0607100000019027E+000, 1.0603182440657502E+001
-7.0597100000019024E+000,-7.0597100000019024E+000, 1.0603182326678343E+001
-7.0587100000019021E+000,-7.0587100000019021E+000, 1.0603182212695256E+001
-7.0577100000019017E+000,-7.0577100000019017E+000, 1.0603182098685467E+001
-7.0567100000019014E+000,-7.0567100000019014E+000, 1.0603181984701894E+001
-7.0557100000019011E+000,-7.0557100000019011E+000, 1.0603181870718933E+001
-7.0547100000019007E+000,-7.0547100000019007E+000, 1.0603181756737285E+001
-7.0537100000019004E+000,-7.0537100000019004E+000, 1.0603181642747618E+001
-7.0527100000019001E+000,-7.0527100000019001E+000, 1.0603181528754579E+001
-7.0517100000018997E+000,-7.0517100000018997E+000, 1.0603181414762727E+001
-7.0507100000018994E+000,-7.0507100000018994E+000, 1.0603181300767240E+001
-7.0497100000018991E+000,-7.0497100000018991E+000, 1.0603181186776283E+001
-7.0487100000018987E+000,-7.0487100000018987E+000, 1.0603181072794559E+001
-7.0477100000018984E+000,-7.0477100000018984E+000, 1.0603180958803708E+001
-7.0467100000018981E+000,-7.0467100000018981E+000, 1.0603180844791328E+001
-7.0457100000018977E+000,-7.0457100000018977E+000, 1.0603180730801352E+001
-7.0447100000018974E+000,-7.0447100000018974E+000, 1.0603180616816864E+001
-7.0437100000018971E+000,-7.0437100000018971E+000, 1.0603180502821095E+001
-7.0427100000018967E+000,-7.0427100000018967E+000, 1.0603180388830616E+001
-7.0417100000018964E+000,-7.0417100000018964E+000, 1.0603180274840636E+001
-7.0407100000018961E+000,-7.0407100000018961E+000, 1.0603180160838198E+001
-7.0397100000018957E+000,-7.0397100000018957E+000, 1.0603180046839030E+001
-7.0387100000018954E+000,-7.0387100000018954E+000, 1.0603179932839282E+001
-7.0377100000018951E+000,-7.0377100000018951E+000, 1.0603179818845163E+001
-7.0367100000018947E+000,-7.0367100000018947E+000, 1.0603179704845163E+001
-7.0357100000018944E+000,-7.0357100000018944E+000, 1.0603179590839932E+001
-7.0347100000018941E+000,-7.0347100000018941E+000, 1.0603179476842527E+001
-7.0337100000018937E+000,-7.0337100000018937E+000, 1.0603179362853453E+001
-7.0327100000018934E+000,-7.0327100000018934E+000, 1.0603179248845493E+001
-7.0317100000018931E+000,-7.0317100000018931E+000, 1.0603179134847931E+001
-7.0307100000018927E+000,-7.0307100000018927E+000, 1.0603179020857745E+001
-7.0297100000018924E+000,-7.0297100000018924E+000, 1.0603178906836877E+001
-7.0287100000018921E+000,-7.0287100000018921E+000, 1.0603178792845505E+001
-7.0277100000018917E+000,-7.0277100000018917E+000, 1.0603178678829588E+001
-7.0267100000018914E+000,-7.0267100000018914E+000, 1.0603178564839350E+001
-7.0257100000018911E+000,-7.0257100000018911E+000, 1.0603178450836189E+001
-7.0247100000018907E+000,-7.0247100000018907E+000, 1.0603178336841655E+001
-7.0237100000018904E+000,-7.0237100000018904E+000, 1.0603178222826184E+001
-7.0227100000018901E+000,-7.0227100000018901E+000, 1.0603178108816683E+001
-7.0217100000018897E+000,-7.0217100000018897E+000, 1.0603177994813418E+001
-7.0207100000018894E+000,-7.0207100000018894E+000, 1.0603177880818084E+001
-7.0197100000018890E+000,-7.0197100000018890E+000, 1.0603177766811934E+001
-7.0187100000018887E+000,-7.0187100000018887E+000, 1.0603177652783813E+001
-7.0177100000018884E+000,-7.0177100000018884E+000, 1.0603177538782118E+001
-7.0167100000018880E+000,-7.0167100000018880E+000, 1.0603177424775662E+001
-7.0157100000018877E+000,-7.0157100000018877E+000, 1.0603177310773702E+001
-7.0147100000018874E+000,-7.0147100000018874E+000, 1.0603177196765831E+001
-7.0137100000018870E+000,-7.0137100000018870E+000, 1.0603177082753680E+001
-7.0127100000018867E+000,-7.0127100000018867E+000, 1.0603176968726538E+001
-7.0117100000018864E+000,-7.0117100000018864E+000, 1.0603176854733826E+001
-7.0107100000018860E+000,-7.0107100000018860E+000, 1.0603176740725845E+001
-7.0097100000018857E+000,-7.0097100000018857E+000, 1.0603176626710891E+001
-7.0087100000018854E+000,-7.0087100000018854E+000, 1.0603176512699367E+001
-7.0077100000018850E+000,-7.0077100000018850E+000, 1.0603176398693648E+001
-7.0067100000018847E+000,-7.0067100000018847E+000, 1.0603176284673307E+001
-7.0057100000018844E+000,-7.0057100000018844E+000, 1.0603176170662874E+001
-7.0047100000018840E+000,-7.0047100000018840E+000, 1.0603176056643351E+001
-7.0037100000018837E+000,-7.0037100000018837E+000, 1.0603175942630182E+001
-7.0027100000018834E+000,-7.0027100000018834E+000, 1.0603175828620273E+001
-7.0017100000018830E+000,-7.0017100000018830E+000, 1.0603175714591925E+001
-7.0007100000018827E+000,-7.0007100000018827E+000, 1.0603175600584077E+001
-6.9997100000018824E+000,-6.9997100000018824E+000, 1.0603175486569906E+001
-6.9987100000018820E+000,-6.9987100000018820E+000, 1.0603175372548048E+001
-6.9977100000018817E+000,-6.9977100000018817E+000, 1.0603175258531975E+001
-6.9967100000018814E+000,-6.9967100000018814E+000, 1.0603175144522776E+001
-6.9957100000018810E+000,-6.9957100000018810E+000, 1.0603175030495997E+001
-6.9947100000018807E+000,-6.9947100000018807E+000, 1.0603174916480672E+001
-6.9937100000018804E+000,-6.9937100000018804E+000, 1.0603174802452271E+001
-6.9927100000018800E+000,-6.9927100000018800E+000, 1.0603174688443225E+001
-6.9917100000018797E+000,-6.9917100000018797E+000, 1.0603174574418023E+001
-6.9907100000018794E+000,-6.9907100000018794E+000, 1.0603174460389219E+001
-6.9897100000018790E+000,-6.9897100000018790E+000, 1.0603174346374670E+001
-6.9887100000018787E+000,-6.9887100000018787E+000, 1.0603174232353560E+001
-6.9877100000018784E+000,-6.9877100000018784E+000, 1.0603174118335918E+001
-6.9867100000018780E+000,-6.9867100000018780E+000, 1.0603174004307919E+001
-6.9857100000018777E+000,-6.9857100000018777E+000, 1.0603173890285273E+001
-6.9847100000018774E+000,-6.9847100000018774E+000, 1.0603173776252319E+001
-6.9837100000018770E+000,-6.9837100000018770E+000, 1.0603173662231463E+001
-6.9827100000018767E+000,-6.9827100000018767E+000, 1.0603173548210334E+001
-6.9817100000018764E+000,-6.9817100000018764E+000, 1.0603173434182088E+001
-6.9807100000018760E+000,-6.9807100000018760E+000, 1.0603173320172028E+001
-6.9797100000018757E+000,-6.9797100000018757E+000, 1.0603173206140422E+001
-6.9787100000018754E+000,-6.9787100000018754E+000, 1.0603173092107358E+001
-6.9777100000018750E+000,-6.9777100000018750E+000, 1.0603172978069551E+001
-6.9767100000018747E+000,-6.9767100000018747E+000, 1.0603172864055367E+001
-6.9757100000018744E+000,-6.9757100000018744E+000, 1.0603172750025200E+001
-6.9747100000018740E+000,-6.9747100000018740E+000, 1.0603172635997133E+001
-6.9737100000018737E+000,-6.9737100000018737E+000, 1.0603172521956321E+001
-6.9727100000018734E+000,-6.9727100000018734E+000, 1.0603172407926479E+001
-6.9717100000018730E+000,-6.9717100000018730E+000, 1.0603172293898359E+001
-6.9707100000018727E+000,-6.9707100000018727E+000, 1.0603172179877298E+001
-6.9697100000018724E+000,-6.9697100000018724E+000, 1.0603172065842703E+001
-6.9687100000018720E+000,-6.9687100000018720E+000, 1.0603171951806921E+001
-6.9677100000018717E+000,-6.9677100000018717E+000, 1.0603171837769406E+001
-6.9667100000018714E+000,-6.9667100000018714E+000, 1.0603171723743877E+001
-6.9657100000018710E+000,-6.9657100000018710E+000, 1.0603171609707701E+001
-6.9647100000018707E+000,-6.9647100000018707E+000, 1.0603171495686190E+001
-6.9637100000018703E+000,-6.9637100000018703E+000, 1.0603171381639992E+001
-6.9627100000018700E+000,-6.9627100000018700E+000, 1.0603171267596585E+001
-6.9617100000018697E+000,-6.9617100000018697E+000, 1.0603171153568379E+001
-6.9607100000018693E+000,-6.9607100000018693E+000, 1.0603171039526238E+001
-6.9597100000018690E+000,-6.9597100000018690E+000, 1.0603170925487269E+001
-6.9587100000018687E+000,-6.9587100000018687E+000, 1.0603170811459469E+001
-6.9577100000018683E+000,-6.9577100000018683E+000, 1.0603170697420598E+001
-6.9567100000018680E+000,-6.9567100000018680E+000, 1.0603170583375277E+001
-6.9557100000018677E+000,-6.9557100000018677E+000, 1.0603170469332403E+001
-6.9547100000018673E+000,-6.9547100000018673E+000, 1.0603170355296321E+001
-6.9537100000018670E+000,-6.9537100000018670E+000, 1.0603170241264124E+001
-6.9527100000018667E+000,-6.9527100000018667E+000, 1.0603170127236746E+001
-6.9517100000018663E+000,-6.9517100000018663E+000, 1.0603170013187329E+001
-6.9507100000018660E+000,-6.9507100000018660E+000, 1.0603169899128709E+001
-6.9497100000018657E+000,-6.9497100000018657E+000, 1.0603169785102672E+001
-6.9487100000018653E+000,-6.9487100000018653E+000, 1.0603169671057586E+001
-6.9477100000018650E+000,-6.9477100000018650E+000, 1.0603169557023262E+001
-6.9467100000018647E+000,-6.9467100000018647E+000, 1.0603169442972103E+001
-6.9457100000018643E+000,-6.9457100000018643E+000, 1.0603169328924050E+001
-6.9447100000018640E+000,-6.9447100000018640E+000, 1.0603169214880781E+001
-6.9437100000018637E+000,-6.9437100000018637E+000, 1.0603169100840343E+001
-6.9427100000018633E+000,-6.9427100000018633E+000, 1.0603168986809070E+001
-6.9417100000018630E+000,-6.9417100000018630E+000, 1.0603168872749151E+001
-6.9407100000018627E+000,-6.9407100000018627E+000, 1.0603168758699644E+001
-6.9397100000018623E+000,-6.9397100000018623E+000, 1.0603168644659210E+001
-6.9387100000018620E+000,-6.9387100000018620E+000, 1.0603168530619756E+001
-6.9377100000018617E+000,-6.9377100000018617E+000, 1.0603168416564497E+001
-6.9367100000018613E+000,-6.9367100000018613E+000, 1.0603168302510010E+001
-6.9357100000018610E+000,-6.9357100000018610E+000, 1.0603168188454855E+001
-6.9347100000018607E+000,-6.9347100000018607E+000, 1.0603168074414095E+001
-6.9337100000018603E+000,-6.9337100000018603E+000, 1.0603167960360363E+001
-6.9327100000018600E+000,-6.9327100000018600E+000, 1.0603167846312886E+001
-6.9317100000018597E+000,-6.9317100000018597E+000, 1.0603167732252162E+001
-6.9307100000018593E+000,-6.9307100000018593E+000, 1.0603167618219180E+001
-6.9297100000018590E+000,-6.9297100000018590E+000, 1.0603167504162935E+001
-6.9287100000018587E+000,-6.9287100000018587E+000, 1.0603167390117941E+001
-6.9277100000018583E+000,-6.9277100000018583E+000, 1.0603167276060892E+001
-6.9267100000018580E+000,-6.9267100000018580E+000, 1.0603167161998336E+001
-6.9257100000018577E+000,-6.9257100000018577E+000, 1.0603167047944639E+001
-6.9247100000018573E+000,-6.9247100000018573E+000, 1.0603166933889579E+001
-6.9237100000018570E+000,-6.9237100000018570E+000, 1.0603166819835740E+001
-6.9227100000018567E+000,-6.9227100000018567E+000, 1.0603166705780252E+001
-6.9217100000018563E+000,-6.9217100000018563E+000, 1.0603166591725024E+001
-6.9207100000018560E+000,-6.9207100000018560E+000, 1.0603166477678849E+001
-6.9197100000018557E+000,-6.9197100000018557E+000, 1.0603166363619538E+001
-6.9187100000018553E+000,-6.9187100000018553E+000, 1.0603166249562072E+001
-6.9177100000018550E+000,-6.9177100000018550E+000, 1.0603166135497567E+001
-6.9167100000018547E+000,-6.9167100000018547E+000, 1.0603166021432152E+001
-6.9157100000018543E+000,-6.9157100000018543E+000, 1.0603165907386497E+001
-6.9147100000018540E+000,-6.9147100000018540E+000, 1.0603165793334474E+001
-6.9137100000018537E+000,-6.9137100000018537E+000, 1.0603165679276140E+001
-6.9127100000018533E+000,-6.9127100000018533E+000, 1.0603165565203746E+001
-6.9117100000018530E+000,-6.9117100000018530E+000, 1.0603165451150673E+001
-6.9107100000018526E+000,-6.9107100000018526E+000, 1.0603165337082462E+001
-6.9097100000018523E+000,-6.9097100000018523E+000, 1.0603165223030501E+001
-6.9087100000018520E+000,-6.9087100000018520E+000, 1.0603165108963314E+001
-6.9077100000018516E+000,-6.9077100000018516E+000, 1.0603164994893483E+001
-6.9067100000018513E+000,-6.9067100000018513E+000, 1.0603164880831645E+001
-6.9057100000018510E+000,-6.9057100000018510E+000, 1.0603164766771751E+001
-6.9047100000018506E+000,-6.9047100000018506E+000, 1.0603164652706846E+001
-6.9037100000018503E+000,-6.9037100000018503E+000, 1.0603164538646421E+001
-6.9027100000018500E+000,-6.9027100000018500E+000, 1.0603164424577731E+001
-6.9017100000018496E+000,-6.9017100000018496E+000, 1.0603164310497309E+001
-6.9007100000018493E+000,-6.9007100000018493E+000, 1.0603164196444020E+001
-6.8997100000018490E+000,-6.8997100000018490E+000, 1.0603164082378857E+001
-6.8987100000018486E+000,-6.8987100000018486E+000, 1.0603163968303196E+001
-6.8977100000018483E+000,-6.8977100000018483E+000, 1.0603163854247963E+001
-6.8967100000018480E+000,-6.8967100000018480E+000, 1.0603163740169880E+001
-6.8957100000018476E+000,-6.8957100000018476E+000, 1.0603163626109808E+001
-6.8947100000018473E+000,-6.8947100000018473E+000, 1.0603163512037892E+001
-6.8937100000018470E+000,-6.8937100000018470E+000, 1.0603163397960524E+001
-6.8927100000018466E+000,-6.8927100000018466E+000, 1.0603163283891979E+001
-6.8917100000018463E+000,-6.8917100000018463E+000, 1.0603163169827432E+001
-6.8907100000018460E+000,-6.8907100000018460E+000, 1.0603163055754607E+001
-6.8897100000018456E+000,-6.8897100000018456E+000, 1.0603162941693881E+001
-6.8887100000018453E+000,-6.8887100000018453E+000, 1.0603162827605612E+001
-6.8877100000018450E+000,-6.8877100000018450E+000, 1.0603162713535601E+001
-6.8867100000018446E+000,-6.8867100000018446E+000, 1.0603162599468487E+001
-6.8857100000018443E+000,-6.8857100000018443E+000, 1.0603162485386658E+001
-6.8847100000018440E+000,-6.8847100000018440E+000, 1.0603162371315758E+001
-6.8837100000018436E+000,-6.8837100000018436E+000, 1.0603162257247543E+001
-6.8827100000018433E+000,-6.8827100000018433E+000, 1.0603162143158229E+001
-6.8817100000018430E+000,-6.8817100000018430E+000, 1.0603162029095721E+001
-6.8807100000018426E+000,-6.8807100000018426E+000, 1.0603161915018321E+001
-6.8797100000018423E+000,-6.8797100000018423E+000, 1.0603161800936329E+001
-6.8787100000018420E+000,-6.8787100000018420E+000, 1.0603161686857845E+001
-6.8777100000018416E+000,-6.8777100000018416E+000, 1.0603161572779792E+001
-6.8767100000018413E+000,-6.8767100000018413E+000, 1.0603161458703397E+001
-6.8757100000018410E+000,-6.8757100000018410E+000, 1.0603161344627409E+001
-6.8747100000018406E+000,-6.8747100000018406E+000, 1.0603161230541938E+001
-6.8737100000018403E+000,-6.8737100000018403E+000, 1.0603161116463218E+001
-6.8727100000018400E+000,-6.8727100000018400E+000, 1.0603161002381686E+001
-6.8717100000018396E+000,-6.8717100000018396E+000, 1.0603160888298302E+001
-6.8707100000018393E+000,-6.8707100000018393E+000, 1.0603160774222935E+001
-6.8697100000018390E+000,-6.8697100000018390E+000, 1.0603160660138382E+001
-6.8687100000018386E+000,-6.8687100000018386E+000, 1.0603160546052813E+001
-6.8677100000018383E+000,-6.8677100000018383E+000, 1.0603160431970915E+001
-6.8667100000018380E+000,-6.8667100000018380E+000, 1.0603160317892794E+001
-6.8657100000018376E+000,-6.8657100000018376E+000, 1.0603160203808729E+001
-6.8647100000018373E+000,-6.8647100000018373E+000, 1.0603160089722401E+001
-6.8637100000018370E+000,-6.8637100000018370E+000, 1.0603159975642003E+001
-6.8627100000018366E+000,-6.8627100000018366E+000, 1.0603159861549388E+001
-6.8617100000018363E+000,-6.8617100000018363E+000, 1.0603159747480166E+001
-6.8607100000018360E+000,-6.8607100000018360E+000, 1.0603159633377773E+001
-6.8597100000018356E+000,-6.8597100000018356E+000, 1.0603159519301428E+001
-6.8587100000018353E+000,-6.8587100000018353E+000, 1.0603159405210516E+001
-6.8577100000018349E+000,-6.8577100000018349E+000, 1.0603159291118043E+001
-6.8567100000018346E+000,-6.8567100000018346E+000, 1.0603159177035922E+001
-6.8557100000018343E+000,-6.8557100000018343E+000, 1.0603159062942357E+001
-6.8547100000018339E+000,-6.8547100000018339E+000, 1.0603158948852078E+001
-6.8537100000018336E+000,-6.8537100000018336E+000, 1.0603158834763557E+001
-6.8527100000018333E+000,-6.8527100000018333E+000, 1.0603158720681824E+001
-6.8517100000018329E+000,-6.8517100000018329E+000, 1.0603158606577054E+001
-6.8507100000018326E+000,-6.8507100000018326E+000, 1.0603158492488971E+001
-6.8497100000018323E+000,-6.8497100000018323E+000, 1.0603158378404121E+001
-6.8487100000018319E+000,-6.8487100000018319E+000, 1.0603158264297178E+001
-6.8477100000018316E+000,-6.8477100000018316E+000, 1.0603158150214647E+001
-6.8467100000018313E+000,-6.8467100000018313E+000, 1.0603158036118131E+001
-6.8457100000018309E+000,-6.8457100000018309E+000, 1.0603157922020447E+001
-6.8447100000018306E+000,-6.8447100000018306E+000, 1.0603157807935144E+001
-6.8437100000018303E+000,-6.8437100000018303E+000, 1.0603157693836456E+001
-6.8427100000018299E+000,-6.8427100000018299E+000, 1.0603157579741941E+001
-6.8417100000018296E+000,-6.8417100000018296E+000, 1.0603157465650270E+001
-6.8407100000018293E+000,-6.8407100000018293E+000, 1.0603157351543867E+001
-6.8397100000018289E+000,-6.8397100000018289E+000, 1.0603157237445997E+001
-6.8387100000018286E+000,-6.8387100000018286E+000, 1.0603157123367266E+001
-6.8377100000018283E+000,-6.8377100000018283E+000, 1.0603157009254844E+001
-6.8367100000018279E+000,-6.8367100000018279E+000, 1.0603156895154656E+001
-6.8357100000018276E+000,-6.8357100000018276E+000, 1.0603156781054233E+001
-6.8347100000018273E+000,-6.8347100000018273E+000, 1.0603156666961818E+001
-6.8337100000018269E+000,-6.8337100000018269E+000, 1.0603156552860270E+001
-6.8327100000018266E+000,-6.8327100000018266E+000, 1.0603156438766426E+001
-6.8317100000018263E+000,-6.8317100000018263E+000, 1.0603156324659034E+001
-6.8307100000018259E+000,-6.8307100000018259E+000, 1.0603156210554831E+001
-6.8297100000018256E+000,-6.8297100000018256E+000, 1.0603156096449046E+001
-6.8287100000018253E+000,-6.8287100000018253E+000, 1.0603155982347907E+001
-6.8277100000018249E+000,-6.8277100000018249E+000, 1.0603155868255950E+001
-6.8267100000018246E+000,-6.8267100000018246E+000, 1.0603155754140728E+001
-6.8257100000018243E+000,-6.8257100000018243E+000, 1.0603155640043546E+001
-6.8247100000018239E+000,-6.8247100000018239E+000, 1.0603155525933508E+001
-6.8237100000018236E+000,-6.8237100000018236E+000, 1.0603155411826682E+001
-6.8227100000018233E+000,-6.8227100000018233E+000, 1.0603155297728668E+001
-6.8217100000018229E+000,-6.8217100000018229E+000, 1.0603155183627296E+001
-6.8207100000018226E+000,-6.8207100000018226E+000, 1.0603155069515303E+001
-6.8197100000018223E+000,-6.8197100000018223E+000, 1.0603154955407639E+001
-6.8187100000018219E+000,-6.8187100000018219E+000, 1.0603154841299402E+001
-6.8177100000018216E+000,-6.8177100000018216E+000, 1.0603154727187095E+001
-6.8167100000018213E+000,-6.8167100000018213E+000, 1.0603154613090457E+001
-6.8157100000018209E+000,-6.8157100000018209E+000, 1.0603154498975123E+001
-6.8147100000018206E+000,-6.8147100000018206E+000, 1.0603154384868205E+001
-6.8137100000018203E+000,-6.8137100000018203E+000, 1.0603154270761895E+001
-6.8127100000018199E+000,-6.8127100000018199E+000, 1.0603154156634375E+001
-6.8117100000018196E+000,-6.8117100000018196E+000, 1.0603154042537732E+001
-6.8107100000018193E+000,-6.8107100000018193E+000, 1.0603153928421289E+001
-6.8097100000018189E+000,-6.8097100000018189E+000, 1.0603153814306449E+001
-6.8087100000018186E+000,-6.8087100000018186E+000, 1.0603153700206137E+001
-6.8077100000018183E+000,-6.8077100000018183E+000, 1.0603153586078696E+001
-6.8067100000018179E+000,-6.8067100000018179E+000, 1.0603153471966767E+001
-6.8057100000018176E+000,-6.8057100000018176E+000, 1.0603153357858051E+001
-6.8047100000018172E+000,-6.8047100000018172E+000, 1.0603153243743366E+001
-6.8037100000018169E+000,-6.8037100000018169E+000, 1.0603153129621038E+001
-6.8027100000018166E+000,-6.8027100000018166E+000, 1.0603153015509873E+001
-6.8017100000018162E+000,-6.8017100000018162E+000, 1.0603152901388615E+001
-6.8007100000018159E+000,-6.8007100000018159E+000, 1.0603152787279086E+001
-6.7997100000018156E+000,-6.7997100000018156E+000, 1.0603152673164283E+001
-6.7987100000018152E+000,-6.7987100000018152E+000, 1.0603152559044808E+001
-6.7977100000018149E+000,-6.7977100000018149E+000, 1.0603152444930238E+001
-6.7967100000018146E+000,-6.7967100000018146E+000, 1.0603152330805383E+001
-6.7957100000018142E+000,-6.7957100000018142E+000, 1.0603152216687198E+001
-6.7947100000018139E+000,-6.7947100000018139E+000, 1.0603152102565204E+001
-6.7937100000018136E+000,-6.7937100000018136E+000, 1.0603151988449728E+001
-6.7927100000018132E+000,-6.7927100000018132E+000, 1.0603151874334813E+001
-6.7917100000018129E+000,-6.7917100000018129E+000, 1.0603151760207812E+001
-6.7907100000018126E+000,-6.7907100000018126E+000, 1.0603151646082679E+001
-6.7897100000018122E+000,-6.7897100000018122E+000, 1.0603151531954584E+001
-6.7887100000018119E+000,-6.7887100000018119E+000, 1.0603151417838793E+001
-6.7877100000018116E+000,-6.7877100000018116E+000, 1.0603151303727094E+001
-6.7867100000018112E+000,-6.7867100000018112E+000, 1.0603151189595323E+001
-6.7857100000018109E+000,-6.7857100000018109E+000, 1.0603151075468551E+001
-6.7847100000018106E+000,-6.7847100000018106E+000, 1.0603150961337231E+001
-6.7837100000018102E+000,-6.7837100000018102E+000, 1.0603150847219849E+001
-6.7827100000018099E+000,-6.7827100000018099E+000, 1.0603150733098213E+001
-6.7817100000018096E+000,-6.7817100000018096E+000, 1.0603150618967000E+001
-6.7807100000018092E+000,-6.7807100000018092E+000, 1.0603150504855257E+001
-6.7797100000018089E+000,-6.7797100000018089E+000, 1.0603150390703423E+001
-6.7787100000018086E+000,-6.7787100000018086E+000, 1.0603150276578823E+001
-6.7777100000018082E+000,-6.7777100000018082E+000, 1.0603150162456464E+001
-6.7767100000018079E+000,-6.7767100000018079E+000, 1.0603150048330455E+001
-6.7757100000018076E+000,-6.7757100000018076E+000, 1.0603149934216404E+001
-6.7747100000018072E+000,-6.7747100000018072E+000, 1.0603149820062011E+001
-6.7737100000018069E+000,-6.7737100000018069E+000, 1.0603149705938181E+001
-6.7727100000018066E+000,-6.7727100000018066E+000, 1.0603149591813700E+001
-6.7717100000018062E+000,-6.7717100000018062E+000, 1.0603149477674396E+001
-6.7707100000018059E+000,-6.7707100000018059E+000, 1.0603149363548605E+001
-6.7697100000018056E+000,-6.7697100000018056E+000, 1.0603149249412198E+001
-6.7687100000018052E+000,-6.7687100000018052E+000, 1.0603149135270375E+001
-6.7677100000018049E+000,-6.7677100000018049E+000, 1.0603149021145786E+001
-6.7667100000018046E+000,-6.7667100000018046E+000, 1.0603148907019079E+001
-6.7657100000018042E+000,-6.7657100000018042E+000, 1.0603148792885229E+001
-6.7647100000018039E+000,-6.7647100000018039E+000, 1.0603148678741688E+001
-6.7637100000018036E+000,-6.7637100000018036E+000, 1.0603148564609853E+001
-6.7627100000018032E+000,-6.7627100000018032E+000, 1.0603148450467351E+001
-6.7617100000018029E+000,-6.7617100000018029E+000, 1.0603148336347278E+001
-6.7607100000018026E+000,-6.7607100000018026E+000, 1.0603148222201423E+001
-6.7597100000018022E+000,-6.7597100000018022E+000, 1.0603148108061689E+001
-6.7587100000018019E+000,-6.7587100000018019E+000, 1.0603147993925488E+001
-6.7577100000018016E+000,-6.7577100000018016E+000, 1.0603147879784697E+001
-6.7567100000018012E+000,-6.7567100000018012E+000, 1.0603147765643683E+001
-6.7557100000018009E+000,-6.7557100000018009E+000, 1.0603147651505717E+001
-6.7547100000018006E+000,-6.7547100000018006E+000, 1.0603147537378911E+001
-6.7537100000018002E+000,-6.7537100000018002E+000, 1.0603147423231286E+001
-6.7527100000017999E+000,-6.7527100000017999E+000, 1.0603147309093984E+001
-6.7517100000017995E+000,-6.7517100000017995E+000, 1.0603147194942224E+001
-6.7507100000017992E+000,-6.7507100000017992E+000, 1.0603147080805741E+001
-6.7497100000017989E+000,-6.7497100000017989E+000, 1.0603146966671131E+001
-6.7487100000017985E+000,-6.7487100000017985E+000, 1.0603146852531463E+001
-6.7477100000017982E+000,-6.7477100000017982E+000, 1.0603146738385565E+001
-6.7467100000017979E+000,-6.7467100000017979E+000, 1.0603146624234375E+001
-6.7457100000017975E+000,-6.7457100000017975E+000, 1.0603146510086678E+001
-6.7447100000017972E+000,-6.7447100000017972E+000, 1.0603146395948146E+001
-6.7437100000017969E+000,-6.7437100000017969E+000, 1.0603146281811611E+001
-6.7427100000017965E+000,-6.7427100000017965E+000, 1.0603146167661327E+001
-6.7417100000017962E+000,-6.7417100000017962E+000, 1.0603146053496729E+001
-6.7407100000017959E+000,-6.7407100000017959E+000, 1.0603145939360175E+001
-6.7397100000017955E+000,-6.7397100000017955E+000, 1.0603145825222912E+001
-6.7387100000017952E+000,-6.7387100000017952E+000, 1.0603145711077552E+001
-6.7377100000017949E+000,-6.7377100000017949E+000, 1.0603145596914709E+001
-6.7367100000017945E+000,-6.7367100000017945E+000, 1.0603145482780803E+001
-6.7357100000017942E+000,-6.7357100000017942E+000, 1.0603145368621306E+001
-6.7347100000017939E+000,-6.7347100000017939E+000, 1.0603145254470014E+001
-6.7337100000017935E+000,-6.7337100000017935E+000, 1.0603145140321663E+001
-6.7327100000017932E+000,-6.7327100000017932E+000, 1.0603145026175692E+001
-6.7317100000017929E+000,-6.7317100000017929E+000, 1.0603144912019740E+001
-6.7307100000017925E+000,-6.7307100000017925E+000, 1.0603144797878524E+001
-6.7297100000017922E+000,-6.7297100000017922E+000, 1.0603144683717941E+001
-6.7287100000017919E+000,-6.7287100000017919E+000, 1.0603144569565787E+001
-6.7277100000017915E+000,-6.7277100000017915E+000, 1.0603144455401031E+001
-6.7267100000017912E+000,-6.7267100000017912E+000, 1.0603144341262475E+001
-6.7257100000017909E+000,-6.7257100000017909E+000, 1.0603144227103579E+001
-6.7247100000017905E+000,-6.7247100000017905E+000, 1.0603144112941887E+001
-6.7237100000017902E+000,-6.7237100000017902E+000, 1.0603143998778418E+001
-6.7227100000017899E+000,-6.7227100000017899E+000, 1.0603143884632697E+001
-6.7217100000017895E+000,-6.7217100000017895E+000, 1.0603143770476141E+001
-6.7207100000017892E+000,-6.7207100000017892E+000, 1.0603143656319503E+001
-6.7197100000017889E+000,-6.7197100000017889E+000, 1.0603143542178305E+001
-6.7187100000017885E+000,-6.7187100000017885E+000, 1.0603143427994883E+001
-6.7177100000017882E+000,-6.7177100000017882E+000, 1.0603143313836220E+001
-6.7167100000017879E+000,-6.7167100000017879E+000, 1.0603143199690841E+001
-6.7157100000017875E+000,-6.7157100000017875E+000, 1.0603143085545224E+001
-6.7147100000017872E+000,-6.7147100000017872E+000, 1.0603142971383763E+001
-6.7137100000017869E+000,-6.7137100000017869E+000, 1.0603142857199138E+001
-6.7127100000017865E+000,-6.7127100000017865E+000, 1.0603142743044691E+001
-6.7117100000017862E+000,-6.7117100000017862E+000, 1.0603142628886204E+001
-6.7107100000017859E+000,-6.7107100000017859E+000, 1.0603142514732252E+001
-6.7097100000017855E+000,-6.7097100000017855E+000, 1.0603142400562602E+001
-6.7087100000017852E+000,-6.7087100000017852E+000, 1.0603142286397123E+001
-6.7077100000017849E+000,-6.7077100000017849E+000, 1.0603142172233058E+001
-6.7067100000017845E+000,-6.7067100000017845E+000, 1.0603142058076115E+001
-6.7057100000017842E+000,-6.7057100000017842E+000, 1.0603141943905953E+001
-6.7047100000017839E+000,-6.7047100000017839E+000, 1.0603141829748388E+001
-6.7037100000017835E+000,-6.7037100000017835E+000, 1.0603141715593958E+001
-6.7027100000017832E+000,-6.7027100000017832E+000, 1.0603141601408623E+001
-6.7017100000017829E+000,-6.7017100000017829E+000, 1.0603141487244038E+001
-6.7007100000017825E+000,-6.7007100000017825E+000, 1.0603141373079898E+001
-6.6997100000017822E+000,-6.6997100000017822E+000, 1.0603141258908270E+001
-6.6987100000017819E+000,-6.6987100000017819E+000, 1.0603141144756243E+001
-6.6977100000017815E+000,-6.6977100000017815E+000, 1.0603141030582641E+001
-6.6967100000017812E+000,-6.6967100000017812E+000, 1.0603140916402232E+001
-6.6957100000017808E+000,-6.6957100000017808E+000, 1.0603140802231596E+001
-6.6947100000017805E+000,-6.6947100000017805E+000, 1.0603140688062638E+001
-6.6937100000017802E+000,-6.6937100000017802E+000, 1.0603140573905190E+001
-6.6927100000017798E+000,-6.6927100000017798E+000, 1.0603140459740027E+001
-6.6917100000017795E+000,-6.6917100000017795E+000, 1.0603140345564803E+001
-6.6907100000017792E+000,-6.6907100000017792E+000, 1.0603140231370334E+001
-6.6897100000017788E+000,-6.6897100000017788E+000, 1.0603140117212192E+001
-6.6887100000017785E+000,-6.6887100000017785E+000, 1.0603140003033459E+001
-6.6877100000017782E+000,-6.6877100000017782E+000, 1.0603139888867076E+001
-6.6867100000017778E+000,-6.6867100000017778E+000, 1.0603139774701418E+001
-6.6857100000017775E+000,-6.6857100000017775E+000, 1.0603139660504777E+001
-6.6847100000017772E+000,-6.6847100000017772E+000, 1.0603139546333667E+001
-6.6837100000017768E+000,-6.6837100000017768E+000, 1.0603139432161379E+001
-6.6827100000017765E+000,-6.6827100000017765E+000, 1.0603139318000473E+001
-6.6817100000017762E+000,-6.6817100000017762E+000, 1.0603139203824112E+001
-6.6807100000017758E+000,-6.6807100000017758E+000, 1.0603139089634375E+001
-6.6797100000017755E+000,-6.6797100000017755E+000, 1.0603138975452248E+001
-6.6787100000017752E+000,-6.6787100000017752E+000, 1.0603138861288187E+001
-6.6777100000017748E+000,-6.6777100000017748E+000, 1.0603138747108931E+001
-6.6767100000017745E+000,-6.6767100000017745E+000, 1.0603138632924038E+001
-6.6757100000017742E+000,-6.6757100000017742E+000, 1.0603138518743666E+001
-6.6747100000017738E+000,-6.6747100000017738E+000, 1.0603138404569121E+001
-6.6737100000017735E+000,-6.6737100000017735E+000, 1.0603138290393060E+001
-6.6727100000017732E+000,-6.6727100000017732E+000, 1.0603138176204496E+001
-6.6717100000017728E+000,-6.6717100000017728E+000, 1.0603138062015809E+001
-6.6707100000017725E+000,-6.6707100000017725E+000, 1.0603137947840526E+001
-6.6697100000017722E+000,-6.6697100000017722E+000, 1.0603137833651898E+001
-6.6687100000017718E+000,-6.6687100000017718E+000, 1.0603137719476225E+001
-6.6677100000017715E+000,-6.6677100000017715E+000, 1.0603137605287170E+001
-6.6667100000017712E+000,-6.6667100000017712E+000, 1.0603137491103698E+001
-6.6657100000017708E+000,-6.6657100000017708E+000, 1.0603137376926123E+001
-6.6647100000017705E+000,-6.6647100000017705E+000, 1.0603137262736292E+001
-6.6637100000017702E+000,-6.6637100000017702E+000, 1.0603137148558080E+001
-6.6627100000017698E+000,-6.6627100000017698E+000, 1.0603137034348261E+001
-6.6617100000017695E+000,-6.6617100000017695E+000, 1.0603136920177747E+001
-6.6607100000017692E+000,-6.6607100000017692E+000, 1.0603136806000485E+001
-6.6597100000017688E+000,-6.6597100000017688E+000, 1.0603136691812523E+001
-6.6587100000017685E+000,-6.6587100000017685E+000, 1.0603136577626518E+001
-6.6577100000017682E+000,-6.6577100000017682E+000, 1.0603136463417323E+001
-6.6567100000017678E+000,-6.6567100000017678E+000, 1.0603136349227148E+001
-6.6557100000017675E+000,-6.6557100000017675E+000, 1.0603136235045692E+001
-6.6547100000017672E+000,-6.6547100000017672E+000, 1.0603136120860491E+001
-6.6537100000017668E+000,-6.6537100000017668E+000, 1.0603136006674438E+001
-6.6527100000017665E+000,-6.6527100000017665E+000, 1.0603135892482246E+001
-6.6517100000017662E+000,-6.6517100000017662E+000, 1.0603135778279400E+001
-6.6507100000017658E+000,-6.6507100000017658E+000, 1.0603135664084261E+001
-6.6497100000017655E+000,-6.6497100000017655E+000, 1.0603135549910210E+001
-6.6487100000017652E+000,-6.6487100000017652E+000, 1.0603135435710255E+001
-6.6477100000017648E+000,-6.6477100000017648E+000, 1.0603135321521858E+001
-6.6467100000017645E+000,-6.6467100000017645E+000, 1.0603135207322023E+001
-6.6457100000017642E+000,-6.6457100000017642E+000, 1.0603135093128866E+001
-6.6447100000017638E+000,-6.6447100000017638E+000, 1.0603134978930846E+001
-6.6437100000017635E+000,-6.6437100000017635E+000, 1.0603134864731954E+001
-6.6427100000017631E+000,-6.6427100000017631E+000, 1.0603134750546477E+001
-6.6417100000017628E+000,-6.6417100000017628E+000, 1.0603134636350989E+001
-6.6407100000017625E+000,-6.6407100000017625E+000, 1.0603134522142707E+001
-6.6397100000017621E+000,-6.6397100000017621E+000, 1.0603134407942658E+001
-6.6387100000017618E+000,-6.6387100000017618E+000, 1.0603134293749962E+001
-6.6377100000017615E+000,-6.6377100000017615E+000, 1.0603134179560175E+001
-6.6367100000017611E+000,-6.6367100000017611E+000, 1.0603134065364426E+001
-6.6357100000017608E+000,-6.6357100000017608E+000, 1.0603133951160032E+001
-6.6347100000017605E+000,-6.6347100000017605E+000, 1.0603133836950210E+001
-6.6337100000017601E+000,-6.6337100000017601E+000, 1.0603133722742900E+001
-6.6327100000017598E+000,-6.6327100000017598E+000, 1.0603133608554520E+001
-6.6317100000017595E+000,-6.6317100000017595E+000, 1.0603133494358300E+001
-6.6307100000017591E+000,-6.6307100000017591E+000, 1.0603133380142987E+001
-6.6297100000017588E+000,-6.6297100000017588E+000, 1.0603133265953199E+001
-6.6287100000017585E+000,-6.6287100000017585E+000, 1.0603133151738716E+001
-6.6277100000017581E+000,-6.6277100000017581E+000, 1.0603133037543163E+001
-6.6267100000017578E+000,-6.6267100000017578E+000, 1.0603132923339221E+001
-6.6257100000017575E+000,-6.6257100000017575E+000, 1.0603132809132886E+001
-6.6247100000017571E+000,-6.6247100000017571E+000, 1.0603132694929151E+001
-6.6237100000017568E+000,-6.6237100000017568E+000, 1.0603132580720414E+001
-6.6227100000017565E+000,-6.6227100000017565E+000, 1.0603132466515211E+001
-6.6217100000017561E+000,-6.6217100000017561E+000, 1.0603132352318159E+001
-6.6207100000017558E+000,-6.6207100000017558E+000, 1.0603132238092410E+001
-6.6197100000017555E+000,-6.6197100000017555E+000, 1.0603132123884487E+001
-6.6187100000017551E+000,-6.6187100000017551E+000, 1.0603132009685268E+001
-6.6177100000017548E+000,-6.6177100000017548E+000, 1.0603131895468110E+001
-6.6167100000017545E+000,-6.6167100000017545E+000, 1.0603131781262771E+001
-6.6157100000017541E+000,-6.6157100000017541E+000, 1.0603131667051755E+001
-6.6147100000017538E+000,-6.6147100000017538E+000, 1.0603131552848254E+001
-6.6137100000017535E+000,-6.6137100000017535E+000, 1.0603131438624104E+001
-6.6127100000017531E+000,-6.6127100000017531E+000, 1.0603131324429501E+001
-6.6117100000017528E+000,-6.6117100000017528E+000, 1.0603131210211675E+001
-6.6107100000017525E+000,-6.6107100000017525E+000, 1.0603131095997741E+001
-6.6097100000017521E+000,-6.6097100000017521E+000, 1.0603130981792978E+001
-6.6087100000017518E+000,-6.6087100000017518E+000, 1.0603130867572700E+001
-6.6077100000017515E+000,-6.6077100000017515E+000, 1.0603130753372728E+001
-6.6067100000017511E+000,-6.6067100000017511E+000, 1.0603130639144817E+001
-6.6057100000017508E+000,-6.6057100000017508E+000, 1.0603130524932400E+001
-6.6047100000017505E+000,-6.6047100000017505E+000, 1.0603130410722194E+001
-6.6037100000017501E+000,-6.6037100000017501E+000, 1.0603130296512353E+001
-6.6027100000017498E+000,-6.6027100000017498E+000, 1.0603130182283300E+001
-6.6017100000017495E+000,-6.6017100000017495E+000, 1.0603130068067056E+001
-6.6007100000017491E+000,-6.6007100000017491E+000, 1.0603129953846125E+001
-6.5997100000017488E+000,-6.5997100000017488E+000, 1.0603129839634134E+001
-6.5987100000017485E+000,-6.5987100000017485E+000, 1.0603129725420747E+001
-6.5977100000017481E+000,-6.5977100000017481E+000, 1.0603129611188058E+001
-6.5967100000017478E+000,-6.5967100000017478E+000, 1.0603129496979927E+001
-6.5957100000017475E+000,-6.5957100000017475E+000, 1.0603129382753787E+001
-6.5947100000017471E+000,-6.5947100000017471E+000, 1.0603129268537096E+001
-6.5937100000017468E+000,-6.5937100000017468E+000, 1.0603129154314651E+001
-6.5927100000017465E+000,-6.5927100000017465E+000, 1.0603129040096682E+001
-6.5917100000017461E+000,-6.5917100000017461E+000, 1.0603128925860661E+001
-6.5907100000017458E+000,-6.5907100000017458E+000, 1.0603128811650578E+001
-6.5897100000017454E+000,-6.5897100000017454E+000, 1.0603128697423175E+001
-6.5887100000017451E+000,-6.5887100000017451E+000, 1.0603128583202224E+001
-6.5877100000017448E+000,-6.5877100000017448E+000, 1.0603128468984190E+001
-6.5867100000017444E+000,-6.5867100000017444E+000, 1.0603128354752407E+001
-6.5857100000017441E+000,-6.5857100000017441E+000, 1.0603128240530202E+001
-6.5847100000017438E+000,-6.5847100000017438E+000, 1.0603128126312013E+001
-6.5837100000017434E+000,-6.5837100000017434E+000, 1.0603128012072737E+001
-6.5827100000017431E+000,-6.5827100000017431E+000, 1.0603127897851554E+001
-6.5817100000017428E+000,-6.5817100000017428E+000, 1.0603127783621545E+001
-6.5807100000017424E+000,-6.5807100000017424E+000, 1.0603127669394883E+001
-6.5797100000017421E+000,-6.5797100000017421E+000, 1.0603127555176439E+001
-6.5787100000017418E+000,-6.5787100000017418E+000, 1.0603127440937643E+001
-6.5777100000017414E+000,-6.5777100000017414E+000, 1.0603127326711983E+001
-6.5767100000017411E+000,-6.5767100000017411E+000, 1.0603127212480663E+001
-6.5757100000017408E+000,-6.5757100000017408E+000, 1.0603127098261245E+001
-6.5747100000017404E+000,-6.5747100000017404E+000, 1.0603126984016612E+001
-6.5737100000017401E+000,-6.5737100000017401E+000, 1.0603126869787934E+001
-6.5727100000017398E+000,-6.5727100000017398E+000, 1.0603126755551342E+001
-6.5717100000017394E+000,-6.5717100000017394E+000, 1.0603126641323531E+001
-6.5707100000017391E+000,-6.5707100000017391E+000, 1.0603126527104099E+001
-6.5697100000017388E+000,-6.5697100000017388E+000, 1.0603126412856980E+001
-6.5687100000017384E+000,-6.5687100000017384E+000, 1.0603126298624700E+001
-6.5677100000017381E+000,-6.5677100000017381E+000, 1.0603126184398619E+001
-6.5667100000017378E+000,-6.5667100000017378E+000, 1.0603126070167679E+001
-6.5657100000017374E+000,-6.5657100000017374E+000, 1.0603125955930485E+001
-6.5647100000017371E+000,-6.5647100000017371E+000, 1.0603125841697768E+001
-6.5637100000017368E+000,-6.5637100000017368E+000, 1.0603125727456080E+001
-6.5627100000017364E+000,-6.5627100000017364E+000, 1.0603125613222808E+001
-6.5617100000017361E+000,-6.5617100000017361E+000, 1.0603125498971949E+001
-6.5607100000017358E+000,-6.5607100000017358E+000, 1.0603125384740300E+001
-6.5597100000017354E+000,-6.5597100000017354E+000, 1.0603125270513043E+001
-6.5587100000017351E+000,-6.5587100000017351E+000, 1.0603125156261278E+001
-6.5577100000017348E+000,-6.5577100000017348E+000, 1.0603125042031920E+001
-6.5567100000017344E+000,-6.5567100000017344E+000, 1.0603124927790844E+001
-6.5557100000017341E+000,-6.5557100000017341E+000, 1.0603124813542903E+001
-6.5547100000017338E+000,-6.5547100000017338E+000, 1.0603124699306161E+001
-6.5537100000017334E+000,-6.5537100000017334E+000, 1.0603124585070120E+001
-6.5527100000017331E+000,-6.5527100000017331E+000, 1.0603124470833393E+001
-6.5517100000017328E+000,-6.5517100000017328E+000, 1.0603124356584180E+001
-6.5507100000017324E+000,-6.5507100000017324E+000, 1.0603124242335831E+001
-6.5497100000017321E+000,-6.5497100000017321E+000, 1.0603124128112716E+001
-6.5487100000017318E+000,-6.5487100000017318E+000, 1.0603124013855465E+001
-6.5477100000017314E+000,-6.5477100000017314E+000, 1.0603123899614499E+001
-6.5467100000017311E+000,-6.5467100000017311E+000, 1.0603123785369025E+001
-6.5457100000017308E+000,-6.5457100000017308E+000, 1.0603123671123047E+001
-6.5447100000017304E+000,-6.5447100000017304E+000, 1.0603123556871594E+001
-6.5437100000017301E+000,-6.5437100000017301E+000, 1.0603123442643181E+001
-6.5427100000017298E+000,-6.5427100000017298E+000, 1.0603123328397711E+001
-6.5417100000017294E+000,-6.5417100000017294E+000, 1.0603123214133397E+001
-6.5407100000017291E+000,-6.5407100000017291E+000, 1.0603123099886277E+001
-6.5397100000017288E+000,-6.5397100000017288E+000, 1.0603122985642448E+001
-6.5387100000017284E+000,-6.5387100000017284E+000, 1.0603122871396618E+001
-6.5377100000017281E+000,-6.5377100000017281E+000, 1.0603122757142639E+001
-6.5367100000017277E+000,-6.5367100000017277E+000, 1.0603122642886680E+001
-6.5357100000017274E+000,-6.5357100000017274E+000, 1.0603122528636344E+001
-6.5347100000017271E+000,-6.5347100000017271E+000, 1.0603122414391859E+001
-6.5337100000017267E+000,-6.5337100000017267E+000, 1.0603122300145923E+001
-6.5327100000017264E+000,-6.5327100000017264E+000, 1.0603122185892813E+001
-6.5317100000017261E+000,-6.5317100000017261E+000, 1.0603122071643146E+001
-6.5307100000017257E+000,-6.5307100000017257E+000, 1.0603121957386149E+001
-6.5297100000017254E+000,-6.5297100000017254E+000, 1.0603121843135918E+001
-6.5287100000017251E+000,-6.5287100000017251E+000, 1.0603121728890644E+001
-6.5277100000017247E+000,-6.5277100000017247E+000, 1.0603121614629661E+001
-6.5267100000017244E+000,-6.5267100000017244E+000, 1.0603121500376222E+001
-6.5257100000017241E+000,-6.5257100000017241E+000, 1.0603121386116568E+001
-6.5247100000017237E+000,-6.5247100000017237E+000, 1.0603121271860740E+001
-6.5237100000017234E+000,-6.5237100000017234E+000, 1.0603121157608388E+001
-6.5227100000017231E+000,-6.5227100000017231E+000, 1.0603121043347043E+001
-6.5217100000017227E+000,-6.5217100000017227E+000, 1.0603120929086698E+001
-6.5207100000017224E+000,-6.5207100000017224E+000, 1.0603120814847223E+001
-6.5197100000017221E+000,-6.5197100000017221E+000, 1.0603120700578824E+001
-6.5187100000017217E+000,-6.5187100000017217E+000, 1.0603120586322515E+001
-6.5177100000017214E+000,-6.5177100000017214E+000, 1.0603120472055521E+001
-6.5167100000017211E+000,-6.5167100000017211E+000, 1.0603120357793458E+001
-6.5157100000017207E+000,-6.5157100000017207E+000, 1.0603120243548414E+001
-6.5147100000017204E+000,-6.5147100000017204E+000, 1.0603120129266539E+001
-6.5137100000017201E+000,-6.5137100000017201E+000, 1.0603120015015030E+001
-6.5127100000017197E+000,-6.5127100000017197E+000, 1.0603119900758477E+001
-6.5117100000017194E+000,-6.5117100000017194E+000, 1.0603119786498034E+001
-6.5107100000017191E+000,-6.5107100000017191E+000, 1.0603119672235382E+001
-6.5097100000017187E+000,-6.5097100000017187E+000, 1.0603119557965574E+001
-6.5087100000017184E+000,-6.5087100000017184E+000, 1.0603119443705559E+001
-6.5077100000017181E+000,-6.5077100000017181E+000, 1.0603119329441840E+001
-6.5067100000017177E+000,-6.5067100000017177E+000, 1.0603119215182030E+001
-6.5057100000017174E+000,-6.5057100000017174E+000, 1.0603119100924653E+001
-6.5047100000017171E+000,-6.5047100000017171E+000, 1.0603118986632959E+001
-6.5037100000017167E+000,-6.5037100000017167E+000, 1.0603118872374090E+001
-6.5027100000017164E+000,-6.5027100000017164E+000, 1.0603118758108248E+001
-6.5017100000017161E+000,-6.5017100000017161E+000, 1.0603118643848859E+001
-6.5007100000017157E+000,-6.5007100000017157E+000, 1.0603118529581606E+001
-6.4997100000017154E+000,-6.4997100000017154E+000, 1.0603118415309996E+001
-6.4987100000017151E+000,-6.4987100000017151E+000, 1.0603118301047303E+001
-6.4977100000017147E+000,-6.4977100000017147E+000, 1.0603118186773429E+001
-6.4967100000017144E+000,-6.4967100000017144E+000, 1.0603118072514640E+001
-6.4957100000017141E+000,-6.4957100000017141E+000, 1.0603117958228729E+001
-6.4947100000017137E+000,-6.4947100000017137E+000, 1.0603117843967125E+001
-6.4937100000017134E+000,-6.4937100000017134E+000, 1.0603117729691496E+001
-6.4927100000017131E+000,-6.4927100000017131E+000, 1.0603117615424445E+001
-6.4917100000017127E+000,-6.4917100000017127E+000, 1.0603117501146222E+001
-6.4907100000017124E+000,-6.4907100000017124E+000, 1.0603117386870297E+001
-6.4897100000017121E+000,-6.4897100000017121E+000, 1.0603117272602141E+001
-6.4887100000017117E+000,-6.4887100000017117E+000, 1.0603117158333550E+001
-6.4877100000017114E+000,-6.4877100000017114E+000, 1.0603117044049462E+001
-6.4867100000017111E+000,-6.4867100000017111E+000, 1.0603116929770149E+001
-6.4857100000017107E+000,-6.4857100000017107E+000, 1.0603116815498055E+001
-6.4847100000017104E+000,-6.4847100000017104E+000, 1.0603116701221523E+001
-6.4837100000017100E+000,-6.4837100000017100E+000, 1.0603116586958922E+001
-6.4827100000017097E+000,-6.4827100000017097E+000, 1.0603116472674536E+001
-6.4817100000017094E+000,-6.4817100000017094E+000, 1.0603116358394043E+001
-6.4807100000017090E+000,-6.4807100000017090E+000, 1.0603116244111051E+001
-6.4797100000017087E+000,-6.4797100000017087E+000, 1.0603116129838980E+001
-6.4787100000017084E+000,-6.4787100000017084E+000, 1.0603116015571024E+001
-6.4777100000017080E+000,-6.4777100000017080E+000, 1.0603115901288314E+001
-6.4767100000017077E+000,-6.4767100000017077E+000, 1.0603115786999021E+001
-6.4757100000017074E+000,-6.4757100000017074E+000, 1.0603115672720593E+001
-6.4747100000017070E+000,-6.4747100000017070E+000, 1.0603115558444198E+001
-6.4737100000017067E+000,-6.4737100000017067E+000, 1.0603115444167184E+001
-6.4727100000017064E+000,-6.4727100000017064E+000, 1.0603115329881653E+001
-6.4717100000017060E+000,-6.4717100000017060E+000, 1.0603115215591146E+001
-6.4707100000017057E+000,-6.4707100000017057E+000, 1.0603115101312525E+001
-6.4697100000017054E+000,-6.4697100000017054E+000, 1.0603114987023833E+001
-6.4687100000017050E+000,-6.4687100000017050E+000, 1.0603114872741845E+001
-6.4677100000017047E+000,-6.4677100000017047E+000, 1.0603114758462443E+001
-6.4667100000017044E+000,-6.4667100000017044E+000, 1.0603114644184801E+001
-6.4657100000017040E+000,-6.4657100000017040E+000, 1.0603114529890339E+001
-6.4647100000017037E+000,-6.4647100000017037E+000, 1.0603114415602981E+001
-6.4637100000017034E+000,-6.4637100000017034E+000, 1.0603114301309786E+001
-6.4627100000017030E+000,-6.4627100000017030E+000, 1.0603114187036239E+001
-6.4617100000017027E+000,-6.4617100000017027E+000, 1.0603114072749877E+001
-6.4607100000017024E+000,-6.4607100000017024E+000, 1.0603113958467766E+001
-6.4597100000017020E+000,-6.4597100000017020E+000, 1.0603113844169943E+001
-6.4587100000017017E+000,-6.4587100000017017E+000, 1.0603113729868500E+001
-6.4577100000017014E+000,-6.4577100000017014E+000, 1.0603113615584752E+001
-6.4567100000017010E+000,-6.4567100000017010E+000, 1.0603113501304307E+001
-6.4557100000017007E+000,-6.4557100000017007E+000, 1.0603113387013517E+001
-6.4547100000017004E+000,-6.4547100000017004E+000, 1.0603113272714875E+001
-6.4537100000017000E+000,-6.4537100000017000E+000, 1.0603113158423046E+001
-6.4527100000016997E+000,-6.4527100000016997E+000, 1.0603113044125340E+001
-6.4517100000016994E+000,-6.4517100000016994E+000, 1.0603112929842908E+001
-6.4507100000016990E+000,-6.4507100000016990E+000, 1.0603112815558319E+001
-6.4497100000016987E+000,-6.4497100000016987E+000, 1.0603112701264156E+001
-6.4487100000016984E+000,-6.4487100000016984E+000, 1.0603112586960190E+001
-6.4477100000016980E+000,-6.4477100000016980E+000, 1.0603112472669327E+001
-6.4467100000016977E+000,-6.4467100000016977E+000, 1.0603112358375244E+001
-6.4457100000016974E+000,-6.4457100000016974E+000, 1.0603112244067173E+001
-6.4447100000016970E+000,-6.4447100000016970E+000, 1.0603112129783852E+001
-6.4437100000016967E+000,-6.4437100000016967E+000, 1.0603112015490877E+001
-6.4427100000016964E+000,-6.4427100000016964E+000, 1.0603111901176382E+001
-6.4417100000016960E+000,-6.4417100000016960E+000, 1.0603111786895125E+001
-6.4407100000016957E+000,-6.4407100000016957E+000, 1.0603111672593746E+001
-6.4397100000016954E+000,-6.4397100000016954E+000, 1.0603111558291975E+001
-6.4387100000016950E+000,-6.4387100000016950E+000, 1.0603111444004682E+001
-6.4377100000016947E+000,-6.4377100000016947E+000, 1.0603111329691229E+001
-6.4367100000016944E+000,-6.4367100000016944E+000, 1.0603111215393319E+001
-6.4357100000016940E+000,-6.4357100000016940E+000, 1.0603111101092257E+001
-6.4347100000016937E+000,-6.4347100000016937E+000, 1.0603110986790387E+001
-6.4337100000016934E+000,-6.4337100000016934E+000, 1.0603110872514712E+001
-6.4327100000016930E+000,-6.4327100000016930E+000, 1.0603110758205917E+001
-6.4317100000016927E+000,-6.4317100000016927E+000, 1.0603110643880747E+001
-6.4307100000016924E+000,-6.4307100000016924E+000, 1.0603110529579613E+001
-6.4297100000016920E+000,-6.4297100000016920E+000, 1.0603110415280595E+001
-6.4287100000016917E+000,-6.4287100000016917E+000, 1.0603110300984351E+001
-6.4277100000016913E+000,-6.4277100000016913E+000, 1.0603110186684130E+001
-6.4267100000016910E+000,-6.4267100000016910E+000, 1.0603110072377657E+001
-6.4257100000016907E+000,-6.4257100000016907E+000, 1.0603109958056127E+001
-6.4247100000016903E+000,-6.4247100000016903E+000, 1.0603109843756275E+001
-6.4237100000016900E+000,-6.4237100000016900E+000, 1.0603109729457495E+001
-6.4227100000016897E+000,-6.4227100000016897E+000, 1.0603109615148265E+001
-6.4217100000016893E+000,-6.4217100000016893E+000, 1.0603109500846772E+001
-6.4207100000016890E+000,-6.4207100000016890E+000, 1.0603109386516492E+001
-6.4197100000016887E+000,-6.4197100000016887E+000, 1.0603109272213842E+001
-6.4187100000016883E+000,-6.4187100000016883E+000, 1.0603109157916839E+001
-6.4177100000016880E+000,-6.4177100000016880E+000, 1.0603109043602139E+001
-6.4167100000016877E+000,-6.4167100000016877E+000, 1.0603108929302305E+001
-6.4157100000016873E+000,-6.4157100000016873E+000, 1.0603108814992526E+001
-6.4147100000016870E+000,-6.4147100000016870E+000, 1.0603108700672909E+001
-6.4137100000016867E+000,-6.4137100000016867E+000, 1.0603108586350260E+001
-6.4127100000016863E+000,-6.4127100000016863E+000, 1.0603108472042964E+001
-6.4117100000016860E+000,-6.4117100000016860E+000, 1.0603108357744265E+001
-6.4107100000016857E+000,-6.4107100000016857E+000, 1.0603108243425607E+001
-6.4097100000016853E+000,-6.4097100000016853E+000, 1.0603108129102186E+001
-6.4087100000016850E+000,-6.4087100000016850E+000, 1.0603108014792044E+001
-6.4077100000016847E+000,-6.4077100000016847E+000, 1.0603107900475283E+001
-6.4067100000016843E+000,-6.4067100000016843E+000, 1.0603107786163964E+001
-6.4057100000016840E+000,-6.4057100000016840E+000, 1.0603107671850140E+001
-6.4047100000016837E+000,-6.4047100000016837E+000, 1.0603107557537534E+001
-6.4037100000016833E+000,-6.4037100000016833E+000, 1.0603107443213485E+001
-6.4027100000016830E+000,-6.4027100000016830E+000, 1.0603107328894719E+001
-6.4017100000016827E+000,-6.4017100000016827E+000, 1.0603107214587613E+001
-6.4007100000016823E+000,-6.4007100000016823E+000, 1.0603107100266023E+001
-6.3997100000016820E+000,-6.3997100000016820E+000, 1.0603106985948614E+001
-6.3987100000016817E+000,-6.3987100000016817E+000, 1.0603106871616491E+001
-6.3977100000016813E+000,-6.3977100000016813E+000, 1.0603106757298349E+001
-6.3967100000016810E+000,-6.3967100000016810E+000, 1.0603106642994144E+001
-6.3957100000016807E+000,-6.3957100000016807E+000, 1.0603106528663760E+001
-6.3947100000016803E+000,-6.3947100000016803E+000, 1.0603106414349917E+001
-6.3937100000016800E+000,-6.3937100000016800E+000, 1.0603106300026578E+001
-6.3927100000016797E+000,-6.3927100000016797E+000, 1.0603106185699804E+001
-6.3917100000016793E+000,-6.3917100000016793E+000, 1.0603106071376615E+001
-6.3907100000016790E+000,-6.3907100000016790E+000, 1.0603105957046466E+001
-6.3897100000016787E+000,-6.3897100000016787E+000, 1.0603105842728116E+001
-6.3887100000016783E+000,-6.3887100000016783E+000, 1.0603105728412906E+001
-6.3877100000016780E+000,-6.3877100000016780E+000, 1.0603105614080897E+001
-6.3867100000016777E+000,-6.3867100000016777E+000, 1.0603105499755028E+001
-6.3857100000016773E+000,-6.3857100000016773E+000, 1.0603105385423262E+001
-6.3847100000016770E+000,-6.3847100000016770E+000, 1.0603105271097345E+001
-6.3837100000016767E+000,-6.3837100000016767E+000, 1.0603105156779339E+001
-6.3827100000016763E+000,-6.3827100000016763E+000, 1.0603105042458898E+001
-6.3817100000016760E+000,-6.3817100000016760E+000, 1.0603104928116727E+001
-6.3807100000016757E+000,-6.3807100000016757E+000, 1.0603104813793077E+001
-6.3797100000016753E+000,-6.3797100000016753E+000, 1.0603104699464920E+001
-6.3787100000016750E+000,-6.3787100000016750E+000, 1.0603104585143324E+001
-6.3777100000016747E+000,-6.3777100000016747E+000, 1.0603104470814866E+001
-6.3767100000016743E+000,-6.3767100000016743E+000, 1.0603104356475697E+001
-6.3757100000016740E+000,-6.3757100000016740E+000, 1.0603104242135421E+001
-6.3747100000016736E+000,-6.3747100000016736E+000, 1.0603104127820378E+001
-6.3737100000016733E+000,-6.3737100000016733E+000, 1.0603104013488331E+001
-6.3727100000016730E+000,-6.3727100000016730E+000, 1.0603103899150600E+001
-6.3717100000016726E+000,-6.3717100000016726E+000, 1.0603103784828141E+001
-6.3707100000016723E+000,-6.3707100000016723E+000, 1.0603103670474168E+001
-6.3697100000016720E+000,-6.3697100000016720E+000, 1.0603103556149730E+001
-6.3687100000016716E+000,-6.3687100000016716E+000, 1.0603103441819254E+001
-6.3677100000016713E+000,-6.3677100000016713E+000, 1.0603103327472654E+001
-6.3667100000016710E+000,-6.3667100000016710E+000, 1.0603103213140995E+001
-6.3657100000016706E+000,-6.3657100000016706E+000, 1.0603103098818922E+001
-6.3647100000016703E+000,-6.3647100000016703E+000, 1.0603102984474905E+001
-6.3637100000016700E+000,-6.3637100000016700E+000, 1.0603102870131428E+001
-6.3627100000016696E+000,-6.3627100000016696E+000, 1.0603102755795042E+001
-6.3617100000016693E+000,-6.3617100000016693E+000, 1.0603102641460243E+001
-6.3607100000016690E+000,-6.3607100000016690E+000, 1.0603102527139924E+001
-6.3597100000016686E+000,-6.3597100000016686E+000, 1.0603102412792461E+001
-6.3587100000016683E+000,-6.3587100000016683E+000, 1.0603102298438973E+001
-6.3577100000016680E+000,-6.3577100000016680E+000, 1.0603102184102733E+001
-6.3567100000016676E+000,-6.3567100000016676E+000, 1.0603102069767797E+001
-6.3557100000016673E+000,-6.3557100000016673E+000, 1.0603101955431191E+001
-6.3547100000016670E+000,-6.3547100000016670E+000, 1.0603101841090407E+001
-6.3537100000016666E+000,-6.3537100000016666E+000, 1.0603101726735648E+001
-6.3527100000016663E+000,-6.3527100000016663E+000, 1.0603101612398257E+001
-6.3517100000016660E+000,-6.3517100000016660E+000, 1.0603101498052359E+001
-6.3507100000016656E+000,-6.3507100000016656E+000, 1.0603101383720261E+001
-6.3497100000016653E+000,-6.3497100000016653E+000, 1.0603101269371749E+001
-6.3487100000016650E+000,-6.3487100000016650E+000, 1.0603101155026351E+001
-6.3477100000016646E+000,-6.3477100000016646E+000, 1.0603101040669593E+001
-6.3467100000016643E+000,-6.3467100000016643E+000, 1.0603100926332289E+001
-6.3457100000016640E+000,-6.3457100000016640E+000, 1.0603100811993968E+001
-6.3447100000016636E+000,-6.3447100000016636E+000, 1.0603100697646120E+001
-6.3437100000016633E+000,-6.3437100000016633E+000, 1.0603100583294221E+001
-6.3427100000016630E+000,-6.3427100000016630E+000, 1.0603100468950897E+001
-6.3417100000016626E+000,-6.3417100000016626E+000, 1.0603100354606154E+001
-6.3407100000016623E+000,-6.3407100000016623E+000, 1.0603100240245508E+001
-6.3397100000016620E+000,-6.3397100000016620E+000, 1.0603100125896777E+001
-6.3387100000016616E+000,-6.3387100000016616E+000, 1.0603100011560521E+001
-6.3377100000016613E+000,-6.3377100000016613E+000, 1.0603099897205819E+001
-6.3367100000016610E+000,-6.3367100000016610E+000, 1.0603099782848396E+001
-6.3357100000016606E+000,-6.3357100000016606E+000, 1.0603099668494551E+001
-6.3347100000016603E+000,-6.3347100000016603E+000, 1.0603099554151326E+001
-6.3337100000016600E+000,-6.3337100000016600E+000, 1.0603099439798942E+001
-6.3327100000016596E+000,-6.3327100000016596E+000, 1.0603099325457368E+001
-6.3317100000016593E+000,-6.3317100000016593E+000, 1.0603099211094863E+001
-6.3307100000016590E+000,-6.3307100000016590E+000, 1.0603099096731968E+001
-6.3297100000016586E+000,-6.3297100000016586E+000, 1.0603098982386875E+001
-6.3287100000016583E+000,-6.3287100000016583E+000, 1.0603098868041741E+001
-6.3277100000016580E+000,-6.3277100000016580E+000, 1.0603098753678690E+001
-6.3267100000016576E+000,-6.3267100000016576E+000, 1.0603098639317340E+001
-6.3257100000016573E+000,-6.3257100000016573E+000, 1.0603098524955341E+001
-6.3247100000016570E+000,-6.3247100000016570E+000, 1.0603098410607792E+001
-6.3237100000016566E+000,-6.3237100000016566E+000, 1.0603098296258029E+001
-6.3227100000016563E+000,-6.3227100000016563E+000, 1.0603098181898698E+001
-6.3217100000016559E+000,-6.3217100000016559E+000, 1.0603098067532976E+001
-6.3207100000016556E+000,-6.3207100000016556E+000, 1.0603097953177070E+001
-6.3197100000016553E+000,-6.3197100000016553E+000, 1.0603097838826223E+001
-6.3187100000016549E+000,-6.3187100000016549E+000, 1.0603097724455667E+001
-6.3177100000016546E+000,-6.3177100000016546E+000, 1.0603097610098494E+001
-6.3167100000016543E+000,-6.3167100000016543E+000, 1.0603097495737101E+001
-6.3157100000016539E+000,-6.3157100000016539E+000, 1.0603097381379850E+001
-6.3147100000016536E+000,-6.3147100000016536E+000, 1.0603097267023445E+001
-6.3137100000016533E+000,-6.3137100000016533E+000, 1.0603097152646773E+001
-6.3127100000016529E+000,-6.3127100000016529E+000, 1.0603097038284877E+001
-6.3117100000016526E+000,-6.3117100000016526E+000, 1.0603096923925193E+001
-6.3107100000016523E+000,-6.3107100000016523E+000, 1.0603096809575650E+001
-6.3097100000016519E+000,-6.3097100000016519E+000, 1.0603096695198428E+001
-6.3087100000016516E+000,-6.3087100000016516E+000, 1.0603096580821932E+001
-6.3077100000016513E+000,-6.3077100000016513E+000, 1.0603096466466299E+001
-6.3067100000016509E+000,-6.3067100000016509E+000, 1.0603096352103323E+001
-6.3057100000016506E+000,-6.3057100000016506E+000, 1.0603096237739374E+001
-6.3047100000016503E+000,-6.3047100000016503E+000, 1.0603096123362526E+001
-6.3037100000016499E+000,-6.3037100000016499E+000, 1.0603096009009471E+001
-6.3027100000016496E+000,-6.3027100000016496E+000, 1.0603095894635983E+001
-6.3017100000016493E+000,-6.3017100000016493E+000, 1.0603095780273245E+001
-6.3007100000016489E+000,-6.3007100000016489E+000, 1.0603095665906771E+001
-6.2997100000016486E+000,-6.2997100000016486E+000, 1.0603095551539484E+001
-6.2987100000016483E+000,-6.2987100000016483E+000, 1.0603095437158302E+001
-6.2977100000016479E+000,-6.2977100000016479E+000, 1.0603095322793507E+001
-6.2967100000016476E+000,-6.2967100000016476E+000, 1.0603095208414386E+001
-6.2957100000016473E+000,-6.2957100000016473E+000, 1.0603095094038430E+001
-6.2947100000016469E+000,-6.2947100000016469E+000, 1.0603094979672727E+001
-6.2937100000016466E+000,-6.2937100000016466E+000, 1.0603094865307648E+001
-6.2927100000016463E+000,-6.2927100000016463E+000, 1.0603094750927070E+001
-6.2917100000016459E+000,-6.2917100000016459E+000, 1.0603094636563068E+001
-6.2907100000016456E+000,-6.2907100000016456E+000, 1.0603094522187540E+001
-6.2897100000016453E+000,-6.2897100000016453E+000, 1.0603094407818308E+001
-6.2887100000016449E+000,-6.2887100000016449E+000, 1.0603094293437788E+001
-6.2877100000016446E+000,-6.2877100000016446E+000, 1.0603094179065971E+001
-6.2867100000016443E+000,-6.2867100000016443E+000, 1.0603094064679579E+001
-6.2857100000016439E+000,-6.2857100000016439E+000, 1.0603093950301741E+001
-6.2847100000016436E+000,-6.2847100000016436E+000, 1.0603093835927890E+001
-6.2837100000016433E+000,-6.2837100000016433E+000, 1.0603093721553504E+001
-6.2827100000016429E+000,-6.2827100000016429E+000, 1.0603093607179385E+001
-6.2817100000016426E+000,-6.2817100000016426E+000, 1.0603093492800186E+001
-6.2807100000016423E+000,-6.2807100000016423E+000, 1.0603093378418086E+001
-6.2797100000016419E+000,-6.2797100000016419E+000, 1.0603093264034191E+001
-6.2787100000016416E+000,-6.2787100000016416E+000, 1.0603093149672103E+001
-6.2777100000016413E+000,-6.2777100000016413E+000, 1.0603093035278707E+001
-6.2767100000016409E+000,-6.2767100000016409E+000, 1.0603092920899710E+001
-6.2757100000016406E+000,-6.2757100000016406E+000, 1.0603092806531297E+001
-6.2747100000016403E+000,-6.2747100000016403E+000, 1.0603092692134574E+001
-6.2737100000016399E+000,-6.2737100000016399E+000, 1.0603092577762132E+001
-6.2727100000016396E+000,-6.2727100000016396E+000, 1.0603092463370276E+001
-6.2717100000016393E+000,-6.2717100000016393E+000, 1.0603092348986792E+001
-6.2707100000016389E+000,-6.2707100000016389E+000, 1.0603092234612712E+001
-6.2697100000016386E+000,-6.2697100000016386E+000, 1.0603092120222069E+001
-6.2687100000016382E+000,-6.2687100000016382E+000, 1.0603092005834139E+001
-6.2677100000016379E+000,-6.2677100000016379E+000, 1.0603091891446997E+001
-6.2667100000016376E+000,-6.2667100000016376E+000, 1.0603091777068945E+001
-6.2657100000016372E+000,-6.2657100000016372E+000, 1.0603091662680741E+001
-6.2647100000016369E+000,-6.2647100000016369E+000, 1.0603091548297872E+001
-6.2637100000016366E+000,-6.2637100000016366E+000, 1.0603091433901303E+001
-6.2627100000016362E+000,-6.2627100000016362E+000, 1.0603091319522138E+001
-6.2617100000016359E+000,-6.2617100000016359E+000, 1.0603091205123679E+001
-6.2607100000016356E+000,-6.2607100000016356E+000, 1.0603091090737637E+001
-6.2597100000016352E+000,-6.2597100000016352E+000, 1.0603090976344927E+001
-6.2587100000016349E+000,-6.2587100000016349E+000, 1.0603090861963086E+001
-6.2577100000016346E+000,-6.2577100000016346E+000, 1.0603090747571136E+001
-6.2567100000016342E+000,-6.2567100000016342E+000, 1.0603090633175107E+001
-6.2557100000016339E+000,-6.2557100000016339E+000, 1.0603090518798828E+001
-6.2547100000016336E+000,-6.2547100000016336E+000, 1.0603090404388743E+001
-6.2537100000016332E+000,-6.2537100000016332E+000, 1.0603090290008172E+001
-6.2527100000016329E+000,-6.2527100000016329E+000, 1.0603090175615105E+001
-6.2517100000016326E+000,-6.2517100000016326E+000, 1.0603090061221909E+001
-6.2507100000016322E+000,-6.2507100000016322E+000, 1.0603089946828046E+001
-6.2497100000016319E+000,-6.2497100000016319E+000, 1.0603089832424647E+001
-6.2487100000016316E+000,-6.2487100000016316E+000, 1.0603089718027000E+001
-6.2477100000016312E+000,-6.2477100000016312E+000, 1.0603089603647012E+001
-6.2467100000016309E+000,-6.2467100000016309E+000, 1.0603089489245365E+001
-6.2457100000016306E+000,-6.2457100000016306E+000, 1.0603089374843258E+001
-6.2447100000016302E+000,-6.2447100000016302E+000, 1.0603089260454631E+001
-6.2437100000016299E+000,-6.2437100000016299E+000, 1.0603089146052973E+001
-6.2427100000016296E+000,-6.2427100000016296E+000, 1.0603089031661574E+001
-6.2417100000016292E+000,-6.2417100000016292E+000, 1.0603088917275574E+001
-6.2407100000016289E+000,-6.2407100000016289E+000, 1.0603088802853327E+001
-6.2397100000016286E+000,-6.2397100000016286E+000, 1.0603088688449679E+001
-6.2387100000016282E+000,-6.2387100000016282E+000, 1.0603088574063207E+001
-6.2377100000016279E+000,-6.2377100000016279E+000, 1.0603088459662775E+001
-6.2367100000016276E+000,-6.2367100000016276E+000, 1.0603088345249992E+001
-6.2357100000016272E+000,-6.2357100000016272E+000, 1.0603088230845872E+001
-6.2347100000016269E+000,-6.2347100000016269E+000, 1.0603088116455520E+001
-6.2337100000016266E+000,-6.2337100000016266E+000, 1.0603088002052145E+001
-6.2327100000016262E+000,-6.2327100000016262E+000, 1.0603087887644241E+001
-6.2317100000016259E+000,-6.2317100000016259E+000, 1.0603087773242882E+001
-6.2307100000016256E+000,-6.2307100000016256E+000, 1.0603087658841414E+001
-6.2297100000016252E+000,-6.2297100000016252E+000, 1.0603087544427055E+001
-6.2287100000016249E+000,-6.2287100000016249E+000, 1.0603087430027747E+001
-6.2277100000016246E+000,-6.2277100000016246E+000, 1.0603087315627258E+001
-6.2267100000016242E+000,-6.2267100000016242E+000, 1.0603087201214215E+001
-6.2257100000016239E+000,-6.2257100000016239E+000, 1.0603087086807459E+001
-6.2247100000016236E+000,-6.2247100000016236E+000, 1.0603086972413355E+001
-6.2237100000016232E+000,-6.2237100000016232E+000, 1.0603086858003833E+001
-6.2227100000016229E+000,-6.2227100000016229E+000, 1.0603086743590685E+001
-6.2217100000016226E+000,-6.2217100000016226E+000, 1.0603086629180101E+001
-6.2207100000016222E+000,-6.2207100000016222E+000, 1.0603086514772285E+001
-6.2197100000016219E+000,-6.2197100000016219E+000, 1.0603086400369254E+001
-6.2187100000016216E+000,-6.2187100000016216E+000, 1.0603086285954493E+001
-6.2177100000016212E+000,-6.2177100000016212E+000, 1.0603086171540028E+001
-6.2167100000016209E+000,-6.2167100000016209E+000, 1.0603086057139052E+001
-6.2157100000016205E+000,-6.2157100000016205E+000, 1.0603085942719265E+001
-6.2147100000016202E+000,-6.2147100000016202E+000, 1.0603085828309908E+001
-6.2137100000016199E+000,-6.2137100000016199E+000, 1.0603085713894227E+001
-6.2127100000016195E+000,-6.2127100000016195E+000, 1.0603085599484579E+001
-6.2117100000016192E+000,-6.2117100000016192E+000, 1.0603085485070467E+001
-6.2107100000016189E+000,-6.2107100000016189E+000, 1.0603085370653110E+001
-6.2097100000016185E+000,-6.2097100000016185E+000, 1.0603085256237325E+001
-6.2087100000016182E+000,-6.2087100000016182E+000, 1.0603085141828277E+001
-6.2077100000016179E+000,-6.2077100000016179E+000, 1.0603085027400567E+001
-6.2067100000016175E+000,-6.2067100000016175E+000, 1.0603084912998504E+001
-6.2057100000016172E+000,-6.2057100000016172E+000, 1.0603084798569638E+001
-6.2047100000016169E+000,-6.2047100000016169E+000, 1.0603084684163699E+001
-6.2037100000016165E+000,-6.2037100000016165E+000, 1.0603084569739718E+001
-6.2027100000016162E+000,-6.2027100000016162E+000, 1.0603084455338333E+001
-6.2017100000016159E+000,-6.2017100000016159E+000, 1.0603084340903269E+001
-6.2007100000016155E+000,-6.2007100000016155E+000, 1.0603084226482535E+001
-6.1997100000016152E+000,-6.1997100000016152E+000, 1.0603084112055203E+001
-6.1987100000016149E+000,-6.1987100000016149E+000, 1.0603083997631325E+001
-6.1977100000016145E+000,-6.1977100000016145E+000, 1.0603083883232832E+001
-6.1967100000016142E+000,-6.1967100000016142E+000, 1.0603083768804145E+001
-6.1957100000016139E+000,-6.1957100000016139E+000, 1.0603083654374730E+001
-6.1947100000016135E+000,-6.1947100000016135E+000, 1.0603083539967539E+001
-6.1937100000016132E+000,-6.1937100000016132E+000, 1.0603083425532056E+001
-6.1927100000016129E+000,-6.1927100000016129E+000, 1.0603083311112453E+001
-6.1917100000016125E+000,-6.1917100000016125E+000, 1.0603083196690307E+001
-6.1907100000016122E+000,-6.1907100000016122E+000, 1.0603083082251203E+001
-6.1897100000016119E+000,-6.1897100000016119E+000, 1.0603082967845550E+001
-6.1887100000016115E+000,-6.1887100000016115E+000, 1.0603082853405585E+001
-6.1877100000016112E+000,-6.1877100000016112E+000, 1.0603082738980927E+001
-6.1867100000016109E+000,-6.1867100000016109E+000, 1.0603082624557487E+001
-6.1857100000016105E+000,-6.1857100000016105E+000, 1.0603082510140750E+001
-6.1847100000016102E+000,-6.1847100000016102E+000, 1.0603082395712784E+001
-6.1837100000016099E+000,-6.1837100000016099E+000, 1.0603082281288124E+001
-6.1827100000016095E+000,-6.1827100000016095E+000, 1.0603082166847692E+001
-6.1817100000016092E+000,-6.1817100000016092E+000, 1.0603082052412383E+001
-6.1807100000016089E+000,-6.1807100000016089E+000, 1.0603081937995146E+001
-6.1797100000016085E+000,-6.1797100000016085E+000, 1.0603081823563643E+001
-6.1787100000016082E+000,-6.1787100000016082E+000, 1.0603081709135299E+001
-6.1777100000016079E+000,-6.1777100000016079E+000, 1.0603081594704024E+001
-6.1767100000016075E+000,-6.1767100000016075E+000, 1.0603081480272310E+001
-6.1757100000016072E+000,-6.1757100000016072E+000, 1.0603081365846281E+001
-6.1747100000016069E+000,-6.1747100000016069E+000, 1.0603081251415334E+001
-6.1737100000016065E+000,-6.1737100000016065E+000, 1.0603081136980139E+001
-6.1727100000016062E+000,-6.1727100000016062E+000, 1.0603081022543060E+001
-6.1717100000016059E+000,-6.1717100000016059E+000, 1.0603080908098843E+001
-6.1707100000016055E+000,-6.1707100000016055E+000, 1.0603080793674266E+001
-6.1697100000016052E+000,-6.1697100000016052E+000, 1.0603080679230061E+001
-6.1687100000016049E+000,-6.1687100000016049E+000, 1.0603080564808451E+001
-6.1677100000016045E+000,-6.1677100000016045E+000, 1.0603080450368342E+001
-6.1667100000016042E+000,-6.1667100000016042E+000, 1.0603080335928892E+001
-6.1657100000016039E+000,-6.1657100000016039E+000, 1.0603080221498937E+001
-6.1647100000016035E+000,-6.1647100000016035E+000, 1.0603080107056432E+001
-6.1637100000016032E+000,-6.1637100000016032E+000, 1.0603079992619577E+001
-6.1627100000016029E+000,-6.1627100000016029E+000, 1.0603079878180818E+001
-6.1617100000016025E+000,-6.1617100000016025E+000, 1.0603079763739277E+001
-6.1607100000016022E+000,-6.1607100000016022E+000, 1.0603079649293557E+001
-6.1597100000016018E+000,-6.1597100000016018E+000, 1.0603079534856759E+001
-6.1587100000016015E+000,-6.1587100000016015E+000, 1.0603079420419590E+001
-6.1577100000016012E+000,-6.1577100000016012E+000, 1.0603079305979696E+001
-6.1567100000016008E+000,-6.1567100000016008E+000, 1.0603079191540996E+001
-6.1557100000016005E+000,-6.1557100000016005E+000, 1.0603079077096240E+001
-6.1547100000016002E+000,-6.1547100000016002E+000, 1.0603078962660364E+001
-6.1537100000015998E+000,-6.1537100000015998E+000, 1.0603078848211300E+001
-6.1527100000015995E+000,-6.1527100000015995E+000, 1.0603078733768470E+001
-6.1517100000015992E+000,-6.1517100000015992E+000, 1.0603078619323753E+001
-6.1507100000015988E+000,-6.1507100000015988E+000, 1.0603078504883069E+001
-6.1497100000015985E+000,-6.1497100000015985E+000, 1.0603078390423196E+001
-6.1487100000015982E+000,-6.1487100000015982E+000, 1.0603078275993381E+001
-6.1477100000015978E+000,-6.1477100000015978E+000, 1.0603078161546723E+001
-6.1467100000015975E+000,-6.1467100000015975E+000, 1.0603078047097735E+001
-6.1457100000015972E+000,-6.1457100000015972E+000, 1.0603077932647588E+001
-6.1447100000015968E+000,-6.1447100000015968E+000, 1.0603077818194702E+001
-6.1437100000015965E+000,-6.1437100000015965E+000, 1.0603077703748772E+001
-6.1427100000015962E+000,-6.1427100000015962E+000, 1.0603077589298032E+001
-6.1417100000015958E+000,-6.1417100000015958E+000, 1.0603077474857178E+001
-6.1407100000015955E+000,-6.1407100000015955E+000, 1.0603077360410570E+001
-6.1397100000015952E+000,-6.1397100000015952E+000, 1.0603077245963050E+001
-6.1387100000015948E+000,-6.1387100000015948E+000, 1.0603077131508055E+001
-6.1377100000015945E+000,-6.1377100000015945E+000, 1.0603077017053444E+001
-6.1367100000015942E+000,-6.1367100000015942E+000, 1.0603076902603560E+001
-6.1357100000015938E+000,-6.1357100000015938E+000, 1.0603076788152119E+001
-6.1347100000015935E+000,-6.1347100000015935E+000, 1.0603076673695513E+001
-6.1337100000015932E+000,-6.1337100000015932E+000, 1.0603076559236644E+001
-6.1327100000015928E+000,-6.1327100000015928E+000, 1.0603076444782797E+001
-6.1317100000015925E+000,-6.1317100000015925E+000, 1.0603076330344607E+001
-6.1307100000015922E+000,-6.1307100000015922E+000, 1.0603076215890042E+001
-6.1297100000015918E+000,-6.1297100000015918E+000, 1.0603076101424444E+001
-6.1287100000015915E+000,-6.1287100000015915E+000, 1.0603075986971543E+001
-6.1277100000015912E+000,-6.1277100000015912E+000, 1.0603075872507960E+001
-6.1267100000015908E+000,-6.1267100000015908E+000, 1.0603075758062506E+001
-6.1257100000015905E+000,-6.1257100000015905E+000, 1.0603075643603185E+001
-6.1247100000015902E+000,-6.1247100000015902E+000, 1.0603075529145674E+001
-6.1237100000015898E+000,-6.1237100000015898E+000, 1.0603075414696333E+001
-6.1227100000015895E+000,-6.1227100000015895E+000, 1.0603075300226957E+001
-6.1217100000015892E+000,-6.1217100000015892E+000, 1.0603075185767002E+001
-6.1207100000015888E+000,-6.1207100000015888E+000, 1.0603075071316441E+001
-6.1197100000015885E+000,-6.1197100000015885E+000, 1.0603074956847331E+001
-6.1187100000015882E+000,-6.1187100000015882E+000, 1.0603074842395049E+001
-6.1177100000015878E+000,-6.1177100000015878E+000, 1.0603074727925446E+001
-6.1167100000015875E+000,-6.1167100000015875E+000, 1.0603074613459942E+001
-6.1157100000015872E+000,-6.1157100000015872E+000, 1.0603074498985091E+001
-6.1147100000015868E+000,-6.1147100000015868E+000, 1.0603074384550386E+001
-6.1137100000015865E+000,-6.1137100000015865E+000, 1.0603074270075579E+001
-6.1127100000015862E+000,-6.1127100000015862E+000, 1.0603074155612468E+001
-6.1117100000015858E+000,-6.1117100000015858E+000, 1.0603074041143294E+001
-6.1107100000015855E+000,-6.1107100000015855E+000, 1.0603073926673579E+001
-6.1097100000015852E+000,-6.1097100000015852E+000, 1.0603073812218334E+001
-6.1087100000015848E+000,-6.1087100000015848E+000, 1.0603073697756495E+001
-6.1077100000015845E+000,-6.1077100000015845E+000, 1.0603073583288310E+001
-6.1067100000015841E+000,-6.1067100000015841E+000, 1.0603073468818817E+001
-6.1057100000015838E+000,-6.1057100000015838E+000, 1.0603073354352961E+001
-6.1047100000015835E+000,-6.1047100000015835E+000, 1.0603073239883551E+001
-6.1037100000015831E+000,-6.1037100000015831E+000, 1.0603073125422096E+001
-6.1027100000015828E+000,-6.1027100000015828E+000, 1.0603073010942627E+001
-6.1017100000015825E+000,-6.1017100000015825E+000, 1.0603072896475998E+001
-6.1007100000015821E+000,-6.1007100000015821E+000, 1.0603072782002334E+001
-6.0997100000015818E+000,-6.0997100000015818E+000, 1.0603072667533519E+001
-6.0987100000015815E+000,-6.0987100000015815E+000, 1.0603072553074963E+001
-6.0977100000015811E+000,-6.0977100000015811E+000, 1.0603072438600849E+001
-6.0967100000015808E+000,-6.0967100000015808E+000, 1.0603072324130892E+001
-6.0957100000015805E+000,-6.0957100000015805E+000, 1.0603072209660393E+001
-6.0947100000015801E+000,-6.0947100000015801E+000, 1.0603072095180353E+001
-6.0937100000015798E+000,-6.0937100000015798E+000, 1.0603071980705717E+001
-6.0927100000015795E+000,-6.0927100000015795E+000, 1.0603071866226516E+001
-6.0917100000015791E+000,-6.0917100000015791E+000, 1.0603071751768059E+001
-6.0907100000015788E+000,-6.0907100000015788E+000, 1.0603071637294418E+001
-6.0897100000015785E+000,-6.0897100000015785E+000, 1.0603071522805381E+001
-6.0887100000015781E+000,-6.0887100000015781E+000, 1.0603071408334646E+001
-6.0877100000015778E+000,-6.0877100000015778E+000, 1.0603071293858477E+001
-6.0867100000015775E+000,-6.0867100000015775E+000, 1.0603071179378428E+001
-6.0857100000015771E+000,-6.0857100000015771E+000, 1.0603071064911301E+001
-6.0847100000015768E+000,-6.0847100000015768E+000, 1.0603070950433148E+001
-6.0837100000015765E+000,-6.0837100000015765E+000, 1.0603070835939679E+001
-6.0827100000015761E+000,-6.0827100000015761E+000, 1.0603070721471019E+001
-6.0817100000015758E+000,-6.0817100000015758E+000, 1.0603070606982277E+001
-6.0807100000015755E+000,-6.0807100000015755E+000, 1.0603070492500564E+001
-6.0797100000015751E+000,-6.0797100000015751E+000, 1.0603070378028171E+001
-6.0787100000015748E+000,-6.0787100000015748E+000, 1.0603070263542175E+001
-6.0777100000015745E+000,-6.0777100000015745E+000, 1.0603070149058450E+001
-6.0767100000015741E+000,-6.0767100000015741E+000, 1.0603070034582871E+001
-6.0757100000015738E+000,-6.0757100000015738E+000, 1.0603069920097070E+001
-6.0747100000015735E+000,-6.0747100000015735E+000, 1.0603069805627426E+001
-6.0737100000015731E+000,-6.0737100000015731E+000, 1.0603069691138394E+001
-6.0727100000015728E+000,-6.0727100000015728E+000, 1.0603069576647634E+001
-6.0717100000015725E+000,-6.0717100000015725E+000, 1.0603069462154084E+001
-6.0707100000015721E+000,-6.0707100000015721E+000, 1.0603069347685731E+001
-6.0697100000015718E+000,-6.0697100000015718E+000, 1.0603069233194965E+001
-6.0687100000015715E+000,-6.0687100000015715E+000, 1.0603069118718897E+001
-6.0677100000015711E+000,-6.0677100000015711E+000, 1.0603069004227443E+001
-6.0667100000015708E+000,-6.0667100000015708E+000, 1.0603068889725980E+001
-6.0657100000015705E+000,-6.0657100000015705E+000, 1.0603068775253815E+001
-6.0647100000015701E+000,-6.0647100000015701E+000, 1.0603068660763793E+001
-6.0637100000015698E+000,-6.0637100000015698E+000, 1.0603068546273425E+001
-6.0627100000015695E+000,-6.0627100000015695E+000, 1.0603068431784356E+001
-6.0617100000015691E+000,-6.0617100000015691E+000, 1.0603068317295625E+001
-6.0607100000015688E+000,-6.0607100000015688E+000, 1.0603068202803209E+001
-6.0597100000015685E+000,-6.0597100000015685E+000, 1.0603068088304546E+001
-6.0587100000015681E+000,-6.0587100000015681E+000, 1.0603067973837369E+001
-6.0577100000015678E+000,-6.0577100000015678E+000, 1.0603067859343568E+001
-6.0567100000015675E+000,-6.0567100000015675E+000, 1.0603067744838340E+001
-6.0557100000015671E+000,-6.0557100000015671E+000, 1.0603067630339435E+001
-6.0547100000015668E+000,-6.0547100000015668E+000, 1.0603067515862037E+001
-6.0537100000015664E+000,-6.0537100000015664E+000, 1.0603067401366054E+001
-6.0527100000015661E+000,-6.0527100000015661E+000, 1.0603067286873140E+001
-6.0517100000015658E+000,-6.0517100000015658E+000, 1.0603067172372224E+001
-6.0507100000015654E+000,-6.0507100000015654E+000, 1.0603067057874323E+001
-6.0497100000015651E+000,-6.0497100000015651E+000, 1.0603066943375834E+001
-6.0487100000015648E+000,-6.0487100000015648E+000, 1.0603066828874637E+001
-6.0477100000015644E+000,-6.0477100000015644E+000, 1.0603066714388795E+001
-6.0467100000015641E+000,-6.0467100000015641E+000, 1.0603066599899785E+001
-6.0457100000015638E+000,-6.0457100000015638E+000, 1.0603066485391384E+001
-6.0447100000015634E+000,-6.0447100000015634E+000, 1.0603066370885616E+001
-6.0437100000015631E+000,-6.0437100000015631E+000, 1.0603066256383997E+001
-6.0427100000015628E+000,-6.0427100000015628E+000, 1.0603066141894658E+001
-6.0417100000015624E+000,-6.0417100000015624E+000, 1.0603066027403006E+001
-6.0407100000015621E+000,-6.0407100000015621E+000, 1.0603065912901782E+001
-6.0397100000015618E+000,-6.0397100000015618E+000, 1.0603065798394120E+001
-6.0387100000015614E+000,-6.0387100000015614E+000, 1.0603065683891934E+001
-6.0377100000015611E+000,-6.0377100000015611E+000, 1.0603065569391623E+001
-6.0367100000015608E+000,-6.0367100000015608E+000, 1.0603065454892679E+001
-6.0357100000015604E+000,-6.0357100000015604E+000, 1.0603065340392080E+001
-6.0347100000015601E+000,-6.0347100000015601E+000, 1.0603065225887317E+001
-6.0337100000015598E+000,-6.0337100000015598E+000, 1.0603065111375319E+001
-6.0327100000015594E+000,-6.0327100000015594E+000, 1.0603064996882953E+001
-6.0317100000015591E+000,-6.0317100000015591E+000, 1.0603064882368942E+001
-6.0307100000015588E+000,-6.0307100000015588E+000, 1.0603064767868705E+001
-6.0297100000015584E+000,-6.0297100000015584E+000, 1.0603064653373595E+001
-6.0287100000015581E+000,-6.0287100000015581E+000, 1.0603064538868196E+001
-6.0277100000015578E+000,-6.0277100000015578E+000, 1.0603064424351945E+001
-6.0267100000015574E+000,-6.0267100000015574E+000, 1.0603064309829222E+001
-6.0257100000015571E+000,-6.0257100000015571E+000, 1.0603064195331534E+001
-6.0247100000015568E+000,-6.0247100000015568E+000, 1.0603064080826634E+001
-6.0237100000015564E+000,-6.0237100000015564E+000, 1.0603063966313965E+001
-6.0227100000015561E+000,-6.0227100000015561E+000, 1.0603063851800325E+001
-6.0217100000015558E+000,-6.0217100000015558E+000, 1.0603063737302534E+001
-6.0207100000015554E+000,-6.0207100000015554E+000, 1.0603063622791378E+001
-6.0197100000015551E+000,-6.0197100000015551E+000, 1.0603063508284494E+001
-6.0187100000015548E+000,-6.0187100000015548E+000, 1.0603063393765231E+001
-6.0177100000015544E+000,-6.0177100000015544E+000, 1.0603063279257654E+001
-6.0167100000015541E+000,-6.0167100000015541E+000, 1.0603063164736932E+001
-6.0157100000015538E+000,-6.0157100000015538E+000, 1.0603063050226886E+001
-6.0147100000015534E+000,-6.0147100000015534E+000, 1.0603062935725291E+001
-6.0137100000015531E+000,-6.0137100000015531E+000, 1.0603062821207082E+001
-6.0127100000015528E+000,-6.0127100000015528E+000, 1.0603062706695994E+001
-6.0117100000015524E+000,-6.0117100000015524E+000, 1.0603062592169659E+001
-6.0107100000015521E+000,-6.0107100000015521E+000, 1.0603062477651486E+001
-6.0097100000015518E+000,-6.0097100000015518E+000, 1.0603062363133896E+001
-6.0087100000015514E+000,-6.0087100000015514E+000, 1.0603062248636588E+001
-6.0077100000015511E+000,-6.0077100000015511E+000, 1.0603062134116309E+001
-6.0067100000015508E+000,-6.0067100000015508E+000, 1.0603062019593523E+001
-6.0057100000015504E+000,-6.0057100000015504E+000, 1.0603061905074334E+001
-6.0047100000015501E+000,-6.0047100000015501E+000, 1.0603061790552196E+001
-6.0037100000015498E+000,-6.0037100000015498E+000, 1.0603061676042421E+001
-6.0027100000015494E+000,-6.0027100000015494E+000, 1.0603061561524983E+001
-6.0017100000015491E+000,-6.0017100000015491E+000, 1.0603061447006166E+001
-6.0007100000015487E+000,-6.0007100000015487E+000, 1.0603061332473793E+001
-5.9997100000015484E+000,-5.9997100000015484E+000, 1.0603061217943274E+001
-5.9987100000015481E+000,-5.9987100000015481E+000, 1.0603061103431081E+001
-5.9977100000015477E+000,-5.9977100000015477E+000, 1.0603060988913018E+001
-5.9967100000015474E+000,-5.9967100000015474E+000, 1.0603060874394084E+001
-5.9957100000015471E+000,-5.9957100000015471E+000, 1.0603060759869972E+001
-5.9947100000015467E+000,-5.9947100000015467E+000, 1.0603060645341991E+001
-5.9937100000015464E+000,-5.9937100000015464E+000, 1.0603060530815169E+001
-5.9927100000015461E+000,-5.9927100000015461E+000, 1.0603060416298494E+001
-5.9917100000015457E+000,-5.9917100000015457E+000, 1.0603060301768638E+001
-5.9907100000015454E+000,-5.9907100000015454E+000, 1.0603060187239645E+001
-5.9897100000015451E+000,-5.9897100000015451E+000, 1.0603060072720773E+001
-5.9887100000015447E+000,-5.9887100000015447E+000, 1.0603059958201539E+001
-5.9877100000015444E+000,-5.9877100000015444E+000, 1.0603059843663374E+001
-5.9867100000015441E+000,-5.9867100000015441E+000, 1.0603059729141089E+001
-5.9857100000015437E+000,-5.9857100000015437E+000, 1.0603059614611237E+001
-5.9847100000015434E+000,-5.9847100000015434E+000, 1.0603059500083384E+001
-5.9837100000015431E+000,-5.9837100000015431E+000, 1.0603059385548530E+001
-5.9827100000015427E+000,-5.9827100000015427E+000, 1.0603059271015727E+001
-5.9817100000015424E+000,-5.9817100000015424E+000, 1.0603059156491444E+001
-5.9807100000015421E+000,-5.9807100000015421E+000, 1.0603059041969793E+001
-5.9797100000015417E+000,-5.9797100000015417E+000, 1.0603058927434303E+001
-5.9787100000015414E+000,-5.9787100000015414E+000, 1.0603058812895663E+001
-5.9777100000015411E+000,-5.9777100000015411E+000, 1.0603058698361588E+001
-5.9767100000015407E+000,-5.9767100000015407E+000, 1.0603058583831368E+001
-5.9757100000015404E+000,-5.9757100000015404E+000, 1.0603058469304997E+001
-5.9747100000015401E+000,-5.9747100000015401E+000, 1.0603058354768223E+001
-5.9737100000015397E+000,-5.9737100000015397E+000, 1.0603058240238788E+001
-5.9727100000015394E+000,-5.9727100000015394E+000, 1.0603058125704898E+001
-5.9717100000015391E+000,-5.9717100000015391E+000, 1.0603058011161387E+001
-5.9707100000015387E+000,-5.9707100000015387E+000, 1.0603057896635413E+001
-5.9697100000015384E+000,-5.9697100000015384E+000, 1.0603057782097123E+001
-5.9687100000015381E+000,-5.9687100000015381E+000, 1.0603057667551292E+001
-5.9677100000015377E+000,-5.9677100000015377E+000, 1.0603057553008938E+001
-5.9667100000015374E+000,-5.9667100000015374E+000, 1.0603057438482166E+001
-5.9657100000015371E+000,-5.9657100000015371E+000, 1.0603057323941044E+001
-5.9647100000015367E+000,-5.9647100000015367E+000, 1.0603057209399115E+001
-5.9637100000015364E+000,-5.9637100000015364E+000, 1.0603057094877672E+001
-5.9627100000015361E+000,-5.9627100000015361E+000, 1.0603056980317803E+001
-5.9617100000015357E+000,-5.9617100000015357E+000, 1.0603056865784517E+001
-5.9607100000015354E+000,-5.9607100000015354E+000, 1.0603056751244059E+001
-5.9597100000015351E+000,-5.9597100000015351E+000, 1.0603056636701597E+001
-5.9587100000015347E+000,-5.9587100000015347E+000, 1.0603056522167204E+001
-5.9577100000015344E+000,-5.9577100000015344E+000, 1.0603056407626966E+001
-5.9567100000015341E+000,-5.9567100000015341E+000, 1.0603056293071631E+001
-5.9557100000015337E+000,-5.9557100000015337E+000, 1.0603056178535667E+001
-5.9547100000015334E+000,-5.9547100000015334E+000, 1.0603056063990868E+001
-5.9537100000015331E+000,-5.9537100000015331E+000, 1.0603055949448441E+001
-5.9527100000015327E+000,-5.9527100000015327E+000, 1.0603055834905422E+001
-5.9517100000015324E+000,-5.9517100000015324E+000, 1.0603055720356267E+001
-5.9507100000015321E+000,-5.9507100000015321E+000, 1.0603055605812571E+001
-5.9497100000015317E+000,-5.9497100000015317E+000, 1.0603055491257582E+001
-5.9487100000015314E+000,-5.9487100000015314E+000, 1.0603055376726489E+001
-5.9477100000015310E+000,-5.9477100000015310E+000, 1.0603055262169514E+001
-5.9467100000015307E+000,-5.9467100000015307E+000, 1.0603055147607551E+001
-5.9457100000015304E+000,-5.9457100000015304E+000, 1.0603055033074089E+001
-5.9447100000015300E+000,-5.9447100000015300E+000, 1.0603054918534504E+001
-5.9437100000015297E+000,-5.9437100000015297E+000, 1.0603054803973034E+001
-5.9427100000015294E+000,-5.9427100000015294E+000, 1.0603054689424697E+001
-5.9417100000015290E+000,-5.9417100000015290E+000, 1.0603054574883480E+001
-5.9407100000015287E+000,-5.9407100000015287E+000, 1.0603054460316811E+001
-5.9397100000015284E+000,-5.9397100000015284E+000, 1.0603054345779984E+001
-5.9387100000015280E+000,-5.9387100000015280E+000, 1.0603054231221865E+001
-5.9377100000015277E+000,-5.9377100000015277E+000, 1.0603054116666693E+001
-5.9367100000015274E+000,-5.9367100000015274E+000, 1.0603054002121725E+001
-5.9357100000015270E+000,-5.9357100000015270E+000, 1.0603053887563233E+001
-5.9347100000015267E+000,-5.9347100000015267E+000, 1.0603053773000536E+001
-5.9337100000015264E+000,-5.9337100000015264E+000, 1.0603053658453192E+001
-5.9327100000015260E+000,-5.9327100000015260E+000, 1.0603053543896870E+001
-5.9317100000015257E+000,-5.9317100000015257E+000, 1.0603053429341932E+001
-5.9307100000015254E+000,-5.9307100000015254E+000, 1.0603053314792753E+001
-5.9297100000015250E+000,-5.9297100000015250E+000, 1.0603053200232264E+001
-5.9287100000015247E+000,-5.9287100000015247E+000, 1.0603053085676073E+001
-5.9277100000015244E+000,-5.9277100000015244E+000, 1.0603052971124718E+001
-5.9267100000015240E+000,-5.9267100000015240E+000, 1.0603052856557635E+001
-5.9257100000015237E+000,-5.9257100000015237E+000, 1.0603052742003500E+001
-5.9247100000015234E+000,-5.9247100000015234E+000, 1.0603052627435886E+001
-5.9237100000015230E+000,-5.9237100000015230E+000, 1.0603052512880332E+001
-5.9227100000015227E+000,-5.9227100000015227E+000, 1.0603052398331890E+001
-5.9217100000015224E+000,-5.9217100000015224E+000, 1.0603052283759354E+001
-5.9207100000015220E+000,-5.9207100000015220E+000, 1.0603052169197101E+001
-5.9197100000015217E+000,-5.9197100000015217E+000, 1.0603052054638901E+001
-5.9187100000015214E+000,-5.9187100000015214E+000, 1.0603051940076718E+001
-5.9177100000015210E+000,-5.9177100000015210E+000, 1.0603051825520517E+001
-5.9167100000015207E+000,-5.9167100000015207E+000, 1.0603051710957015E+001
-5.9157100000015204E+000,-5.9157100000015204E+000, 1.0603051596392536E+001
-5.9147100000015200E+000,-5.9147100000015200E+000, 1.0603051481825323E+001
-5.9137100000015197E+000,-5.9137100000015197E+000, 1.0603051367257324E+001
-5.9127100000015194E+000,-5.9127100000015194E+000, 1.0603051252689587E+001
-5.9117100000015190E+000,-5.9117100000015190E+000, 1.0603051138130937E+001
-5.9107100000015187E+000,-5.9107100000015187E+000, 1.0603051023561118E+001
-5.9097100000015184E+000,-5.9097100000015184E+000, 1.0603050908995602E+001
-5.9087100000015180E+000,-5.9087100000015180E+000, 1.0603050794424117E+001
-5.9077100000015177E+000,-5.9077100000015177E+000, 1.0603050679855746E+001
-5.9067100000015174E+000,-5.9067100000015174E+000, 1.0603050565291543E+001
-5.9057100000015170E+000,-5.9057100000015170E+000, 1.0603050450731196E+001
-5.9047100000015167E+000,-5.9047100000015167E+000, 1.0603050336165477E+001
-5.9037100000015164E+000,-5.9037100000015164E+000, 1.0603050221578640E+001
-5.9027100000015160E+000,-5.9027100000015160E+000, 1.0603050107008610E+001
-5.9017100000015157E+000,-5.9017100000015157E+000, 1.0603049992437425E+001
-5.9007100000015154E+000,-5.9007100000015154E+000, 1.0603049877886125E+001
-5.8997100000015150E+000,-5.8997100000015150E+000, 1.0603049763302396E+001
-5.8987100000015147E+000,-5.8987100000015147E+000, 1.0603049648724214E+001
-5.8977100000015144E+000,-5.8977100000015144E+000, 1.0603049534169553E+001
-5.8967100000015140E+000,-5.8967100000015140E+000, 1.0603049419581160E+001
-5.8957100000015137E+000,-5.8957100000015137E+000, 1.0603049305023740E+001
-5.8947100000015134E+000,-5.8947100000015134E+000, 1.0603049190436231E+001
-5.8937100000015130E+000,-5.8937100000015130E+000, 1.0603049075860820E+001
-5.8927100000015127E+000,-5.8927100000015127E+000, 1.0603048961298327E+001
-5.8917100000015123E+000,-5.8917100000015123E+000, 1.0603048846713961E+001
-5.8907100000015120E+000,-5.8907100000015120E+000, 1.0603048732131118E+001
-5.8897100000015117E+000,-5.8897100000015117E+000, 1.0603048617558837E+001
-5.8887100000015113E+000,-5.8887100000015113E+000, 1.0603048502988205E+001
-5.8877100000015110E+000,-5.8877100000015110E+000, 1.0603048388407140E+001
-5.8867100000015107E+000,-5.8867100000015107E+000, 1.0603048273823005E+001
-5.8857100000015103E+000,-5.8857100000015103E+000, 1.0603048159245439E+001
-5.8847100000015100E+000,-5.8847100000015100E+000, 1.0603048044667405E+001
-5.8837100000015097E+000,-5.8837100000015097E+000, 1.0603047930101862E+001
-5.8827100000015093E+000,-5.8827100000015093E+000, 1.0603047815507644E+001
-5.8817100000015090E+000,-5.8817100000015090E+000, 1.0603047700930292E+001
-5.8807100000015087E+000,-5.8807100000015087E+000, 1.0603047586337652E+001
-5.8797100000015083E+000,-5.8797100000015083E+000, 1.0603047471764384E+001
-5.8787100000015080E+000,-5.8787100000015080E+000, 1.0603047357186682E+001
-5.8777100000015077E+000,-5.8777100000015077E+000, 1.0603047242597288E+001
-5.8767100000015073E+000,-5.8767100000015073E+000, 1.0603047128013191E+001
-5.8757100000015070E+000,-5.8757100000015070E+000, 1.0603047013431004E+001
-5.8747100000015067E+000,-5.8747100000015067E+000, 1.0603046898851129E+001
-5.8737100000015063E+000,-5.8737100000015063E+000, 1.0603046784262258E+001
-5.8727100000015060E+000,-5.8727100000015060E+000, 1.0603046669678772E+001
-5.8717100000015057E+000,-5.8717100000015057E+000, 1.0603046555096773E+001
-5.8707100000015053E+000,-5.8707100000015053E+000, 1.0603046440502299E+001
-5.8697100000015050E+000,-5.8697100000015050E+000, 1.0603046325914502E+001
-5.8687100000015047E+000,-5.8687100000015047E+000, 1.0603046211329216E+001
-5.8677100000015043E+000,-5.8677100000015043E+000, 1.0603046096746729E+001
-5.8667100000015040E+000,-5.8667100000015040E+000, 1.0603045982153823E+001
-5.8657100000015037E+000,-5.8657100000015037E+000, 1.0603045867571645E+001
-5.8647100000015033E+000,-5.8647100000015033E+000, 1.0603045752977346E+001
-5.8637100000015030E+000,-5.8637100000015030E+000, 1.0603045638378511E+001
-5.8627100000015027E+000,-5.8627100000015027E+000, 1.0603045523802816E+001
-5.8617100000015023E+000,-5.8617100000015023E+000, 1.0603045409210020E+001
-5.8607100000015020E+000,-5.8607100000015020E+000, 1.0603045294623310E+001
-5.8597100000015017E+000,-5.8597100000015017E+000, 1.0603045180021921E+001
-5.8587100000015013E+000,-5.8587100000015013E+000, 1.0603045065417323E+001
-5.8577100000015010E+000,-5.8577100000015010E+000, 1.0603044950843309E+001
-5.8567100000015007E+000,-5.8567100000015007E+000, 1.0603044836252415E+001
-5.8557100000015003E+000,-5.8557100000015003E+000, 1.0603044721645073E+001
-5.8547100000015000E+000,-5.8547100000015000E+000, 1.0603044607061026E+001
-5.8537100000014997E+000,-5.8537100000014997E+000, 1.0603044492467696E+001
-5.8527100000014993E+000,-5.8527100000014993E+000, 1.0603044377870917E+001
-5.8517100000014990E+000,-5.8517100000014990E+000, 1.0603044263272345E+001
-5.8507100000014987E+000,-5.8507100000014987E+000, 1.0603044148677375E+001
-5.8497100000014983E+000,-5.8497100000014983E+000, 1.0603044034080849E+001
-5.8487100000014980E+000,-5.8487100000014980E+000, 1.0603043919485552E+001
-5.8477100000014977E+000,-5.8477100000014977E+000, 1.0603043804887584E+001
-5.8467100000014973E+000,-5.8467100000014973E+000, 1.0603043690274612E+001
-5.8457100000014970E+000,-5.8457100000014970E+000, 1.0603043575693871E+001
-5.8447100000014967E+000,-5.8447100000014967E+000, 1.0603043461097677E+001
-5.8437100000014963E+000,-5.8437100000014963E+000, 1.0603043346492461E+001
-5.8427100000014960E+000,-5.8427100000014960E+000, 1.0603043231888222E+001
-5.8417100000014957E+000,-5.8417100000014957E+000, 1.0603043117283335E+001
-5.8407100000014953E+000,-5.8407100000014953E+000, 1.0603043002680089E+001
-5.8397100000014950E+000,-5.8397100000014950E+000, 1.0603042888084994E+001
-5.8387100000014946E+000,-5.8387100000014946E+000, 1.0603042773482700E+001
-5.8377100000014943E+000,-5.8377100000014943E+000, 1.0603042658876424E+001
-5.8367100000014940E+000,-5.8367100000014940E+000, 1.0603042544262529E+001
-5.8357100000014936E+000,-5.8357100000014936E+000, 1.0603042429672660E+001
-5.8347100000014933E+000,-5.8347100000014933E+000, 1.0603042315068105E+001
-5.8337100000014930E+000,-5.8337100000014930E+000, 1.0603042200452151E+001
-5.8327100000014926E+000,-5.8327100000014926E+000, 1.0603042085852682E+001
-5.8317100000014923E+000,-5.8317100000014923E+000, 1.0603041971238875E+001
-5.8307100000014920E+000,-5.8307100000014920E+000, 1.0603041856630274E+001
-5.8297100000014916E+000,-5.8297100000014916E+000, 1.0603041742031955E+001
-5.8287100000014913E+000,-5.8287100000014913E+000, 1.0603041627417449E+001
-5.8277100000014910E+000,-5.8277100000014910E+000, 1.0603041512816521E+001
-5.8267100000014906E+000,-5.8267100000014906E+000, 1.0603041398199142E+001
-5.8257100000014903E+000,-5.8257100000014903E+000, 1.0603041283586887E+001
-5.8247100000014900E+000,-5.8247100000014900E+000, 1.0603041168972105E+001
-5.8237100000014896E+000,-5.8237100000014896E+000, 1.0603041054381517E+001
-5.8227100000014893E+000,-5.8227100000014893E+000, 1.0603040939770482E+001
-5.8217100000014890E+000,-5.8217100000014890E+000, 1.0603040825163424E+001
-5.8207100000014886E+000,-5.8207100000014886E+000, 1.0603040710541578E+001
-5.8197100000014883E+000,-5.8197100000014883E+000, 1.0603040595929325E+001
-5.8187100000014880E+000,-5.8187100000014880E+000, 1.0603040481325529E+001
-5.8177100000014876E+000,-5.8177100000014876E+000, 1.0603040366707102E+001
-5.8167100000014873E+000,-5.8167100000014873E+000, 1.0603040252089826E+001
-5.8157100000014870E+000,-5.8157100000014870E+000, 1.0603040137494535E+001
-5.8147100000014866E+000,-5.8147100000014866E+000, 1.0603040022859071E+001
-5.8137100000014863E+000,-5.8137100000014863E+000, 1.0603039908249903E+001
-5.8127100000014860E+000,-5.8127100000014860E+000, 1.0603039793627751E+001
-5.8117100000014856E+000,-5.8117100000014856E+000, 1.0603039679014250E+001
-5.8107100000014853E+000,-5.8107100000014853E+000, 1.0603039564404755E+001
-5.8097100000014850E+000,-5.8097100000014850E+000, 1.0603039449790268E+001
-5.8087100000014846E+000,-5.8087100000014846E+000, 1.0603039335161112E+001
-5.8077100000014843E+000,-5.8077100000014843E+000, 1.0603039220541117E+001
-5.8067100000014840E+000,-5.8067100000014840E+000, 1.0603039105921152E+001
-5.8057100000014836E+000,-5.8057100000014836E+000, 1.0603038991314312E+001
-5.8047100000014833E+000,-5.8047100000014833E+000, 1.0603038876705178E+001
-5.8037100000014830E+000,-5.8037100000014830E+000, 1.0603038762060452E+001
-5.8027100000014826E+000,-5.8027100000014826E+000, 1.0603038647444244E+001
-5.8017100000014823E+000,-5.8017100000014823E+000, 1.0603038532827274E+001
-5.8007100000014820E+000,-5.8007100000014820E+000, 1.0603038418215988E+001
-5.7997100000014816E+000,-5.7997100000014816E+000, 1.0603038303582574E+001
-5.7987100000014813E+000,-5.7987100000014813E+000, 1.0603038188959504E+001
-5.7977100000014810E+000,-5.7977100000014810E+000, 1.0603038074329671E+001
-5.7967100000014806E+000,-5.7967100000014806E+000, 1.0603037959713099E+001
-5.7957100000014803E+000,-5.7957100000014803E+000, 1.0603037845091873E+001
-5.7947100000014800E+000,-5.7947100000014800E+000, 1.0603037730466426E+001
-5.7937100000014796E+000,-5.7937100000014796E+000, 1.0603037615842496E+001
-5.7927100000014793E+000,-5.7927100000014793E+000, 1.0603037501209084E+001
-5.7917100000014790E+000,-5.7917100000014790E+000, 1.0603037386585475E+001
-5.7907100000014786E+000,-5.7907100000014786E+000, 1.0603037271945277E+001
-5.7897100000014783E+000,-5.7897100000014783E+000, 1.0603037157335226E+001
-5.7887100000014780E+000,-5.7887100000014780E+000, 1.0603037042712710E+001
-5.7877100000014776E+000,-5.7877100000014776E+000, 1.0603036928081226E+001
-5.7867100000014773E+000,-5.7867100000014773E+000, 1.0603036813431133E+001
-5.7857100000014769E+000,-5.7857100000014769E+000, 1.0603036698815924E+001
-5.7847100000014766E+000,-5.7847100000014766E+000, 1.0603036584186979E+001
-5.7837100000014763E+000,-5.7837100000014763E+000, 1.0603036469566673E+001
-5.7827100000014759E+000,-5.7827100000014759E+000, 1.0603036354933138E+001
-5.7817100000014756E+000,-5.7817100000014756E+000, 1.0603036240290258E+001
-5.7807100000014753E+000,-5.7807100000014753E+000, 1.0603036125658544E+001
-5.7797100000014749E+000,-5.7797100000014749E+000, 1.0603036011035332E+001
-5.7787100000014746E+000,-5.7787100000014746E+000, 1.0603035896399868E+001
-5.7777100000014743E+000,-5.7777100000014743E+000, 1.0603035781764282E+001
-5.7767100000014739E+000,-5.7767100000014739E+000, 1.0603035667135412E+001
-5.7757100000014736E+000,-5.7757100000014736E+000, 1.0603035552493232E+001
-5.7747100000014733E+000,-5.7747100000014733E+000, 1.0603035437856308E+001
-5.7737100000014729E+000,-5.7737100000014729E+000, 1.0603035323224251E+001
-5.7727100000014726E+000,-5.7727100000014726E+000, 1.0603035208589649E+001
-5.7717100000014723E+000,-5.7717100000014723E+000, 1.0603035093950872E+001
-5.7707100000014719E+000,-5.7707100000014719E+000, 1.0603034979318650E+001
-5.7697100000014716E+000,-5.7697100000014716E+000, 1.0603034864676523E+001
-5.7687100000014713E+000,-5.7687100000014713E+000, 1.0603034750030961E+001
-5.7677100000014709E+000,-5.7677100000014709E+000, 1.0603034635395787E+001
-5.7667100000014706E+000,-5.7667100000014706E+000, 1.0603034520764234E+001
-5.7657100000014703E+000,-5.7657100000014703E+000, 1.0603034406129112E+001
-5.7647100000014699E+000,-5.7647100000014699E+000, 1.0603034291471147E+001
-5.7637100000014696E+000,-5.7637100000014696E+000, 1.0603034176836708E+001
-5.7627100000014693E+000,-5.7627100000014693E+000, 1.0603034062195990E+001
-5.7617100000014689E+000,-5.7617100000014689E+000, 1.0603033947555721E+001
-5.7607100000014686E+000,-5.7607100000014686E+000, 1.0603033832915386E+001
-5.7597100000014683E+000,-5.7597100000014683E+000, 1.0603033718263504E+001
-5.7587100000014679E+000,-5.7587100000014679E+000, 1.0603033603624736E+001
-5.7577100000014676E+000,-5.7577100000014676E+000, 1.0603033488979300E+001
-5.7567100000014673E+000,-5.7567100000014673E+000, 1.0603033374349188E+001
-5.7557100000014669E+000,-5.7557100000014669E+000, 1.0603033259698238E+001
-5.7547100000014666E+000,-5.7547100000014666E+000, 1.0603033145055676E+001
-5.7537100000014663E+000,-5.7537100000014663E+000, 1.0603033030399477E+001
-5.7527100000014659E+000,-5.7527100000014659E+000, 1.0603032915766162E+001
-5.7517100000014656E+000,-5.7517100000014656E+000, 1.0603032801104877E+001
-5.7507100000014653E+000,-5.7507100000014653E+000, 1.0603032686454727E+001
-5.7497100000014649E+000,-5.7497100000014649E+000, 1.0603032571815088E+001
-5.7487100000014646E+000,-5.7487100000014646E+000, 1.0603032457172059E+001
-5.7477100000014643E+000,-5.7477100000014643E+000, 1.0603032342506225E+001
-5.7467100000014639E+000,-5.7467100000014639E+000, 1.0603032227869303E+001
-5.7457100000014636E+000,-5.7457100000014636E+000, 1.0603032113224277E+001
-5.7447100000014633E+000,-5.7447100000014633E+000, 1.0603031998573847E+001
-5.7437100000014629E+000,-5.7437100000014629E+000, 1.0603031883934383E+001
-5.7427100000014626E+000,-5.7427100000014626E+000, 1.0603031769266082E+001
-5.7417100000014623E+000,-5.7417100000014623E+000, 1.0603031654618164E+001
-5.7407100000014619E+000,-5.7407100000014619E+000, 1.0603031539965833E+001
-5.7397100000014616E+000,-5.7397100000014616E+000, 1.0603031425311620E+001
-5.7387100000014613E+000,-5.7387100000014613E+000, 1.0603031310662045E+001
-5.7377100000014609E+000,-5.7377100000014609E+000, 1.0603031196008526E+001
-5.7367100000014606E+000,-5.7367100000014606E+000, 1.0603031081347764E+001
-5.7357100000014603E+000,-5.7357100000014603E+000, 1.0603030966689438E+001
-5.7347100000014599E+000,-5.7347100000014599E+000, 1.0603030852040902E+001
-5.7337100000014596E+000,-5.7337100000014596E+000, 1.0603030737384985E+001
-5.7327100000014592E+000,-5.7327100000014592E+000, 1.0603030622732115E+001
-5.7317100000014589E+000,-5.7317100000014589E+000, 1.0603030508075221E+001
-5.7307100000014586E+000,-5.7307100000014586E+000, 1.0603030393413508E+001
-5.7297100000014582E+000,-5.7297100000014582E+000, 1.0603030278751909E+001
-5.7287100000014579E+000,-5.7287100000014579E+000, 1.0603030164101433E+001
-5.7277100000014576E+000,-5.7277100000014576E+000, 1.0603030049443204E+001
-5.7267100000014572E+000,-5.7267100000014572E+000, 1.0603029934787033E+001
-5.7257100000014569E+000,-5.7257100000014569E+000, 1.0603029820106565E+001
-5.7247100000014566E+000,-5.7247100000014566E+000, 1.0603029705458018E+001
-5.7237100000014562E+000,-5.7237100000014562E+000, 1.0603029590806859E+001
-5.7227100000014559E+000,-5.7227100000014559E+000, 1.0603029476140680E+001
-5.7217100000014556E+000,-5.7217100000014556E+000, 1.0603029361485071E+001
-5.7207100000014552E+000,-5.7207100000014552E+000, 1.0603029246811934E+001
-5.7197100000014549E+000,-5.7197100000014549E+000, 1.0603029132138460E+001
-5.7187100000014546E+000,-5.7187100000014546E+000, 1.0603029017489305E+001
-5.7177100000014542E+000,-5.7177100000014542E+000, 1.0603028902818643E+001
-5.7167100000014539E+000,-5.7167100000014539E+000, 1.0603028788171176E+001
-5.7157100000014536E+000,-5.7157100000014536E+000, 1.0603028673497180E+001
-5.7147100000014532E+000,-5.7147100000014532E+000, 1.0603028558821141E+001
-5.7137100000014529E+000,-5.7137100000014529E+000, 1.0603028444158547E+001
-5.7127100000014526E+000,-5.7127100000014526E+000, 1.0603028329493707E+001
-5.7117100000014522E+000,-5.7117100000014522E+000, 1.0603028214831106E+001
-5.7107100000014519E+000,-5.7107100000014519E+000, 1.0603028100164860E+001
-5.7097100000014516E+000,-5.7097100000014516E+000, 1.0603027985503171E+001
-5.7087100000014512E+000,-5.7087100000014512E+000, 1.0603027870817932E+001
-5.7077100000014509E+000,-5.7077100000014509E+000, 1.0603027756144394E+001
-5.7067100000014506E+000,-5.7067100000014506E+000, 1.0603027641492133E+001
-5.7057100000014502E+000,-5.7057100000014502E+000, 1.0603027526822697E+001
-5.7047100000014499E+000,-5.7047100000014499E+000, 1.0603027412145186E+001
-5.7037100000014496E+000,-5.7037100000014496E+000, 1.0603027297464655E+001
-5.7027100000014492E+000,-5.7027100000014492E+000, 1.0603027182796547E+001
-5.7017100000014489E+000,-5.7017100000014489E+000, 1.0603027068131150E+001
-5.7007100000014486E+000,-5.7007100000014486E+000, 1.0603026953455741E+001
-5.6997100000014482E+000,-5.6997100000014482E+000, 1.0603026838794072E+001
-5.6987100000014479E+000,-5.6987100000014479E+000, 1.0603026724109561E+001
-5.6977100000014476E+000,-5.6977100000014476E+000, 1.0603026609436384E+001
-5.6967100000014472E+000,-5.6967100000014472E+000, 1.0603026494759892E+001
-5.6957100000014469E+000,-5.6957100000014469E+000, 1.0603026380079129E+001
-5.6947100000014466E+000,-5.6947100000014466E+000, 1.0603026265408758E+001
-5.6937100000014462E+000,-5.6937100000014462E+000, 1.0603026150739641E+001
-5.6927100000014459E+000,-5.6927100000014459E+000, 1.0603026036064843E+001
-5.6917100000014456E+000,-5.6917100000014456E+000, 1.0603025921371517E+001
-5.6907100000014452E+000,-5.6907100000014452E+000, 1.0603025806705297E+001
-5.6897100000014449E+000,-5.6897100000014449E+000, 1.0603025692029485E+001
-5.6887100000014446E+000,-5.6887100000014446E+000, 1.0603025577357005E+001
-5.6877100000014442E+000,-5.6877100000014442E+000, 1.0603025462676184E+001
-5.6867100000014439E+000,-5.6867100000014439E+000, 1.0603025347983509E+001
-5.6857100000014436E+000,-5.6857100000014436E+000, 1.0603025233301969E+001
-5.6847100000014432E+000,-5.6847100000014432E+000, 1.0603025118629519E+001
-5.6837100000014429E+000,-5.6837100000014429E+000, 1.0603025003950661E+001
-5.6827100000014426E+000,-5.6827100000014426E+000, 1.0603024889251810E+001
-5.6817100000014422E+000,-5.6817100000014422E+000, 1.0603024774584449E+001
-5.6807100000014419E+000,-5.6807100000014419E+000, 1.0603024659891414E+001
-5.6797100000014415E+000,-5.6797100000014415E+000, 1.0603024545218418E+001
-5.6787100000014412E+000,-5.6787100000014412E+000, 1.0603024430530173E+001
-5.6777100000014409E+000,-5.6777100000014409E+000, 1.0603024315853920E+001
-5.6767100000014405E+000,-5.6767100000014405E+000, 1.0603024201161167E+001
-5.6757100000014402E+000,-5.6757100000014402E+000, 1.0603024086471130E+001
-5.6747100000014399E+000,-5.6747100000014399E+000, 1.0603023971795706E+001
-5.6737100000014395E+000,-5.6737100000014395E+000, 1.0603023857111666E+001
-5.6727100000014392E+000,-5.6727100000014392E+000, 1.0603023742428627E+001
-5.6717100000014389E+000,-5.6717100000014389E+000, 1.0603023627738509E+001
-5.6707100000014385E+000,-5.6707100000014385E+000, 1.0603023513041027E+001
-5.6697100000014382E+000,-5.6697100000014382E+000, 1.0603023398354001E+001
-5.6687100000014379E+000,-5.6687100000014379E+000, 1.0603023283660612E+001
-5.6677100000014375E+000,-5.6677100000014375E+000, 1.0603023168972705E+001
-5.6667100000014372E+000,-5.6667100000014372E+000, 1.0603023054293109E+001
-5.6657100000014369E+000,-5.6657100000014369E+000, 1.0603022939596439E+001
-5.6647100000014365E+000,-5.6647100000014365E+000, 1.0603022824905310E+001
-5.6637100000014362E+000,-5.6637100000014362E+000, 1.0603022710214656E+001
-5.6627100000014359E+000,-5.6627100000014359E+000, 1.0603022595525315E+001
-5.6617100000014355E+000,-5.6617100000014355E+000, 1.0603022480820494E+001
-5.6607100000014352E+000,-5.6607100000014352E+000, 1.0603022366140078E+001
-5.6597100000014349E+000,-5.6597100000014349E+000, 1.0603022251446966E+001
-5.6587100000014345E+000,-5.6587100000014345E+000, 1.0603022136751699E+001
-5.6577100000014342E+000,-5.6577100000014342E+000, 1.0603022022050260E+001
-5.6567100000014339E+000,-5.6567100000014339E+000, 1.0603021907361695E+001
-5.6557100000014335E+000,-5.6557100000014335E+000, 1.0603021792669900E+001
-5.6547100000014332E+000,-5.6547100000014332E+000, 1.0603021677967430E+001
-5.6537100000014329E+000,-5.6537100000014329E+000, 1.0603021563272714E+001
-5.6527100000014325E+000,-5.6527100000014325E+000, 1.0603021448575166E+001
-5.6517100000014322E+000,-5.6517100000014322E+000, 1.0603021333880216E+001
-5.6507100000014319E+000,-5.6507100000014319E+000, 1.0603021219178235E+001
-5.6497100000014315E+000,-5.6497100000014315E+000, 1.0603021104482714E+001
-5.6487100000014312E+000,-5.6487100000014312E+000, 1.0603020989777903E+001
-5.6477100000014309E+000,-5.6477100000014309E+000, 1.0603020875080883E+001
-5.6467100000014305E+000,-5.6467100000014305E+000, 1.0603020760386787E+001
-5.6457100000014302E+000,-5.6457100000014302E+000, 1.0603020645686716E+001
-5.6447100000014299E+000,-5.6447100000014299E+000, 1.0603020530985731E+001
-5.6437100000014295E+000,-5.6437100000014295E+000, 1.0603020416276181E+001
-5.6427100000014292E+000,-5.6427100000014292E+000, 1.0603020301580866E+001
-5.6417100000014289E+000,-5.6417100000014289E+000, 1.0603020186877888E+001
-5.6407100000014285E+000,-5.6407100000014285E+000, 1.0603020072169562E+001
-5.6397100000014282E+000,-5.6397100000014282E+000, 1.0603019957460340E+001
-5.6387100000014279E+000,-5.6387100000014279E+000, 1.0603019842757798E+001
-5.6377100000014275E+000,-5.6377100000014275E+000, 1.0603019728059586E+001
-5.6367100000014272E+000,-5.6367100000014272E+000, 1.0603019613351577E+001
-5.6357100000014269E+000,-5.6357100000014269E+000, 1.0603019498635152E+001
-5.6347100000014265E+000,-5.6347100000014265E+000, 1.0603019383942726E+001
-5.6337100000014262E+000,-5.6337100000014262E+000, 1.0603019269248444E+001
-5.6327100000014259E+000,-5.6327100000014259E+000, 1.0603019154529353E+001
-5.6317100000014255E+000,-5.6317100000014255E+000, 1.0603019039819507E+001
-5.6307100000014252E+000,-5.6307100000014252E+000, 1.0603018925099450E+001
-5.6297100000014249E+000,-5.6297100000014249E+000, 1.0603018810409791E+001
-5.6287100000014245E+000,-5.6287100000014245E+000, 1.0603018695701248E+001
-5.6277100000014242E+000,-5.6277100000014242E+000, 1.0603018580989938E+001
-5.6267100000014239E+000,-5.6267100000014239E+000, 1.0603018466268015E+001
-5.6257100000014235E+000,-5.6257100000014235E+000, 1.0603018351568037E+001
-5.6247100000014232E+000,-5.6247100000014232E+000, 1.0603018236851893E+001
-5.6237100000014228E+000,-5.6237100000014228E+000, 1.0603018122150722E+001
-5.6227100000014225E+000,-5.6227100000014225E+000, 1.0603018007428709E+001
-5.6217100000014222E+000,-5.6217100000014222E+000, 1.0603017892718100E+001
-5.6207100000014218E+000,-5.6207100000014218E+000, 1.0603017778004189E+001
-5.6197100000014215E+000,-5.6197100000014215E+000, 1.0603017663287028E+001
-5.6187100000014212E+000,-5.6187100000014212E+000, 1.0603017548577872E+001
-5.6177100000014208E+000,-5.6177100000014208E+000, 1.0603017433870679E+001
-5.6167100000014205E+000,-5.6167100000014205E+000, 1.0603017319139802E+001
-5.6157100000014202E+000,-5.6157100000014202E+000, 1.0603017204427054E+001
-5.6147100000014198E+000,-5.6147100000014198E+000, 1.0603017089720636E+001
-5.6137100000014195E+000,-5.6137100000014195E+000, 1.0603016975004888E+001
-5.6127100000014192E+000,-5.6127100000014192E+000, 1.0603016860289538E+001
-5.6117100000014188E+000,-5.6117100000014188E+000, 1.0603016745563664E+001
-5.6107100000014185E+000,-5.6107100000014185E+000, 1.0603016630843143E+001
-5.6097100000014182E+000,-5.6097100000014182E+000, 1.0603016516132907E+001
-5.6087100000014178E+000,-5.6087100000014178E+000, 1.0603016401400692E+001
-5.6077100000014175E+000,-5.6077100000014175E+000, 1.0603016286687609E+001
-5.6067100000014172E+000,-5.6067100000014172E+000, 1.0603016171974517E+001
-5.6057100000014168E+000,-5.6057100000014168E+000, 1.0603016057241078E+001
-5.6047100000014165E+000,-5.6047100000014165E+000, 1.0603015942521456E+001
-5.6037100000014162E+000,-5.6037100000014162E+000, 1.0603015827808399E+001
-5.6027100000014158E+000,-5.6027100000014158E+000, 1.0603015713077248E+001
-5.6017100000014155E+000,-5.6017100000014155E+000, 1.0603015598354574E+001
-5.6007100000014152E+000,-5.6007100000014152E+000, 1.0603015483626081E+001
-5.5997100000014148E+000,-5.5997100000014148E+000, 1.0603015368914907E+001
-5.5987100000014145E+000,-5.5987100000014145E+000, 1.0603015254183386E+001
-5.5977100000014142E+000,-5.5977100000014142E+000, 1.0603015139467667E+001
-5.5967100000014138E+000,-5.5967100000014138E+000, 1.0603015024732194E+001
-5.5957100000014135E+000,-5.5957100000014135E+000, 1.0603014910016929E+001
-5.5947100000014132E+000,-5.5947100000014132E+000, 1.0603014795284459E+001
-5.5937100000014128E+000,-5.5937100000014128E+000, 1.0603014680554082E+001
-5.5927100000014125E+000,-5.5927100000014125E+000, 1.0603014565825076E+001
-5.5917100000014122E+000,-5.5917100000014122E+000, 1.0603014451096371E+001
-5.5907100000014118E+000,-5.5907100000014118E+000, 1.0603014336371439E+001
-5.5897100000014115E+000,-5.5897100000014115E+000, 1.0603014221643889E+001
-5.5887100000014112E+000,-5.5887100000014112E+000, 1.0603014106906722E+001
-5.5877100000014108E+000,-5.5877100000014108E+000, 1.0603013992189164E+001
-5.5867100000014105E+000,-5.5867100000014105E+000, 1.0603013877459775E+001
-5.5857100000014102E+000,-5.5857100000014102E+000, 1.0603013762721414E+001
-5.5847100000014098E+000,-5.5847100000014098E+000, 1.0603013647986471E+001
-5.5837100000014095E+000,-5.5837100000014095E+000, 1.0603013533251922E+001
-5.5827100000014092E+000,-5.5827100000014092E+000, 1.0603013418530900E+001
-5.5817100000014088E+000,-5.5817100000014088E+000, 1.0603013303791423E+001
-5.5807100000014085E+000,-5.5807100000014085E+000, 1.0603013189053618E+001
-5.5797100000014082E+000,-5.5797100000014082E+000, 1.0603013074324952E+001
-5.5787100000014078E+000,-5.5787100000014078E+000, 1.0603012959581692E+001
-5.5777100000014075E+000,-5.5777100000014075E+000, 1.0603012844858247E+001
-5.5767100000014072E+000,-5.5767100000014072E+000, 1.0603012730123565E+001
-5.5757100000014068E+000,-5.5757100000014068E+000, 1.0603012615379354E+001
-5.5747100000014065E+000,-5.5747100000014065E+000, 1.0603012500644546E+001
-5.5737100000014062E+000,-5.5737100000014062E+000, 1.0603012385916166E+001
-5.5727100000014058E+000,-5.5727100000014058E+000, 1.0603012271172043E+001
-5.5717100000014055E+000,-5.5717100000014055E+000, 1.0603012156427701E+001
-5.5707100000014051E+000,-5.5707100000014051E+000, 1.0603012041694857E+001
-5.5697100000014048E+000,-5.5697100000014048E+000, 1.0603011926955892E+001
-5.5687100000014045E+000,-5.5687100000014045E+000, 1.0603011812220828E+001
-5.5677100000014041E+000,-5.5677100000014041E+000, 1.0603011697470517E+001
-5.5667100000014038E+000,-5.5667100000014038E+000, 1.0603011582725854E+001
-5.5657100000014035E+000,-5.5657100000014035E+000, 1.0603011467997863E+001
-5.5647100000014031E+000,-5.5647100000014031E+000, 1.0603011353254921E+001
-5.5637100000014028E+000,-5.5637100000014028E+000, 1.0603011238515768E+001
-5.5627100000014025E+000,-5.5627100000014025E+000, 1.0603011123757810E+001
-5.5617100000014021E+000,-5.5617100000014021E+000, 1.0603011009016713E+001
-5.5607100000014018E+000,-5.5607100000014018E+000, 1.0603010894282349E+001
-5.5597100000014015E+000,-5.5597100000014015E+000, 1.0603010779547438E+001
-5.5587100000014011E+000,-5.5587100000014011E+000, 1.0603010664794212E+001
-5.5577100000014008E+000,-5.5577100000014008E+000, 1.0603010550048456E+001
-5.5567100000014005E+000,-5.5567100000014005E+000, 1.0603010435293424E+001
-5.5557100000014001E+000,-5.5557100000014001E+000, 1.0603010320544183E+001
-5.5547100000013998E+000,-5.5547100000013998E+000, 1.0603010205803868E+001
-5.5537100000013995E+000,-5.5537100000013995E+000, 1.0603010091064530E+001
-5.5527100000013991E+000,-5.5527100000013991E+000, 1.0603009976311297E+001
-5.5517100000013988E+000,-5.5517100000013988E+000, 1.0603009861574520E+001
-5.5507100000013985E+000,-5.5507100000013985E+000, 1.0603009746804732E+001
-5.5497100000013981E+000,-5.5497100000013981E+000, 1.0603009632062566E+001
-5.5487100000013978E+000,-5.5487100000013978E+000, 1.0603009517315222E+001
-5.5477100000013975E+000,-5.5477100000013975E+000, 1.0603009402571404E+001
-5.5467100000013971E+000,-5.5467100000013971E+000, 1.0603009287822603E+001
-5.5457100000013968E+000,-5.5457100000013968E+000, 1.0603009173058668E+001
-5.5447100000013965E+000,-5.5447100000013965E+000, 1.0603009058305343E+001
-5.5437100000013961E+000,-5.5437100000013961E+000, 1.0603008943552089E+001
-5.5427100000013958E+000,-5.5427100000013958E+000, 1.0603008828825150E+001
-5.5417100000013955E+000,-5.5417100000013955E+000, 1.0603008714048329E+001
-5.5407100000013951E+000,-5.5407100000013951E+000, 1.0603008599289740E+001
-5.5397100000013948E+000,-5.5397100000013948E+000, 1.0603008484532065E+001
-5.5387100000013945E+000,-5.5387100000013945E+000, 1.0603008369803135E+001
-5.5377100000013941E+000,-5.5377100000013941E+000, 1.0603008255031238E+001
-5.5367100000013938E+000,-5.5367100000013938E+000, 1.0603008140279794E+001
-5.5357100000013935E+000,-5.5357100000013935E+000, 1.0603008025521923E+001
-5.5347100000013931E+000,-5.5347100000013931E+000, 1.0603007910766143E+001
-5.5337100000013928E+000,-5.5337100000013928E+000, 1.0603007796005713E+001
-5.5327100000013925E+000,-5.5327100000013925E+000, 1.0603007681246416E+001
-5.5317100000013921E+000,-5.5317100000013921E+000, 1.0603007566490838E+001
-5.5307100000013918E+000,-5.5307100000013918E+000, 1.0603007451734713E+001
-5.5297100000013915E+000,-5.5297100000013915E+000, 1.0603007336972453E+001
-5.5287100000013911E+000,-5.5287100000013911E+000, 1.0603007222197022E+001
-5.5277100000013908E+000,-5.5277100000013908E+000, 1.0603007107448892E+001
-5.5267100000013905E+000,-5.5267100000013905E+000, 1.0603006992694580E+001
-5.5257100000013901E+000,-5.5257100000013901E+000, 1.0603006877939366E+001
-5.5247100000013898E+000,-5.5247100000013898E+000, 1.0603006763158341E+001
-5.5237100000013895E+000,-5.5237100000013895E+000, 1.0603006648394988E+001
-5.5227100000013891E+000,-5.5227100000013891E+000, 1.0603006533648152E+001
-5.5217100000013888E+000,-5.5217100000013888E+000, 1.0603006418877513E+001
-5.5207100000013885E+000,-5.5207100000013885E+000, 1.0603006304105973E+001
-5.5197100000013881E+000,-5.5197100000013881E+000, 1.0603006189352328E+001
-5.5187100000013878E+000,-5.5187100000013878E+000, 1.0603006074580318E+001
-5.5177100000013874E+000,-5.5177100000013874E+000, 1.0603005959816434E+001
-5.5167100000013871E+000,-5.5167100000013871E+000, 1.0603005845051092E+001
-5.5157100000013868E+000,-5.5157100000013868E+000, 1.0603005730276584E+001
-5.5147100000013864E+000,-5.5147100000013864E+000, 1.0603005615519283E+001
-5.5137100000013861E+000,-5.5137100000013861E+000, 1.0603005500755462E+001
-5.5127100000013858E+000,-5.5127100000013858E+000, 1.0603005385977474E+001
-5.5117100000013854E+000,-5.5117100000013854E+000, 1.0603005271196292E+001
-5.5107100000013851E+000,-5.5107100000013851E+000, 1.0603005156444757E+001
-5.5097100000013848E+000,-5.5097100000013848E+000, 1.0603005041678289E+001
-5.5087100000013844E+000,-5.5087100000013844E+000, 1.0603004926911614E+001
-5.5077100000013841E+000,-5.5077100000013841E+000, 1.0603004812134397E+001
-5.5067100000013838E+000,-5.5067100000013838E+000, 1.0603004697354109E+001
-5.5057100000013834E+000,-5.5057100000013834E+000, 1.0603004582583806E+001
-5.5047100000013831E+000,-5.5047100000013831E+000, 1.0603004467822998E+001
-5.5037100000013828E+000,-5.5037100000013828E+000, 1.0603004353051954E+001
-5.5027100000013824E+000,-5.5027100000013824E+000, 1.0603004238264639E+001
-5.5017100000013821E+000,-5.5017100000013821E+000, 1.0603004123493283E+001
-5.5007100000013818E+000,-5.5007100000013818E+000, 1.0603004008720784E+001
-5.4997100000013814E+000,-5.4997100000013814E+000, 1.0603003893939102E+001
-5.4987100000013811E+000,-5.4987100000013811E+000, 1.0603003779185457E+001
-5.4977100000013808E+000,-5.4977100000013808E+000, 1.0603003664398580E+001
-5.4967100000013804E+000,-5.4967100000013804E+000, 1.0603003549617309E+001
-5.4957100000013801E+000,-5.4957100000013801E+000, 1.0603003434836504E+001
-5.4947100000013798E+000,-5.4947100000013798E+000, 1.0603003320062825E+001
-5.4937100000013794E+000,-5.4937100000013794E+000, 1.0603003205284278E+001
-5.4927100000013791E+000,-5.4927100000013791E+000, 1.0603003090514667E+001
-5.4917100000013788E+000,-5.4917100000013788E+000, 1.0603002975743632E+001
-5.4907100000013784E+000,-5.4907100000013784E+000, 1.0603002860940016E+001
-5.4897100000013781E+000,-5.4897100000013781E+000, 1.0603002746172812E+001
-5.4887100000013778E+000,-5.4887100000013778E+000, 1.0603002631394368E+001
-5.4877100000013774E+000,-5.4877100000013774E+000, 1.0603002516621208E+001
-5.4867100000013771E+000,-5.4867100000013771E+000, 1.0603002401829313E+001
-5.4857100000013768E+000,-5.4857100000013768E+000, 1.0603002287049872E+001
-5.4847100000013764E+000,-5.4847100000013764E+000, 1.0603002172255911E+001
-5.4837100000013761E+000,-5.4837100000013761E+000, 1.0603002057484817E+001
-5.4827100000013758E+000,-5.4827100000013758E+000, 1.0603001942703980E+001
-5.4817100000013754E+000,-5.4817100000013754E+000, 1.0603001827919069E+001
-5.4807100000013751E+000,-5.4807100000013751E+000, 1.0603001713140761E+001
-5.4797100000013748E+000,-5.4797100000013748E+000, 1.0603001598336881E+001
-5.4787100000013744E+000,-5.4787100000013744E+000, 1.0603001483567313E+001
-5.4777100000013741E+000,-5.4777100000013741E+000, 1.0603001368776566E+001
-5.4767100000013738E+000,-5.4767100000013738E+000, 1.0603001253993185E+001
-5.4757100000013734E+000,-5.4757100000013734E+000, 1.0603001139212378E+001
-5.4747100000013731E+000,-5.4747100000013731E+000, 1.0603001024413704E+001
-5.4737100000013728E+000,-5.4737100000013728E+000, 1.0603000909610316E+001
-5.4727100000013724E+000,-5.4727100000013724E+000, 1.0603000794832091E+001
-5.4717100000013721E+000,-5.4717100000013721E+000, 1.0603000680049016E+001
-5.4707100000013718E+000,-5.4707100000013718E+000, 1.0603000565265701E+001
-5.4697100000013714E+000,-5.4697100000013714E+000, 1.0603000450472210E+001
-5.4687100000013711E+000,-5.4687100000013711E+000, 1.0603000335665424E+001
-5.4677100000013708E+000,-5.4677100000013708E+000, 1.0603000220897780E+001
-5.4667100000013704E+000,-5.4667100000013704E+000, 1.0603000106085489E+001
-5.4657100000013701E+000,-5.4657100000013701E+000, 1.0602999991301989E+001
-5.4647100000013697E+000,-5.4647100000013697E+000, 1.0602999876520213E+001
-5.4637100000013694E+000,-5.4637100000013694E+000, 1.0602999761715703E+001
-5.4627100000013691E+000,-5.4627100000013691E+000, 1.0602999646921941E+001
-5.4617100000013687E+000,-5.4617100000013687E+000, 1.0602999532124453E+001
-5.4607100000013684E+000,-5.4607100000013684E+000, 1.0602999417332512E+001
-5.4597100000013681E+000,-5.4597100000013681E+000, 1.0602999302530659E+001
-5.4587100000013677E+000,-5.4587100000013677E+000, 1.0602999187755824E+001
-5.4577100000013674E+000,-5.4577100000013674E+000, 1.0602999072950691E+001
-5.4567100000013671E+000,-5.4567100000013671E+000, 1.0602998958143857E+001
-5.4557100000013667E+000,-5.4557100000013667E+000, 1.0602998843349463E+001
-5.4547100000013664E+000,-5.4547100000013664E+000, 1.0602998728564215E+001
-5.4537100000013661E+000,-5.4537100000013661E+000, 1.0602998613769163E+001
-5.4527100000013657E+000,-5.4527100000013657E+000, 1.0602998498959819E+001
-5.4517100000013654E+000,-5.4517100000013654E+000, 1.0602998384154690E+001
-5.4507100000013651E+000,-5.4507100000013651E+000, 1.0602998269358823E+001
-5.4497100000013647E+000,-5.4497100000013647E+000, 1.0602998154563981E+001
-5.4487100000013644E+000,-5.4487100000013644E+000, 1.0602998039763644E+001
-5.4477100000013641E+000,-5.4477100000013641E+000, 1.0602997924958391E+001
-5.4467100000013637E+000,-5.4467100000013637E+000, 1.0602997810147455E+001
-5.4457100000013634E+000,-5.4457100000013634E+000, 1.0602997695350266E+001
-5.4447100000013631E+000,-5.4447100000013631E+000, 1.0602997580544985E+001
-5.4437100000013627E+000,-5.4437100000013627E+000, 1.0602997465743174E+001
-5.4427100000013624E+000,-5.4427100000013624E+000, 1.0602997350955999E+001
-5.4417100000013621E+000,-5.4417100000013621E+000, 1.0602997236143541E+001
-5.4407100000013617E+000,-5.4407100000013617E+000, 1.0602997121339314E+001
-5.4397100000013614E+000,-5.4397100000013614E+000, 1.0602997006519455E+001
-5.4387100000013611E+000,-5.4387100000013611E+000, 1.0602996891723407E+001
-5.4377100000013607E+000,-5.4377100000013607E+000, 1.0602996776922037E+001
-5.4367100000013604E+000,-5.4367100000013604E+000, 1.0602996662114393E+001
-5.4357100000013601E+000,-5.4357100000013601E+000, 1.0602996547290150E+001
-5.4347100000013597E+000,-5.4347100000013597E+000, 1.0602996432486711E+001
-5.4337100000013594E+000,-5.4337100000013594E+000, 1.0602996317686657E+001
-5.4327100000013591E+000,-5.4327100000013591E+000, 1.0602996202876216E+001
-5.4317100000013587E+000,-5.4317100000013587E+000, 1.0602996088065710E+001
-5.4307100000013584E+000,-5.4307100000013584E+000, 1.0602995973253483E+001
-5.4297100000013581E+000,-5.4297100000013581E+000, 1.0602995858438076E+001
-5.4287100000013577E+000,-5.4287100000013577E+000, 1.0602995743635077E+001
-5.4277100000013574E+000,-5.4277100000013574E+000, 1.0602995628817579E+001
-5.4267100000013571E+000,-5.4267100000013571E+000, 1.0602995514016516E+001
-5.4257100000013567E+000,-5.4257100000013567E+000, 1.0602995399206467E+001
-5.4247100000013564E+000,-5.4247100000013564E+000, 1.0602995284375776E+001
-5.4237100000013561E+000,-5.4237100000013561E+000, 1.0602995169569716E+001
-5.4227100000013557E+000,-5.4227100000013557E+000, 1.0602995054755390E+001
-5.4217100000013554E+000,-5.4217100000013554E+000, 1.0602994939948470E+001
-5.4207100000013551E+000,-5.4207100000013551E+000, 1.0602994825133703E+001
-5.4197100000013547E+000,-5.4197100000013547E+000, 1.0602994710313528E+001
-5.4187100000013544E+000,-5.4187100000013544E+000, 1.0602994595490049E+001
-5.4177100000013541E+000,-5.4177100000013541E+000, 1.0602994480682401E+001
-5.4167100000013537E+000,-5.4167100000013537E+000, 1.0602994365866758E+001
-5.4157100000013534E+000,-5.4157100000013534E+000, 1.0602994251053563E+001
-5.4147100000013531E+000,-5.4147100000013531E+000, 1.0602994136236308E+001
-5.4137100000013527E+000,-5.4137100000013527E+000, 1.0602994021404378E+001
-5.4127100000013524E+000,-5.4127100000013524E+000, 1.0602993906587068E+001
-5.4117100000013520E+000,-5.4117100000013520E+000, 1.0602993791775397E+001
-5.4107100000013517E+000,-5.4107100000013517E+000, 1.0602993676955343E+001
-5.4097100000013514E+000,-5.4097100000013514E+000, 1.0602993562131314E+001
-5.4087100000013510E+000,-5.4087100000013510E+000, 1.0602993447313841E+001
-5.4077100000013507E+000,-5.4077100000013507E+000, 1.0602993332490511E+001
-5.4067100000013504E+000,-5.4067100000013504E+000, 1.0602993217657408E+001
-5.4057100000013500E+000,-5.4057100000013500E+000, 1.0602993102841923E+001
-5.4047100000013497E+000,-5.4047100000013497E+000, 1.0602992988029746E+001
-5.4037100000013494E+000,-5.4037100000013494E+000, 1.0602992873213555E+001
-5.4027100000013490E+000,-5.4027100000013490E+000, 1.0602992758369449E+001
-5.4017100000013487E+000,-5.4017100000013487E+000, 1.0602992643549351E+001
-5.4007100000013484E+000,-5.4007100000013484E+000, 1.0602992528724364E+001
-5.3997100000013480E+000,-5.3997100000013480E+000, 1.0602992413898487E+001
-5.3987100000013477E+000,-5.3987100000013477E+000, 1.0602992299088093E+001
-5.3977100000013474E+000,-5.3977100000013474E+000, 1.0602992184246059E+001
-5.3967100000013470E+000,-5.3967100000013470E+000, 1.0602992069416086E+001
-5.3957100000013467E+000,-5.3957100000013467E+000, 1.0602991954588205E+001
-5.3947100000013464E+000,-5.3947100000013464E+000, 1.0602991839763080E+001
-5.3937100000013460E+000,-5.3937100000013460E+000, 1.0602991724934956E+001
-5.3927100000013457E+000,-5.3927100000013457E+000, 1.0602991610112840E+001
-5.3917100000013454E+000,-5.3917100000013454E+000, 1.0602991495283369E+001
-5.3907100000013450E+000,-5.3907100000013450E+000, 1.0602991380442152E+001
-5.3897100000013447E+000,-5.3897100000013447E+000, 1.0602991265609633E+001
-5.3887100000013444E+000,-5.3887100000013444E+000, 1.0602991150782119E+001
-5.3877100000013440E+000,-5.3877100000013440E+000, 1.0602991035951051E+001
-5.3867100000013437E+000,-5.3867100000013437E+000, 1.0602990921122169E+001
-5.3857100000013434E+000,-5.3857100000013434E+000, 1.0602990806281818E+001
-5.3847100000013430E+000,-5.3847100000013430E+000, 1.0602990691453215E+001
-5.3837100000013427E+000,-5.3837100000013427E+000, 1.0602990576613848E+001
-5.3827100000013424E+000,-5.3827100000013424E+000, 1.0602990461787266E+001
-5.3817100000013420E+000,-5.3817100000013420E+000, 1.0602990346955989E+001
-5.3807100000013417E+000,-5.3807100000013417E+000, 1.0602990232103586E+001
-5.3797100000013414E+000,-5.3797100000013414E+000, 1.0602990117280829E+001
-5.3787100000013410E+000,-5.3787100000013410E+000, 1.0602990002444553E+001
-5.3777100000013407E+000,-5.3777100000013407E+000, 1.0602989887608123E+001
-5.3767100000013404E+000,-5.3767100000013404E+000, 1.0602989772765538E+001
-5.3757100000013400E+000,-5.3757100000013400E+000, 1.0602989657924045E+001
-5.3747100000013397E+000,-5.3747100000013397E+000, 1.0602989543093116E+001
-5.3737100000013394E+000,-5.3737100000013394E+000, 1.0602989428249597E+001
-5.3727100000013390E+000,-5.3727100000013390E+000, 1.0602989313415780E+001
-5.3717100000013387E+000,-5.3717100000013387E+000, 1.0602989198569738E+001
-5.3707100000013384E+000,-5.3707100000013384E+000, 1.0602989083736819E+001
-5.3697100000013380E+000,-5.3697100000013380E+000, 1.0602988968888386E+001
-5.3687100000013377E+000,-5.3687100000013377E+000, 1.0602988854037310E+001
-5.3677100000013374E+000,-5.3677100000013374E+000, 1.0602988739203090E+001
-5.3667100000013370E+000,-5.3667100000013370E+000, 1.0602988624362354E+001
-5.3657100000013367E+000,-5.3657100000013367E+000, 1.0602988509528069E+001
-5.3647100000013364E+000,-5.3647100000013364E+000, 1.0602988394670636E+001
-5.3637100000013360E+000,-5.3637100000013360E+000, 1.0602988279836346E+001
-5.3627100000013357E+000,-5.3627100000013357E+000, 1.0602988164991752E+001
-5.3617100000013354E+000,-5.3617100000013354E+000, 1.0602988050142669E+001
-5.3607100000013350E+000,-5.3607100000013350E+000, 1.0602987935294722E+001
-5.3597100000013347E+000,-5.3597100000013347E+000, 1.0602987820464781E+001
-5.3587100000013344E+000,-5.3587100000013344E+000, 1.0602987705596817E+001
-5.3577100000013340E+000,-5.3577100000013340E+000, 1.0602987590756932E+001
-5.3567100000013337E+000,-5.3567100000013337E+000, 1.0602987475907881E+001
-5.3557100000013333E+000,-5.3557100000013333E+000, 1.0602987361062805E+001
-5.3547100000013330E+000,-5.3547100000013330E+000, 1.0602987246227402E+001
-5.3537100000013327E+000,-5.3537100000013327E+000, 1.0602987131367538E+001
-5.3527100000013323E+000,-5.3527100000013323E+000, 1.0602987016517977E+001
-5.3517100000013320E+000,-5.3517100000013320E+000, 1.0602986901658227E+001
-5.3507100000013317E+000,-5.3507100000013317E+000, 1.0602986786810632E+001
-5.3497100000013313E+000,-5.3497100000013313E+000, 1.0602986671956362E+001
-5.3487100000013310E+000,-5.3487100000013310E+000, 1.0602986557124790E+001
-5.3477100000013307E+000,-5.3477100000013307E+000, 1.0602986442251977E+001
-5.3467100000013303E+000,-5.3467100000013303E+000, 1.0602986327390305E+001
-5.3457100000013300E+000,-5.3457100000013300E+000, 1.0602986212549947E+001
-5.3447100000013297E+000,-5.3447100000013297E+000, 1.0602986097709623E+001
-5.3437100000013293E+000,-5.3437100000013293E+000, 1.0602985982847894E+001
-5.3427100000013290E+000,-5.3427100000013290E+000, 1.0602985867989181E+001
-5.3417100000013287E+000,-5.3417100000013287E+000, 1.0602985753141674E+001
-5.3407100000013283E+000,-5.3407100000013283E+000, 1.0602985638276568E+001
-5.3397100000013280E+000,-5.3397100000013280E+000, 1.0602985523422022E+001
-5.3387100000013277E+000,-5.3387100000013277E+000, 1.0602985408570541E+001
-5.3377100000013273E+000,-5.3377100000013273E+000, 1.0602985293704183E+001
-5.3367100000013270E+000,-5.3367100000013270E+000, 1.0602985178849877E+001
-5.3357100000013267E+000,-5.3357100000013267E+000, 1.0602985063996261E+001
-5.3347100000013263E+000,-5.3347100000013263E+000, 1.0602984949129731E+001
-5.3337100000013260E+000,-5.3337100000013260E+000, 1.0602984834268845E+001
-5.3327100000013257E+000,-5.3327100000013257E+000, 1.0602984719417307E+001
-5.3317100000013253E+000,-5.3317100000013253E+000, 1.0602984604557529E+001
-5.3307100000013250E+000,-5.3307100000013250E+000, 1.0602984489695746E+001
-5.3297100000013247E+000,-5.3297100000013247E+000, 1.0602984374836236E+001
-5.3287100000013243E+000,-5.3287100000013243E+000, 1.0602984259976461E+001
-5.3277100000013240E+000,-5.3277100000013240E+000, 1.0602984145120402E+001
-5.3267100000013237E+000,-5.3267100000013237E+000, 1.0602984030237266E+001
-5.3257100000013233E+000,-5.3257100000013233E+000, 1.0602983915376573E+001
-5.3247100000013230E+000,-5.3247100000013230E+000, 1.0602983800523750E+001
-5.3237100000013227E+000,-5.3237100000013227E+000, 1.0602983685651864E+001
-5.3227100000013223E+000,-5.3227100000013223E+000, 1.0602983570783007E+001
-5.3217100000013220E+000,-5.3217100000013220E+000, 1.0602983455934224E+001
-5.3207100000013217E+000,-5.3207100000013217E+000, 1.0602983341055898E+001
-5.3197100000013213E+000,-5.3197100000013213E+000, 1.0602983226192123E+001
-5.3187100000013210E+000,-5.3187100000013210E+000, 1.0602983111319691E+001
-5.3177100000013207E+000,-5.3177100000013207E+000, 1.0602982996453681E+001
-5.3167100000013203E+000,-5.3167100000013203E+000, 1.0602982881592624E+001
-5.3157100000013200E+000,-5.3157100000013200E+000, 1.0602982766718135E+001
-5.3147100000013197E+000,-5.3147100000013197E+000, 1.0602982651854365E+001
-5.3137100000013193E+000,-5.3137100000013193E+000, 1.0602982536982829E+001
-5.3127100000013190E+000,-5.3127100000013190E+000, 1.0602982422103466E+001
-5.3117100000013187E+000,-5.3117100000013187E+000, 1.0602982307252638E+001
-5.3107100000013183E+000,-5.3107100000013183E+000, 1.0602982192378402E+001
-5.3097100000013180E+000,-5.3097100000013180E+000, 1.0602982077496826E+001
-5.3087100000013177E+000,-5.3087100000013177E+000, 1.0602981962633955E+001
-5.3077100000013173E+000,-5.3077100000013173E+000, 1.0602981847756769E+001
-5.3067100000013170E+000,-5.3067100000013170E+000, 1.0602981732884210E+001
-5.3057100000013167E+000,-5.3057100000013167E+000, 1.0602981618014086E+001
-5.3047100000013163E+000,-5.3047100000013163E+000, 1.0602981503129124E+001
-5.3037100000013160E+000,-5.3037100000013160E+000, 1.0602981388264988E+001
-5.3027100000013156E+000,-5.3027100000013156E+000, 1.0602981273385627E+001
-5.3017100000013153E+000,-5.3017100000013153E+000, 1.0602981158503612E+001
-5.3007100000013150E+000,-5.3007100000013150E+000, 1.0602981043633040E+001
-5.2997100000013146E+000,-5.2997100000013146E+000, 1.0602980928763163E+001
-5.2987100000013143E+000,-5.2987100000013143E+000, 1.0602980813881764E+001
-5.2977100000013140E+000,-5.2977100000013140E+000, 1.0602980698993843E+001
-5.2967100000013136E+000,-5.2967100000013136E+000, 1.0602980584127666E+001
-5.2957100000013133E+000,-5.2957100000013133E+000, 1.0602980469244255E+001
-5.2947100000013130E+000,-5.2947100000013130E+000, 1.0602980354364972E+001
-5.2937100000013126E+000,-5.2937100000013126E+000, 1.0602980239476267E+001
-5.2927100000013123E+000,-5.2927100000013123E+000, 1.0602980124610641E+001
-5.2917100000013120E+000,-5.2917100000013120E+000, 1.0602980009729828E+001
-5.2907100000013116E+000,-5.2907100000013116E+000, 1.0602979894841381E+001
-5.2897100000013113E+000,-5.2897100000013113E+000, 1.0602979779953932E+001
-5.2887100000013110E+000,-5.2887100000013110E+000, 1.0602979665081099E+001
-5.2877100000013106E+000,-5.2877100000013106E+000, 1.0602979550201603E+001
-5.2867100000013103E+000,-5.2867100000013103E+000, 1.0602979435310369E+001
-5.2857100000013100E+000,-5.2857100000013100E+000, 1.0602979320438674E+001
-5.2847100000013096E+000,-5.2847100000013096E+000, 1.0602979205547264E+001
-5.2837100000013093E+000,-5.2837100000013093E+000, 1.0602979090668750E+001
-5.2827100000013090E+000,-5.2827100000013090E+000, 1.0602978975783081E+001
-5.2817100000013086E+000,-5.2817100000013086E+000, 1.0602978860887093E+001
-5.2807100000013083E+000,-5.2807100000013083E+000, 1.0602978745999451E+001
-5.2797100000013080E+000,-5.2797100000013080E+000, 1.0602978631102951E+001
-5.2787100000013076E+000,-5.2787100000013076E+000, 1.0602978516227097E+001
-5.2777100000013073E+000,-5.2777100000013073E+000, 1.0602978401338426E+001
-5.2767100000013070E+000,-5.2767100000013070E+000, 1.0602978286447174E+001
-5.2757100000013066E+000,-5.2757100000013066E+000, 1.0602978171557552E+001
-5.2747100000013063E+000,-5.2747100000013063E+000, 1.0602978056683513E+001
-5.2737100000013060E+000,-5.2737100000013060E+000, 1.0602977941790648E+001
-5.2727100000013056E+000,-5.2727100000013056E+000, 1.0602977826893426E+001
-5.2717100000013053E+000,-5.2717100000013053E+000, 1.0602977712003751E+001
-5.2707100000013050E+000,-5.2707100000013050E+000, 1.0602977597110636E+001
-5.2697100000013046E+000,-5.2697100000013046E+000, 1.0602977482215678E+001
-5.2687100000013043E+000,-5.2687100000013043E+000, 1.0602977367330384E+001
-5.2677100000013040E+000,-5.2677100000013040E+000, 1.0602977252429861E+001
-5.2667100000013036E+000,-5.2667100000013036E+000, 1.0602977137548773E+001
-5.2657100000013033E+000,-5.2657100000013033E+000, 1.0602977022657821E+001
-5.2647100000013030E+000,-5.2647100000013030E+000, 1.0602976907751547E+001
-5.2637100000013026E+000,-5.2637100000013026E+000, 1.0602976792868143E+001
-5.2627100000013023E+000,-5.2627100000013023E+000, 1.0602976677955336E+001
-5.2617100000013020E+000,-5.2617100000013020E+000, 1.0602976563059427E+001
-5.2607100000013016E+000,-5.2607100000013016E+000, 1.0602976448171832E+001
-5.2597100000013013E+000,-5.2597100000013013E+000, 1.0602976333260143E+001
-5.2587100000013010E+000,-5.2587100000013010E+000, 1.0602976218373005E+001
-5.2577100000013006E+000,-5.2577100000013006E+000, 1.0602976103487991E+001
-5.2567100000013003E+000,-5.2567100000013003E+000, 1.0602975988588501E+001
-5.2557100000013000E+000,-5.2557100000013000E+000, 1.0602975873678968E+001
-5.2547100000012996E+000,-5.2547100000012996E+000, 1.0602975758771393E+001
-5.2537100000012993E+000,-5.2537100000012993E+000, 1.0602975643880839E+001
-5.2527100000012990E+000,-5.2527100000012990E+000, 1.0602975528983766E+001
-5.2517100000012986E+000,-5.2517100000012986E+000, 1.0602975414069052E+001
-5.2507100000012983E+000,-5.2507100000012983E+000, 1.0602975299180542E+001
-5.2497100000012979E+000,-5.2497100000012979E+000, 1.0602975184268143E+001
-5.2487100000012976E+000,-5.2487100000012976E+000, 1.0602975069381285E+001
-5.2477100000012973E+000,-5.2477100000012973E+000, 1.0602974954468925E+001
-5.2467100000012969E+000,-5.2467100000012969E+000, 1.0602974839568818E+001
-5.2457100000012966E+000,-5.2457100000012966E+000, 1.0602974724654180E+001
-5.2447100000012963E+000,-5.2447100000012963E+000, 1.0602974609756989E+001
-5.2437100000012959E+000,-5.2437100000012959E+000, 1.0602974494844446E+001
-5.2427100000012956E+000,-5.2427100000012956E+000, 1.0602974379946929E+001
-5.2417100000012953E+000,-5.2417100000012953E+000, 1.0602974265040789E+001
-5.2407100000012949E+000,-5.2407100000012949E+000, 1.0602974150142058E+001
-5.2397100000012946E+000,-5.2397100000012946E+000, 1.0602974035224594E+001
-5.2387100000012943E+000,-5.2387100000012943E+000, 1.0602973920305399E+001
-5.2377100000012939E+000,-5.2377100000012939E+000, 1.0602973805408503E+001
-5.2367100000012936E+000,-5.2367100000012936E+000, 1.0602973690500834E+001
-5.2357100000012933E+000,-5.2357100000012933E+000, 1.0602973575585661E+001
-5.2347100000012929E+000,-5.2347100000012929E+000, 1.0602973460670544E+001
-5.2337100000012926E+000,-5.2337100000012926E+000, 1.0602973345768508E+001
-5.2327100000012923E+000,-5.2327100000012923E+000, 1.0602973230860238E+001
-5.2317100000012919E+000,-5.2317100000012919E+000, 1.0602973115954027E+001
-5.2307100000012916E+000,-5.2307100000012916E+000, 1.0602973001035368E+001
-5.2297100000012913E+000,-5.2297100000012913E+000, 1.0602972886128407E+001
-5.2287100000012909E+000,-5.2287100000012909E+000, 1.0602972771219127E+001
-5.2277100000012906E+000,-5.2277100000012906E+000, 1.0602972656291790E+001
-5.2267100000012903E+000,-5.2267100000012903E+000, 1.0602972541378971E+001
-5.2257100000012899E+000,-5.2257100000012899E+000, 1.0602972426464369E+001
-5.2247100000012896E+000,-5.2247100000012896E+000, 1.0602972311559412E+001
-5.2237100000012893E+000,-5.2237100000012893E+000, 1.0602972196641215E+001
-5.2227100000012889E+000,-5.2227100000012889E+000, 1.0602972081715052E+001
-5.2217100000012886E+000,-5.2217100000012886E+000, 1.0602971966805555E+001
-5.2207100000012883E+000,-5.2207100000012883E+000, 1.0602971851891498E+001
-5.2197100000012879E+000,-5.2197100000012879E+000, 1.0602971736977992E+001
-5.2187100000012876E+000,-5.2187100000012876E+000, 1.0602971622055982E+001
-5.2177100000012873E+000,-5.2177100000012873E+000, 1.0602971507132940E+001
-5.2167100000012869E+000,-5.2167100000012869E+000, 1.0602971392203337E+001
-5.2157100000012866E+000,-5.2157100000012866E+000, 1.0602971277297303E+001
-5.2147100000012863E+000,-5.2147100000012863E+000, 1.0602971162374697E+001
-5.2137100000012859E+000,-5.2137100000012859E+000, 1.0602971047457631E+001
-5.2127100000012856E+000,-5.2127100000012856E+000, 1.0602970932538629E+001
-5.2117100000012853E+000,-5.2117100000012853E+000, 1.0602970817610480E+001
-5.2107100000012849E+000,-5.2107100000012849E+000, 1.0602970702686644E+001
-5.2097100000012846E+000,-5.2097100000012846E+000, 1.0602970587770741E+001
-5.2087100000012843E+000,-5.2087100000012843E+000, 1.0602970472849368E+001
-5.2077100000012839E+000,-5.2077100000012839E+000, 1.0602970357929081E+001
-5.2067100000012836E+000,-5.2067100000012836E+000, 1.0602970242999298E+001
-5.2057100000012833E+000,-5.2057100000012833E+000, 1.0602970128068490E+001
-5.2047100000012829E+000,-5.2047100000012829E+000, 1.0602970013145779E+001
-5.2037100000012826E+000,-5.2037100000012826E+000, 1.0602969898227020E+001
-5.2027100000012823E+000,-5.2027100000012823E+000, 1.0602969783304284E+001
-5.2017100000012819E+000,-5.2017100000012819E+000, 1.0602969668370871E+001
-5.2007100000012816E+000,-5.2007100000012816E+000, 1.0602969553439820E+001
-5.1997100000012813E+000,-5.1997100000012813E+000, 1.0602969438513522E+001
-5.1987100000012809E+000,-5.1987100000012809E+000, 1.0602969323597529E+001
-5.1977100000012806E+000,-5.1977100000012806E+000, 1.0602969208663923E+001
-5.1967100000012802E+000,-5.1967100000012802E+000, 1.0602969093738800E+001
-5.1957100000012799E+000,-5.1957100000012799E+000, 1.0602968978803066E+001
-5.1947100000012796E+000,-5.1947100000012796E+000, 1.0602968863874057E+001
-5.1937100000012792E+000,-5.1937100000012792E+000, 1.0602968748931762E+001
-5.1927100000012789E+000,-5.1927100000012789E+000, 1.0602968634018367E+001
-5.1917100000012786E+000,-5.1917100000012786E+000, 1.0602968519076583E+001
-5.1907100000012782E+000,-5.1907100000012782E+000, 1.0602968404146537E+001
-5.1897100000012779E+000,-5.1897100000012779E+000, 1.0602968289203339E+001
-5.1887100000012776E+000,-5.1887100000012776E+000, 1.0602968174268826E+001
-5.1877100000012772E+000,-5.1877100000012772E+000, 1.0602968059337318E+001
-5.1867100000012769E+000,-5.1867100000012769E+000, 1.0602967944411613E+001
-5.1857100000012766E+000,-5.1857100000012766E+000, 1.0602967829476576E+001
-5.1847100000012762E+000,-5.1847100000012762E+000, 1.0602967714539487E+001
-5.1837100000012759E+000,-5.1837100000012759E+000, 1.0602967599608068E+001
-5.1827100000012756E+000,-5.1827100000012756E+000, 1.0602967484667678E+001
-5.1817100000012752E+000,-5.1817100000012752E+000, 1.0602967369729303E+001
-5.1807100000012749E+000,-5.1807100000012749E+000, 1.0602967254797106E+001
-5.1797100000012746E+000,-5.1797100000012746E+000, 1.0602967139851152E+001
-5.1787100000012742E+000,-5.1787100000012742E+000, 1.0602967024914843E+001
-5.1777100000012739E+000,-5.1777100000012739E+000, 1.0602966909981578E+001
-5.1767100000012736E+000,-5.1767100000012736E+000, 1.0602966795037890E+001
-5.1757100000012732E+000,-5.1757100000012732E+000, 1.0602966680097545E+001
-5.1747100000012729E+000,-5.1747100000012729E+000, 1.0602966565168437E+001
-5.1737100000012726E+000,-5.1737100000012726E+000, 1.0602966450214907E+001
-5.1727100000012722E+000,-5.1727100000012722E+000, 1.0602966335268686E+001
-5.1717100000012719E+000,-5.1717100000012719E+000, 1.0602966220329796E+001
-5.1707100000012716E+000,-5.1707100000012716E+000, 1.0602966105392504E+001
-5.1697100000012712E+000,-5.1697100000012712E+000, 1.0602965990459939E+001
-5.1687100000012709E+000,-5.1687100000012709E+000, 1.0602965875510570E+001
-5.1677100000012706E+000,-5.1677100000012706E+000, 1.0602965760550086E+001
-5.1667100000012702E+000,-5.1667100000012702E+000, 1.0602965645619030E+001
-5.1657100000012699E+000,-5.1657100000012699E+000, 1.0602965530671021E+001
-5.1647100000012696E+000,-5.1647100000012696E+000, 1.0602965415720286E+001
-5.1637100000012692E+000,-5.1637100000012692E+000, 1.0602965300786419E+001
-5.1627100000012689E+000,-5.1627100000012689E+000, 1.0602965185832748E+001
-5.1617100000012686E+000,-5.1617100000012686E+000, 1.0602965070888539E+001
-5.1607100000012682E+000,-5.1607100000012682E+000, 1.0602964955932087E+001
-5.1597100000012679E+000,-5.1597100000012679E+000, 1.0602964840997195E+001
-5.1587100000012676E+000,-5.1587100000012676E+000, 1.0602964726044064E+001
-5.1577100000012672E+000,-5.1577100000012672E+000, 1.0602964611108273E+001
-5.1567100000012669E+000,-5.1567100000012669E+000, 1.0602964496140023E+001
-5.1557100000012666E+000,-5.1557100000012666E+000, 1.0602964381188055E+001
-5.1547100000012662E+000,-5.1547100000012662E+000, 1.0602964266248758E+001
-5.1537100000012659E+000,-5.1537100000012659E+000, 1.0602964151298330E+001
-5.1527100000012656E+000,-5.1527100000012656E+000, 1.0602964036352251E+001
-5.1517100000012652E+000,-5.1517100000012652E+000, 1.0602963921378512E+001
-5.1507100000012649E+000,-5.1507100000012649E+000, 1.0602963806426784E+001
-5.1497100000012646E+000,-5.1497100000012646E+000, 1.0602963691478525E+001
-5.1487100000012642E+000,-5.1487100000012642E+000, 1.0602963576522271E+001
-5.1477100000012639E+000,-5.1477100000012639E+000, 1.0602963461577847E+001
-5.1467100000012636E+000,-5.1467100000012636E+000, 1.0602963346627702E+001
-5.1457100000012632E+000,-5.1457100000012632E+000, 1.0602963231655956E+001
-5.1447100000012629E+000,-5.1447100000012629E+000, 1.0602963116707881E+001
-5.1437100000012626E+000,-5.1437100000012626E+000, 1.0602963001749083E+001
-5.1427100000012622E+000,-5.1427100000012622E+000, 1.0602962886804445E+001
-5.1417100000012619E+000,-5.1417100000012619E+000, 1.0602962771844322E+001
-5.1407100000012615E+000,-5.1407100000012615E+000, 1.0602962656879537E+001
-5.1397100000012612E+000,-5.1397100000012612E+000, 1.0602962541908457E+001
-5.1387100000012609E+000,-5.1387100000012609E+000, 1.0602962426965977E+001
-5.1377100000012605E+000,-5.1377100000012605E+000, 1.0602962312003092E+001
-5.1367100000012602E+000,-5.1367100000012602E+000, 1.0602962197048626E+001
-5.1357100000012599E+000,-5.1357100000012599E+000, 1.0602962082090336E+001
-5.1347100000012595E+000,-5.1347100000012595E+000, 1.0602961967116926E+001
-5.1337100000012592E+000,-5.1337100000012592E+000, 1.0602961852155540E+001
-5.1327100000012589E+000,-5.1327100000012589E+000, 1.0602961737202707E+001
-5.1317100000012585E+000,-5.1317100000012585E+000, 1.0602961622239603E+001
-5.1307100000012582E+000,-5.1307100000012582E+000, 1.0602961507280892E+001
-5.1297100000012579E+000,-5.1297100000012579E+000, 1.0602961392310325E+001
-5.1287100000012575E+000,-5.1287100000012575E+000, 1.0602961277332660E+001
-5.1277100000012572E+000,-5.1277100000012572E+000, 1.0602961162373303E+001
-5.1267100000012569E+000,-5.1267100000012569E+000, 1.0602961047427106E+001
-5.1257100000012565E+000,-5.1257100000012565E+000, 1.0602960932455552E+001
-5.1247100000012562E+000,-5.1247100000012562E+000, 1.0602960817502101E+001
-5.1237100000012559E+000,-5.1237100000012559E+000, 1.0602960702521033E+001
-5.1227100000012555E+000,-5.1227100000012555E+000, 1.0602960587545180E+001
-5.1217100000012552E+000,-5.1217100000012552E+000, 1.0602960472594884E+001
-5.1207100000012549E+000,-5.1207100000012549E+000, 1.0602960357633890E+001
-5.1197100000012545E+000,-5.1197100000012545E+000, 1.0602960242647743E+001
-5.1187100000012542E+000,-5.1187100000012542E+000, 1.0602960127680690E+001
-5.1177100000012539E+000,-5.1177100000012539E+000, 1.0602960012707161E+001
-5.1167100000012535E+000,-5.1167100000012535E+000, 1.0602959897742529E+001
-5.1157100000012532E+000,-5.1157100000012532E+000, 1.0602959782763223E+001
-5.1147100000012529E+000,-5.1147100000012529E+000, 1.0602959667804420E+001
-5.1137100000012525E+000,-5.1137100000012525E+000, 1.0602959552837174E+001
-5.1127100000012522E+000,-5.1127100000012522E+000, 1.0602959437852254E+001
-5.1117100000012519E+000,-5.1117100000012519E+000, 1.0602959322881269E+001
-5.1107100000012515E+000,-5.1107100000012515E+000, 1.0602959207910459E+001
-5.1097100000012512E+000,-5.1097100000012512E+000, 1.0602959092940949E+001
-5.1087100000012509E+000,-5.1087100000012509E+000, 1.0602958977965372E+001
-5.1077100000012505E+000,-5.1077100000012505E+000, 1.0602958862980000E+001
-5.1067100000012502E+000,-5.1067100000012502E+000, 1.0602958748005452E+001
-5.1057100000012499E+000,-5.1057100000012499E+000, 1.0602958633043830E+001
-5.1047100000012495E+000,-5.1047100000012495E+000, 1.0602958518070075E+001
-5.1037100000012492E+000,-5.1037100000012492E+000, 1.0602958403090785E+001
-5.1027100000012489E+000,-5.1027100000012489E+000, 1.0602958288106183E+001
-5.1017100000012485E+000,-5.1017100000012485E+000, 1.0602958173129107E+001
-5.1007100000012482E+000,-5.1007100000012482E+000, 1.0602958058156407E+001
-5.0997100000012479E+000,-5.0997100000012479E+000, 1.0602957943173308E+001
-5.0987100000012475E+000,-5.0987100000012475E+000, 1.0602957828193142E+001
-5.0977100000012472E+000,-5.0977100000012472E+000, 1.0602957713228044E+001
-5.0967100000012469E+000,-5.0967100000012469E+000, 1.0602957598234230E+001
-5.0957100000012465E+000,-5.0957100000012465E+000, 1.0602957483249561E+001
-5.0947100000012462E+000,-5.0947100000012462E+000, 1.0602957368269919E+001
-5.0937100000012459E+000,-5.0937100000012459E+000, 1.0602957253294166E+001
-5.0927100000012455E+000,-5.0927100000012455E+000, 1.0602957138311414E+001
-5.0917100000012452E+000,-5.0917100000012452E+000, 1.0602957023333124E+001
-5.0907100000012449E+000,-5.0907100000012449E+000, 1.0602956908337591E+001
-5.0897100000012445E+000,-5.0897100000012445E+000, 1.0602956793341171E+001
-5.0887100000012442E+000,-5.0887100000012442E+000, 1.0602956678382967E+001
-5.0877100000012438E+000,-5.0877100000012438E+000, 1.0602956563389832E+001
-5.0867100000012435E+000,-5.0867100000012435E+000, 1.0602956448400786E+001
-5.0857100000012432E+000,-5.0857100000012432E+000, 1.0602956333422442E+001
-5.0847100000012428E+000,-5.0847100000012428E+000, 1.0602956218425071E+001
-5.0837100000012425E+000,-5.0837100000012425E+000, 1.0602956103445996E+001
-5.0827100000012422E+000,-5.0827100000012422E+000, 1.0602955988451594E+001
-5.0817100000012418E+000,-5.0817100000012418E+000, 1.0602955873477656E+001
-5.0807100000012415E+000,-5.0807100000012415E+000, 1.0602955758479997E+001
-5.0797100000012412E+000,-5.0797100000012412E+000, 1.0602955643502510E+001
-5.0787100000012408E+000,-5.0787100000012408E+000, 1.0602955528496475E+001
-5.0777100000012405E+000,-5.0777100000012405E+000, 1.0602955413508449E+001
-5.0767100000012402E+000,-5.0767100000012402E+000, 1.0602955298523721E+001
-5.0757100000012398E+000,-5.0757100000012398E+000, 1.0602955183544823E+001
-5.0747100000012395E+000,-5.0747100000012395E+000, 1.0602955068528471E+001
-5.0737100000012392E+000,-5.0737100000012392E+000, 1.0602954953541660E+001
-5.0727100000012388E+000,-5.0727100000012388E+000, 1.0602954838555142E+001
-5.0717100000012385E+000,-5.0717100000012385E+000, 1.0602954723566922E+001
-5.0707100000012382E+000,-5.0707100000012382E+000, 1.0602954608564662E+001
-5.0697100000012378E+000,-5.0697100000012378E+000, 1.0602954493573488E+001
-5.0687100000012375E+000,-5.0687100000012375E+000, 1.0602954378577557E+001
-5.0677100000012372E+000,-5.0677100000012372E+000, 1.0602954263578326E+001
-5.0667100000012368E+000,-5.0667100000012368E+000, 1.0602954148587131E+001
-5.0657100000012365E+000,-5.0657100000012365E+000, 1.0602954033589040E+001
-5.0647100000012362E+000,-5.0647100000012362E+000, 1.0602953918606310E+001
-5.0637100000012358E+000,-5.0637100000012358E+000, 1.0602953803607100E+001
-5.0627100000012355E+000,-5.0627100000012355E+000, 1.0602953688598788E+001
-5.0617100000012352E+000,-5.0617100000012352E+000, 1.0602953573597288E+001
-5.0607100000012348E+000,-5.0607100000012348E+000, 1.0602953458607178E+001
-5.0597100000012345E+000,-5.0597100000012345E+000, 1.0602953343613715E+001
-5.0587100000012342E+000,-5.0587100000012342E+000, 1.0602953228606175E+001
-5.0577100000012338E+000,-5.0577100000012338E+000, 1.0602953113613706E+001
-5.0567100000012335E+000,-5.0567100000012335E+000, 1.0602952998598351E+001
-5.0557100000012332E+000,-5.0557100000012332E+000, 1.0602952883598780E+001
-5.0547100000012328E+000,-5.0547100000012328E+000, 1.0602952768614260E+001
-5.0537100000012325E+000,-5.0537100000012325E+000, 1.0602952653597050E+001
-5.0527100000012322E+000,-5.0527100000012322E+000, 1.0602952538595270E+001
-5.0517100000012318E+000,-5.0517100000012318E+000, 1.0602952423582463E+001
-5.0507100000012315E+000,-5.0507100000012315E+000, 1.0602952308588263E+001
-5.0497100000012312E+000,-5.0497100000012312E+000, 1.0602952193579702E+001
-5.0487100000012308E+000,-5.0487100000012308E+000, 1.0602952078589661E+001
-5.0477100000012305E+000,-5.0477100000012305E+000, 1.0602951963583234E+001
-5.0467100000012302E+000,-5.0467100000012302E+000, 1.0602951848576559E+001
-5.0457100000012298E+000,-5.0457100000012298E+000, 1.0602951733558303E+001
-5.0447100000012295E+000,-5.0447100000012295E+000, 1.0602951618556235E+001
-5.0437100000012292E+000,-5.0437100000012292E+000, 1.0602951503555410E+001
-5.0427100000012288E+000,-5.0427100000012288E+000, 1.0602951388557901E+001
-5.0417100000012285E+000,-5.0417100000012285E+000, 1.0602951273541553E+001
-5.0407100000012282E+000,-5.0407100000012282E+000, 1.0602951158531269E+001
-5.0397100000012278E+000,-5.0397100000012278E+000, 1.0602951043517480E+001
-5.0387100000012275E+000,-5.0387100000012275E+000, 1.0602950928515703E+001
-5.0377100000012272E+000,-5.0377100000012272E+000, 1.0602950813495360E+001
-5.0367100000012268E+000,-5.0367100000012268E+000, 1.0602950698487527E+001
-5.0357100000012265E+000,-5.0357100000012265E+000, 1.0602950583470955E+001
-5.0347100000012261E+000,-5.0347100000012261E+000, 1.0602950468462808E+001
-5.0337100000012258E+000,-5.0337100000012258E+000, 1.0602950353438409E+001
-5.0327100000012255E+000,-5.0327100000012255E+000, 1.0602950238437424E+001
-5.0317100000012251E+000,-5.0317100000012251E+000, 1.0602950123424698E+001
-5.0307100000012248E+000,-5.0307100000012248E+000, 1.0602950008415256E+001
-5.0297100000012245E+000,-5.0297100000012245E+000, 1.0602949893395387E+001
-5.0287100000012241E+000,-5.0287100000012241E+000, 1.0602949778375454E+001
-5.0277100000012238E+000,-5.0277100000012238E+000, 1.0602949663370042E+001
-5.0267100000012235E+000,-5.0267100000012235E+000, 1.0602949548358019E+001
-5.0257100000012231E+000,-5.0257100000012231E+000, 1.0602949433320941E+001
-5.0247100000012228E+000,-5.0247100000012228E+000, 1.0602949318318243E+001
-5.0237100000012225E+000,-5.0237100000012225E+000, 1.0602949203292313E+001
-5.0227100000012221E+000,-5.0227100000012221E+000, 1.0602949088287604E+001
-5.0217100000012218E+000,-5.0217100000012218E+000, 1.0602948973263191E+001
-5.0207100000012215E+000,-5.0207100000012215E+000, 1.0602948858234411E+001
-5.0197100000012211E+000,-5.0197100000012211E+000, 1.0602948743218608E+001
-5.0187100000012208E+000,-5.0187100000012208E+000, 1.0602948628210370E+001
-5.0177100000012205E+000,-5.0177100000012205E+000, 1.0602948513176568E+001
-5.0167100000012201E+000,-5.0167100000012201E+000, 1.0602948398162891E+001
-5.0157100000012198E+000,-5.0157100000012198E+000, 1.0602948283152596E+001
-5.0147100000012195E+000,-5.0147100000012195E+000, 1.0602948168121021E+001
-5.0137100000012191E+000,-5.0137100000012191E+000, 1.0602948053093428E+001
-5.0127100000012188E+000,-5.0127100000012188E+000, 1.0602947938072665E+001
-5.0117100000012185E+000,-5.0117100000012185E+000, 1.0602947823048433E+001
-5.0107100000012181E+000,-5.0107100000012181E+000, 1.0602947708028807E+001
-5.0097100000012178E+000,-5.0097100000012178E+000, 1.0602947592994353E+001
-5.0087100000012175E+000,-5.0087100000012175E+000, 1.0602947477974972E+001
-5.0077100000012171E+000,-5.0077100000012171E+000, 1.0602947362958783E+001
-5.0067100000012168E+000,-5.0067100000012168E+000, 1.0602947247914887E+001
-5.0057100000012165E+000,-5.0057100000012165E+000, 1.0602947132903887E+001
-5.0047100000012161E+000,-5.0047100000012161E+000, 1.0602947017869557E+001
-5.0037100000012158E+000,-5.0037100000012158E+000, 1.0602946902836749E+001
-5.0027100000012155E+000,-5.0027100000012155E+000, 1.0602946787820001E+001
-5.0017100000012151E+000,-5.0017100000012151E+000, 1.0602946672789784E+001
-5.0007100000012148E+000,-5.0007100000012148E+000, 1.0602946557748565E+001
-4.9997100000012145E+000,-4.9997100000012145E+000, 1.0602946442720533E+001
-4.9987100000012141E+000,-4.9987100000012141E+000, 1.0602946327692212E+001
-4.9977100000012138E+000,-4.9977100000012138E+000, 1.0602946212667646E+001
-4.9967100000012135E+000,-4.9967100000012135E+000, 1.0602946097634595E+001
-4.9957100000012131E+000,-4.9957100000012131E+000, 1.0602945982588714E+001
-4.9947100000012128E+000,-4.9947100000012128E+000, 1.0602945867567803E+001
-4.9937100000012125E+000,-4.9937100000012125E+000, 1.0602945752540640E+001
-4.9927100000012121E+000,-4.9927100000012121E+000, 1.0602945637493807E+001
-4.9917100000012118E+000,-4.9917100000012118E+000, 1.0602945522470728E+001
-4.9907100000012115E+000,-4.9907100000012115E+000, 1.0602945407426056E+001
-4.9897100000012111E+000,-4.9897100000012111E+000, 1.0602945292400619E+001
-4.9887100000012108E+000,-4.9887100000012108E+000, 1.0602945177356444E+001
-4.9877100000012105E+000,-4.9877100000012105E+000, 1.0602945062313351E+001
-4.9867100000012101E+000,-4.9867100000012101E+000, 1.0602944947295679E+001
-4.9857100000012098E+000,-4.9857100000012098E+000, 1.0602944832253051E+001
-4.9847100000012095E+000,-4.9847100000012095E+000, 1.0602944717204444E+001
-4.9837100000012091E+000,-4.9837100000012091E+000, 1.0602944602181051E+001
-4.9827100000012088E+000,-4.9827100000012088E+000, 1.0602944487143915E+001
-4.9817100000012084E+000,-4.9817100000012084E+000, 1.0602944372099797E+001
-4.9807100000012081E+000,-4.9807100000012081E+000, 1.0602944257062566E+001
-4.9797100000012078E+000,-4.9797100000012078E+000, 1.0602944142026850E+001
-4.9787100000012074E+000,-4.9787100000012074E+000, 1.0602944026975621E+001
-4.9777100000012071E+000,-4.9777100000012071E+000, 1.0602943911957714E+001
-4.9767100000012068E+000,-4.9767100000012068E+000, 1.0602943796905231E+001
-4.9757100000012064E+000,-4.9757100000012064E+000, 1.0602943681858735E+001
-4.9747100000012061E+000,-4.9747100000012061E+000, 1.0602943566811737E+001
-4.9737100000012058E+000,-4.9737100000012058E+000, 1.0602943451773831E+001
-4.9727100000012054E+000,-4.9727100000012054E+000, 1.0602943336715843E+001
-4.9717100000012051E+000,-4.9717100000012051E+000, 1.0602943221679144E+001
-4.9707100000012048E+000,-4.9707100000012048E+000, 1.0602943106628615E+001
-4.9697100000012044E+000,-4.9697100000012044E+000, 1.0602942991592187E+001
-4.9687100000012041E+000,-4.9687100000012041E+000, 1.0602942876553090E+001
-4.9677100000012038E+000,-4.9677100000012038E+000, 1.0602942761497921E+001
-4.9667100000012034E+000,-4.9667100000012034E+000, 1.0602942646458189E+001
-4.9657100000012031E+000,-4.9657100000012031E+000, 1.0602942531405009E+001
-4.9647100000012028E+000,-4.9647100000012028E+000, 1.0602942416351638E+001
-4.9637100000012024E+000,-4.9637100000012024E+000, 1.0602942301307417E+001
-4.9627100000012021E+000,-4.9627100000012021E+000, 1.0602942186257360E+001
-4.9617100000012018E+000,-4.9617100000012018E+000, 1.0602942071216239E+001
-4.9607100000012014E+000,-4.9607100000012014E+000, 1.0602941956155018E+001
-4.9597100000012011E+000,-4.9597100000012011E+000, 1.0602941841104679E+001
-4.9587100000012008E+000,-4.9587100000012008E+000, 1.0602941726058008E+001
-4.9577100000012004E+000,-4.9577100000012004E+000, 1.0602941611019560E+001
-4.9567100000012001E+000,-4.9567100000012001E+000, 1.0602941495949146E+001
-4.9557100000011998E+000,-4.9557100000011998E+000, 1.0602941380903083E+001
-4.9547100000011994E+000,-4.9547100000011994E+000, 1.0602941265846265E+001
-4.9537100000011991E+000,-4.9537100000011991E+000, 1.0602941150793814E+001
-4.9527100000011988E+000,-4.9527100000011988E+000, 1.0602941035749597E+001
-4.9517100000011984E+000,-4.9517100000011984E+000, 1.0602940920693721E+001
-4.9507100000011981E+000,-4.9507100000011981E+000, 1.0602940805638138E+001
-4.9497100000011978E+000,-4.9497100000011978E+000, 1.0602940690574048E+001
-4.9487100000011974E+000,-4.9487100000011974E+000, 1.0602940575532035E+001
-4.9477100000011971E+000,-4.9477100000011971E+000, 1.0602940460471357E+001
-4.9467100000011968E+000,-4.9467100000011968E+000, 1.0602940345418208E+001
-4.9457100000011964E+000,-4.9457100000011964E+000, 1.0602940230365611E+001
-4.9447100000011961E+000,-4.9447100000011961E+000, 1.0602940115302436E+001
-4.9437100000011958E+000,-4.9437100000011958E+000, 1.0602940000237213E+001
-4.9427100000011954E+000,-4.9427100000011954E+000, 1.0602939885180048E+001
-4.9417100000011951E+000,-4.9417100000011951E+000, 1.0602939770128881E+001
-4.9407100000011948E+000,-4.9407100000011948E+000, 1.0602939655056492E+001
-4.9397100000011944E+000,-4.9397100000011944E+000, 1.0602939539998951E+001
-4.9387100000011941E+000,-4.9387100000011941E+000, 1.0602939424931369E+001
-4.9377100000011938E+000,-4.9377100000011938E+000, 1.0602939309882425E+001
-4.9367100000011934E+000,-4.9367100000011934E+000, 1.0602939194821532E+001
-4.9357100000011931E+000,-4.9357100000011931E+000, 1.0602939079755121E+001
-4.9347100000011928E+000,-4.9347100000011928E+000, 1.0602938964693209E+001
-4.9337100000011924E+000,-4.9337100000011924E+000, 1.0602938849632755E+001
-4.9327100000011921E+000,-4.9327100000011921E+000, 1.0602938734564205E+001
-4.9317100000011918E+000,-4.9317100000011918E+000, 1.0602938619499108E+001
-4.9307100000011914E+000,-4.9307100000011914E+000, 1.0602938504440836E+001
-4.9297100000011911E+000,-4.9297100000011911E+000, 1.0602938389374652E+001
-4.9287100000011907E+000,-4.9287100000011907E+000, 1.0602938274303066E+001
-4.9277100000011904E+000,-4.9277100000011904E+000, 1.0602938159223745E+001
-4.9267100000011901E+000,-4.9267100000011901E+000, 1.0602938044158101E+001
-4.9257100000011897E+000,-4.9257100000011897E+000, 1.0602937929106108E+001
-4.9247100000011894E+000,-4.9247100000011894E+000, 1.0602937814042019E+001
-4.9237100000011891E+000,-4.9237100000011891E+000, 1.0602937698967937E+001
-4.9227100000011887E+000,-4.9227100000011887E+000, 1.0602937583901671E+001
-4.9217100000011884E+000,-4.9217100000011884E+000, 1.0602937468829492E+001
-4.9207100000011881E+000,-4.9207100000011881E+000, 1.0602937353762847E+001
-4.9197100000011877E+000,-4.9197100000011877E+000, 1.0602937238681445E+001
-4.9187100000011874E+000,-4.9187100000011874E+000, 1.0602937123615488E+001
-4.9177100000011871E+000,-4.9177100000011871E+000, 1.0602937008534047E+001
-4.9167100000011867E+000,-4.9167100000011867E+000, 1.0602936893459830E+001
-4.9157100000011864E+000,-4.9157100000011864E+000, 1.0602936778385118E+001
-4.9147100000011861E+000,-4.9147100000011861E+000, 1.0602936663328400E+001
-4.9137100000011857E+000,-4.9137100000011857E+000, 1.0602936548261733E+001
-4.9127100000011854E+000,-4.9127100000011854E+000, 1.0602936433175728E+001
-4.9117100000011851E+000,-4.9117100000011851E+000, 1.0602936318088933E+001
-4.9107100000011847E+000,-4.9107100000011847E+000, 1.0602936203024509E+001
-4.9097100000011844E+000,-4.9097100000011844E+000, 1.0602936087953761E+001
-4.9087100000011841E+000,-4.9087100000011841E+000, 1.0602935972876603E+001
-4.9077100000011837E+000,-4.9077100000011837E+000, 1.0602935857794105E+001
-4.9067100000011834E+000,-4.9067100000011834E+000, 1.0602935742721586E+001
-4.9057100000011831E+000,-4.9057100000011831E+000, 1.0602935627638816E+001
-4.9047100000011827E+000,-4.9047100000011827E+000, 1.0602935512564857E+001
-4.9037100000011824E+000,-4.9037100000011824E+000, 1.0602935397484041E+001
-4.9027100000011821E+000,-4.9027100000011821E+000, 1.0602935282409710E+001
-4.9017100000011817E+000,-4.9017100000011817E+000, 1.0602935167316634E+001
-4.9007100000011814E+000,-4.9007100000011814E+000, 1.0602935052245858E+001
-4.8997100000011811E+000,-4.8997100000011811E+000, 1.0602934937166737E+001
-4.8987100000011807E+000,-4.8987100000011807E+000, 1.0602934822082188E+001
-4.8977100000011804E+000,-4.8977100000011804E+000, 1.0602934707012039E+001
-4.8967100000011801E+000,-4.8967100000011801E+000, 1.0602934591931787E+001
-4.8957100000011797E+000,-4.8957100000011797E+000, 1.0602934476826380E+001
-4.8947100000011794E+000,-4.8947100000011794E+000, 1.0602934361744500E+001
-4.8937100000011791E+000,-4.8937100000011791E+000, 1.0602934246666148E+001
-4.8927100000011787E+000,-4.8927100000011787E+000, 1.0602934131592642E+001
-4.8917100000011784E+000,-4.8917100000011784E+000, 1.0602934016498871E+001
-4.8907100000011781E+000,-4.8907100000011781E+000, 1.0602933901404707E+001
-4.8897100000011777E+000,-4.8897100000011777E+000, 1.0602933786323106E+001
-4.8887100000011774E+000,-4.8887100000011774E+000, 1.0602933671242175E+001
-4.8877100000011771E+000,-4.8877100000011771E+000, 1.0602933556155170E+001
-4.8867100000011767E+000,-4.8867100000011767E+000, 1.0602933441067229E+001
-4.8857100000011764E+000,-4.8857100000011764E+000, 1.0602933325974123E+001
-4.8847100000011761E+000,-4.8847100000011761E+000, 1.0602933210894404E+001
-4.8837100000011757E+000,-4.8837100000011757E+000, 1.0602933095793713E+001
-4.8827100000011754E+000,-4.8827100000011754E+000, 1.0602932980706891E+001
-4.8817100000011751E+000,-4.8817100000011751E+000, 1.0602932865619817E+001
-4.8807100000011747E+000,-4.8807100000011747E+000, 1.0602932750543911E+001
-4.8797100000011744E+000,-4.8797100000011744E+000, 1.0602932635436064E+001
-4.8787100000011741E+000,-4.8787100000011741E+000, 1.0602932520330871E+001
-4.8777100000011737E+000,-4.8777100000011737E+000, 1.0602932405253187E+001
-4.8767100000011734E+000,-4.8767100000011734E+000, 1.0602932290169718E+001
-4.8757100000011731E+000,-4.8757100000011731E+000, 1.0602932175064208E+001
-4.8747100000011727E+000,-4.8747100000011727E+000, 1.0602932059967092E+001
-4.8737100000011724E+000,-4.8737100000011724E+000, 1.0602931944873989E+001
-4.8727100000011720E+000,-4.8727100000011720E+000, 1.0602931829781291E+001
-4.8717100000011717E+000,-4.8717100000011717E+000, 1.0602931714677059E+001
-4.8707100000011714E+000,-4.8707100000011714E+000, 1.0602931599591393E+001
-4.8697100000011710E+000,-4.8697100000011710E+000, 1.0602931484501246E+001
-4.8687100000011707E+000,-4.8687100000011707E+000, 1.0602931369400370E+001
-4.8677100000011704E+000,-4.8677100000011704E+000, 1.0602931254285577E+001
-4.8667100000011700E+000,-4.8667100000011700E+000, 1.0602931139198720E+001
-4.8657100000011697E+000,-4.8657100000011697E+000, 1.0602931024110111E+001
-4.8647100000011694E+000,-4.8647100000011694E+000, 1.0602930909020717E+001
-4.8637100000011690E+000,-4.8637100000011690E+000, 1.0602930793914314E+001
-4.8627100000011687E+000,-4.8627100000011687E+000, 1.0602930678805187E+001
-4.8617100000011684E+000,-4.8617100000011684E+000, 1.0602930563702124E+001
-4.8607100000011680E+000,-4.8607100000011680E+000, 1.0602930448596533E+001
-4.8597100000011677E+000,-4.8597100000011677E+000, 1.0602930333504016E+001
-4.8587100000011674E+000,-4.8587100000011674E+000, 1.0602930218410206E+001
-4.8577100000011670E+000,-4.8577100000011670E+000, 1.0602930103317663E+001
-4.8567100000011667E+000,-4.8567100000011667E+000, 1.0602929988190875E+001
-4.8557100000011664E+000,-4.8557100000011664E+000, 1.0602929873094794E+001
-4.8547100000011660E+000,-4.8547100000011660E+000, 1.0602929757981718E+001
-4.8537100000011657E+000,-4.8537100000011657E+000, 1.0602929642893519E+001
-4.8527100000011654E+000,-4.8527100000011654E+000, 1.0602929527795609E+001
-4.8517100000011650E+000,-4.8517100000011650E+000, 1.0602929412673927E+001
-4.8507100000011647E+000,-4.8507100000011647E+000, 1.0602929297561154E+001
-4.8497100000011644E+000,-4.8497100000011644E+000, 1.0602929182458251E+001
-4.8487100000011640E+000,-4.8487100000011640E+000, 1.0602929067351564E+001
-4.8477100000011637E+000,-4.8477100000011637E+000, 1.0602928952248448E+001
-4.8467100000011634E+000,-4.8467100000011634E+000, 1.0602928837155579E+001
-4.8457100000011630E+000,-4.8457100000011630E+000, 1.0602928722031791E+001
-4.8447100000011627E+000,-4.8447100000011627E+000, 1.0602928606922529E+001
-4.8437100000011624E+000,-4.8437100000011624E+000, 1.0602928491816503E+001
-4.8427100000011620E+000,-4.8427100000011620E+000, 1.0602928376704419E+001
-4.8417100000011617E+000,-4.8417100000011617E+000, 1.0602928261598837E+001
-4.8407100000011614E+000,-4.8407100000011614E+000, 1.0602928146466629E+001
-4.8397100000011610E+000,-4.8397100000011610E+000, 1.0602928031372223E+001
-4.8387100000011607E+000,-4.8387100000011607E+000, 1.0602927916247829E+001
-4.8377100000011604E+000,-4.8377100000011604E+000, 1.0602927801152266E+001
-4.8367100000011600E+000,-4.8367100000011600E+000, 1.0602927686037262E+001
-4.8357100000011597E+000,-4.8357100000011597E+000, 1.0602927570929719E+001
-4.8347100000011594E+000,-4.8347100000011594E+000, 1.0602927455798612E+001
-4.8337100000011590E+000,-4.8337100000011590E+000, 1.0602927340695540E+001
-4.8327100000011587E+000,-4.8327100000011587E+000, 1.0602927225574414E+001
-4.8317100000011584E+000,-4.8317100000011584E+000, 1.0602927110470278E+001
-4.8307100000011580E+000,-4.8307100000011580E+000, 1.0602926995346262E+001
-4.8297100000011577E+000,-4.8297100000011577E+000, 1.0602926880221894E+001
-4.8287100000011574E+000,-4.8287100000011574E+000, 1.0602926765102623E+001
-4.8277100000011570E+000,-4.8277100000011570E+000, 1.0602926649989261E+001
-4.8267100000011567E+000,-4.8267100000011567E+000, 1.0602926534876362E+001
-4.8257100000011564E+000,-4.8257100000011564E+000, 1.0602926419761781E+001
-4.8247100000011560E+000,-4.8247100000011560E+000, 1.0602926304639995E+001
-4.8237100000011557E+000,-4.8237100000011557E+000, 1.0602926189517836E+001
-4.8227100000011554E+000,-4.8227100000011554E+000, 1.0602926074396390E+001
-4.8217100000011550E+000,-4.8217100000011550E+000, 1.0602925959273247E+001
-4.8207100000011547E+000,-4.8207100000011547E+000, 1.0602925844154736E+001
-4.8197100000011543E+000,-4.8197100000011543E+000, 1.0602925729046541E+001
-4.8187100000011540E+000,-4.8187100000011540E+000, 1.0602925613897572E+001
-4.8177100000011537E+000,-4.8177100000011537E+000, 1.0602925498786917E+001
-4.8167100000011533E+000,-4.8167100000011533E+000, 1.0602925383659557E+001
-4.8157100000011530E+000,-4.8157100000011530E+000, 1.0602925268537360E+001
-4.8147100000011527E+000,-4.8147100000011527E+000, 1.0602925153410187E+001
-4.8137100000011523E+000,-4.8137100000011523E+000, 1.0602925038298432E+001
-4.8127100000011520E+000,-4.8127100000011520E+000, 1.0602924923163776E+001
-4.8117100000011517E+000,-4.8117100000011517E+000, 1.0602924808038463E+001
-4.8107100000011513E+000,-4.8107100000011513E+000, 1.0602924692913774E+001
-4.8097100000011510E+000,-4.8097100000011510E+000, 1.0602924577786379E+001
-4.8087100000011507E+000,-4.8087100000011507E+000, 1.0602924462671064E+001
-4.8077100000011503E+000,-4.8077100000011503E+000, 1.0602924347522849E+001
-4.8067100000011500E+000,-4.8067100000011500E+000, 1.0602924232389091E+001
-4.8057100000011497E+000,-4.8057100000011497E+000, 1.0602924117263971E+001
-4.8047100000011493E+000,-4.8047100000011493E+000, 1.0602924002153717E+001
-4.8037100000011490E+000,-4.8037100000011490E+000, 1.0602923887017123E+001
-4.8027100000011487E+000,-4.8027100000011487E+000, 1.0602923771875464E+001
-4.8017100000011483E+000,-4.8017100000011483E+000, 1.0602923656743801E+001
-4.8007100000011480E+000,-4.8007100000011480E+000, 1.0602923541609766E+001
-4.7997100000011477E+000,-4.7997100000011477E+000, 1.0602923426490200E+001
-4.7987100000011473E+000,-4.7987100000011473E+000, 1.0602923311352741E+001
-4.7977100000011470E+000,-4.7977100000011470E+000, 1.0602923196237064E+001
-4.7967100000011467E+000,-4.7967100000011467E+000, 1.0602923081084429E+001
-4.7957100000011463E+000,-4.7957100000011463E+000, 1.0602922965953532E+001
-4.7947100000011460E+000,-4.7947100000011460E+000, 1.0602922850816231E+001
-4.7937100000011457E+000,-4.7937100000011457E+000, 1.0602922735681444E+001
-4.7927100000011453E+000,-4.7927100000011453E+000, 1.0602922620567737E+001
-4.7917100000011450E+000,-4.7917100000011450E+000, 1.0602922505411611E+001
-4.7907100000011447E+000,-4.7907100000011447E+000, 1.0602922390261723E+001
-4.7897100000011443E+000,-4.7897100000011443E+000, 1.0602922275141943E+001
-4.7887100000011440E+000,-4.7887100000011440E+000, 1.0602922160002192E+001
-4.7877100000011437E+000,-4.7877100000011437E+000, 1.0602922044865037E+001
-4.7867100000011433E+000,-4.7867100000011433E+000, 1.0602921929721820E+001
-4.7857100000011430E+000,-4.7857100000011430E+000, 1.0602921814587548E+001
-4.7847100000011427E+000,-4.7847100000011427E+000, 1.0602921699442007E+001
-4.7837100000011423E+000,-4.7837100000011423E+000, 1.0602921584306227E+001
-4.7827100000011420E+000,-4.7827100000011420E+000, 1.0602921469158215E+001
-4.7817100000011417E+000,-4.7817100000011417E+000, 1.0602921354026345E+001
-4.7807100000011413E+000,-4.7807100000011413E+000, 1.0602921238883475E+001
-4.7797100000011410E+000,-4.7797100000011410E+000, 1.0602921123738511E+001
-4.7787100000011407E+000,-4.7787100000011407E+000, 1.0602921008593734E+001
-4.7777100000011403E+000,-4.7777100000011403E+000, 1.0602920893453710E+001
-4.7767100000011400E+000,-4.7767100000011400E+000, 1.0602920778316580E+001
-4.7757100000011397E+000,-4.7757100000011397E+000, 1.0602920663168939E+001
-4.7747100000011393E+000,-4.7747100000011393E+000, 1.0602920548021238E+001
-4.7737100000011390E+000,-4.7737100000011390E+000, 1.0602920432868407E+001
-4.7727100000011387E+000,-4.7727100000011387E+000, 1.0602920317723550E+001
-4.7717100000011383E+000,-4.7717100000011383E+000, 1.0602920202590081E+001
-4.7707100000011380E+000,-4.7707100000011380E+000, 1.0602920087437017E+001
-4.7697100000011377E+000,-4.7697100000011377E+000, 1.0602919972280127E+001
-4.7687100000011373E+000,-4.7687100000011373E+000, 1.0602919857128844E+001
-4.7677100000011370E+000,-4.7677100000011370E+000, 1.0602919741989320E+001
-4.7667100000011366E+000,-4.7667100000011366E+000, 1.0602919626835181E+001
-4.7657100000011363E+000,-4.7657100000011363E+000, 1.0602919511690715E+001
-4.7647100000011360E+000,-4.7647100000011360E+000, 1.0602919396551266E+001
-4.7637100000011356E+000,-4.7637100000011356E+000, 1.0602919281387578E+001
-4.7627100000011353E+000,-4.7627100000011353E+000, 1.0602919166233782E+001
-4.7617100000011350E+000,-4.7617100000011350E+000, 1.0602919051084461E+001
-4.7607100000011346E+000,-4.7607100000011346E+000, 1.0602918935935588E+001
-4.7597100000011343E+000,-4.7597100000011343E+000, 1.0602918820785021E+001
-4.7587100000011340E+000,-4.7587100000011340E+000, 1.0602918705627795E+001
-4.7577100000011336E+000,-4.7577100000011336E+000, 1.0602918590465665E+001
-4.7567100000011333E+000,-4.7567100000011333E+000, 1.0602918475318901E+001
-4.7557100000011330E+000,-4.7557100000011330E+000, 1.0602918360165550E+001
-4.7547100000011326E+000,-4.7547100000011326E+000, 1.0602918245019671E+001
-4.7537100000011323E+000,-4.7537100000011323E+000, 1.0602918129856077E+001
-4.7527100000011320E+000,-4.7527100000011320E+000, 1.0602918014695563E+001
-4.7517100000011316E+000,-4.7517100000011316E+000, 1.0602917899546295E+001
-4.7507100000011313E+000,-4.7507100000011313E+000, 1.0602917784379446E+001
-4.7497100000011310E+000,-4.7497100000011310E+000, 1.0602917669230978E+001
-4.7487100000011306E+000,-4.7487100000011306E+000, 1.0602917554079999E+001
-4.7477100000011303E+000,-4.7477100000011303E+000, 1.0602917438916371E+001
-4.7467100000011300E+000,-4.7467100000011300E+000, 1.0602917323748155E+001
-4.7457100000011296E+000,-4.7457100000011296E+000, 1.0602917208581495E+001
-4.7447100000011293E+000,-4.7447100000011293E+000, 1.0602917093430483E+001
-4.7437100000011290E+000,-4.7437100000011290E+000, 1.0602916978289123E+001
-4.7427100000011286E+000,-4.7427100000011286E+000, 1.0602916863102507E+001
-4.7417100000011283E+000,-4.7417100000011283E+000, 1.0602916747950680E+001
-4.7407100000011280E+000,-4.7407100000011280E+000, 1.0602916632786455E+001
-4.7397100000011276E+000,-4.7397100000011276E+000, 1.0602916517626525E+001
-4.7387100000011273E+000,-4.7387100000011273E+000, 1.0602916402455165E+001
-4.7377100000011270E+000,-4.7377100000011270E+000, 1.0602916287293555E+001
-4.7367100000011266E+000,-4.7367100000011266E+000, 1.0602916172137995E+001
-4.7357100000011263E+000,-4.7357100000011263E+000, 1.0602916056969054E+001
-4.7347100000011260E+000,-4.7347100000011260E+000, 1.0602915941803962E+001
-4.7337100000011256E+000,-4.7337100000011256E+000, 1.0602915826633296E+001
-4.7327100000011253E+000,-4.7327100000011253E+000, 1.0602915711473559E+001
-4.7317100000011250E+000,-4.7317100000011250E+000, 1.0602915596303642E+001
-4.7307100000011246E+000,-4.7307100000011246E+000, 1.0602915481128246E+001
-4.7297100000011243E+000,-4.7297100000011243E+000, 1.0602915365960779E+001
-4.7287100000011240E+000,-4.7287100000011240E+000, 1.0602915250802745E+001
-4.7277100000011236E+000,-4.7277100000011236E+000, 1.0602915135638884E+001
-4.7267100000011233E+000,-4.7267100000011233E+000, 1.0602915020457845E+001
-4.7257100000011230E+000,-4.7257100000011230E+000, 1.0602914905290344E+001
-4.7247100000011226E+000,-4.7247100000011226E+000, 1.0602914790128430E+001
-4.7237100000011223E+000,-4.7237100000011223E+000, 1.0602914674945318E+001
-4.7227100000011220E+000,-4.7227100000011220E+000, 1.0602914559762745E+001
-4.7217100000011216E+000,-4.7217100000011216E+000, 1.0602914444605641E+001
-4.7207100000011213E+000,-4.7207100000011213E+000, 1.0602914329426953E+001
-4.7197100000011210E+000,-4.7197100000011210E+000, 1.0602914214273969E+001
-4.7187100000011206E+000,-4.7187100000011206E+000, 1.0602914099072279E+001
-4.7177100000011203E+000,-4.7177100000011203E+000, 1.0602913983906234E+001
-4.7167100000011200E+000,-4.7167100000011200E+000, 1.0602913868739703E+001
-4.7157100000011196E+000,-4.7157100000011196E+000, 1.0602913753560543E+001
-4.7147100000011193E+000,-4.7147100000011193E+000, 1.0602913638388687E+001
-4.7137100000011189E+000,-4.7137100000011189E+000, 1.0602913523209946E+001
-4.7127100000011186E+000,-4.7127100000011186E+000, 1.0602913408033682E+001
-4.7117100000011183E+000,-4.7117100000011183E+000, 1.0602913292862226E+001
-4.7107100000011179E+000,-4.7107100000011179E+000, 1.0602913177676907E+001
-4.7097100000011176E+000,-4.7097100000011176E+000, 1.0602913062504717E+001
-4.7087100000011173E+000,-4.7087100000011173E+000, 1.0602912947331248E+001
-4.7077100000011169E+000,-4.7077100000011169E+000, 1.0602912832139307E+001
-4.7067100000011166E+000,-4.7067100000011166E+000, 1.0602912716957320E+001
-4.7057100000011163E+000,-4.7057100000011163E+000, 1.0602912601783375E+001
-4.7047100000011159E+000,-4.7047100000011159E+000, 1.0602912486597134E+001
-4.7037100000011156E+000,-4.7037100000011156E+000, 1.0602912371420636E+001
-4.7027100000011153E+000,-4.7027100000011153E+000, 1.0602912256239302E+001
-4.7017100000011149E+000,-4.7017100000011149E+000, 1.0602912141060539E+001
-4.7007100000011146E+000,-4.7007100000011146E+000, 1.0602912025885544E+001
-4.6997100000011143E+000,-4.6997100000011143E+000, 1.0602911910700159E+001
-4.6987100000011139E+000,-4.6987100000011139E+000, 1.0602911795504813E+001
-4.6977100000011136E+000,-4.6977100000011136E+000, 1.0602911680312850E+001
-4.6967100000011133E+000,-4.6967100000011133E+000, 1.0602911565130128E+001
-4.6957100000011129E+000,-4.6957100000011129E+000, 1.0602911449952469E+001
-4.6947100000011126E+000,-4.6947100000011126E+000, 1.0602911334758975E+001
-4.6937100000011123E+000,-4.6937100000011123E+000, 1.0602911219580506E+001
-4.6927100000011119E+000,-4.6927100000011119E+000, 1.0602911104400834E+001
-4.6917100000011116E+000,-4.6917100000011116E+000, 1.0602910989208578E+001
-4.6907100000011113E+000,-4.6907100000011113E+000, 1.0602910874013709E+001
-4.6897100000011109E+000,-4.6897100000011109E+000, 1.0602910758830342E+001
-4.6887100000011106E+000,-4.6887100000011106E+000, 1.0602910643652097E+001
-4.6877100000011103E+000,-4.6877100000011103E+000, 1.0602910528447120E+001
-4.6867100000011099E+000,-4.6867100000011099E+000, 1.0602910413258858E+001
-4.6857100000011096E+000,-4.6857100000011096E+000, 1.0602910298062998E+001
-4.6847100000011093E+000,-4.6847100000011093E+000, 1.0602910182876037E+001
-4.6837100000011089E+000,-4.6837100000011089E+000, 1.0602910067690667E+001
-4.6827100000011086E+000,-4.6827100000011086E+000, 1.0602909952486311E+001
-4.6817100000011083E+000,-4.6817100000011083E+000, 1.0602909837298942E+001
-4.6807100000011079E+000,-4.6807100000011079E+000, 1.0602909722115832E+001
-4.6797100000011076E+000,-4.6797100000011076E+000, 1.0602909606919308E+001
-4.6787100000011073E+000,-4.6787100000011073E+000, 1.0602909491719156E+001
-4.6777100000011069E+000,-4.6777100000011069E+000, 1.0602909376531484E+001
-4.6767100000011066E+000,-4.6767100000011066E+000, 1.0602909261333663E+001
-4.6757100000011063E+000,-4.6757100000011063E+000, 1.0602909146140201E+001
-4.6747100000011059E+000,-4.6747100000011059E+000, 1.0602909030937305E+001
-4.6737100000011056E+000,-4.6737100000011056E+000, 1.0602908915744255E+001
-4.6727100000011053E+000,-4.6727100000011053E+000, 1.0602908800552244E+001
-4.6717100000011049E+000,-4.6717100000011049E+000, 1.0602908685350695E+001
-4.6707100000011046E+000,-4.6707100000011046E+000, 1.0602908570156542E+001
-4.6697100000011043E+000,-4.6697100000011043E+000, 1.0602908454956939E+001
-4.6687100000011039E+000,-4.6687100000011039E+000, 1.0602908339755997E+001
-4.6677100000011036E+000,-4.6677100000011036E+000, 1.0602908224558146E+001
-4.6667100000011033E+000,-4.6667100000011033E+000, 1.0602908109345956E+001
-4.6657100000011029E+000,-4.6657100000011029E+000, 1.0602907994150335E+001
-4.6647100000011026E+000,-4.6647100000011026E+000, 1.0602907878952518E+001
-4.6637100000011023E+000,-4.6637100000011023E+000, 1.0602907763760362E+001
-4.6627100000011019E+000,-4.6627100000011019E+000, 1.0602907648542519E+001
-4.6617100000011016E+000,-4.6617100000011016E+000, 1.0602907533348253E+001
-4.6607100000011012E+000,-4.6607100000011012E+000, 1.0602907418139779E+001
-4.6597100000011009E+000,-4.6597100000011009E+000, 1.0602907302942382E+001
-4.6587100000011006E+000,-4.6587100000011006E+000, 1.0602907187733386E+001
-4.6577100000011002E+000,-4.6577100000011002E+000, 1.0602907072527705E+001
-4.6567100000010999E+000,-4.6567100000010999E+000, 1.0602906957320423E+001
-4.6557100000010996E+000,-4.6557100000010996E+000, 1.0602906842106915E+001
-4.6547100000010992E+000,-4.6547100000010992E+000, 1.0602906726915238E+001
-4.6537100000010989E+000,-4.6537100000010989E+000, 1.0602906611707711E+001
-4.6527100000010986E+000,-4.6527100000010986E+000, 1.0602906496511808E+001
-4.6517100000010982E+000,-4.6517100000010982E+000, 1.0602906381278547E+001
-4.6507100000010979E+000,-4.6507100000010979E+000, 1.0602906266071484E+001
-4.6497100000010976E+000,-4.6497100000010976E+000, 1.0602906150864584E+001
-4.6487100000010972E+000,-4.6487100000010972E+000, 1.0602906035663409E+001
-4.6477100000010969E+000,-4.6477100000010969E+000, 1.0602905920453265E+001
-4.6467100000010966E+000,-4.6467100000010966E+000, 1.0602905805238683E+001
-4.6457100000010962E+000,-4.6457100000010962E+000, 1.0602905690037552E+001
-4.6447100000010959E+000,-4.6447100000010959E+000, 1.0602905574809972E+001
-4.6437100000010956E+000,-4.6437100000010956E+000, 1.0602905459597102E+001
-4.6427100000010952E+000,-4.6427100000010952E+000, 1.0602905344401288E+001
-4.6417100000010949E+000,-4.6417100000010949E+000, 1.0602905229178630E+001
-4.6407100000010946E+000,-4.6407100000010946E+000, 1.0602905113982059E+001
-4.6397100000010942E+000,-4.6397100000010942E+000, 1.0602904998744659E+001
-4.6387100000010939E+000,-4.6387100000010939E+000, 1.0602904883535313E+001
-4.6377100000010936E+000,-4.6377100000010936E+000, 1.0602904768318773E+001
-4.6367100000010932E+000,-4.6367100000010932E+000, 1.0602904653109121E+001
-4.6357100000010929E+000,-4.6357100000010929E+000, 1.0602904537881278E+001
-4.6347100000010926E+000,-4.6347100000010926E+000, 1.0602904422678254E+001
-4.6337100000010922E+000,-4.6337100000010922E+000, 1.0602904307452638E+001
-4.6327100000010919E+000,-4.6327100000010919E+000, 1.0602904192238388E+001
-4.6317100000010916E+000,-4.6317100000010916E+000, 1.0602904077021840E+001
-4.6307100000010912E+000,-4.6307100000010912E+000, 1.0602903961814331E+001
-4.6297100000010909E+000,-4.6297100000010909E+000, 1.0602903846579292E+001
-4.6287100000010906E+000,-4.6287100000010906E+000, 1.0602903731371743E+001
-4.6277100000010902E+000,-4.6277100000010902E+000, 1.0602903616142671E+001
-4.6267100000010899E+000,-4.6267100000010899E+000, 1.0602903500927463E+001
-4.6257100000010896E+000,-4.6257100000010896E+000, 1.0602903385712008E+001
-4.6247100000010892E+000,-4.6247100000010892E+000, 1.0602903270478546E+001
-4.6237100000010889E+000,-4.6237100000010889E+000, 1.0602903155256607E+001
-4.6227100000010886E+000,-4.6227100000010886E+000, 1.0602903040033359E+001
-4.6217100000010882E+000,-4.6217100000010882E+000, 1.0602902924814796E+001
-4.6207100000010879E+000,-4.6207100000010879E+000, 1.0602902809589212E+001
-4.6197100000010876E+000,-4.6197100000010876E+000, 1.0602902694368119E+001
-4.6187100000010872E+000,-4.6187100000010872E+000, 1.0602902579138631E+001
-4.6177100000010869E+000,-4.6177100000010869E+000, 1.0602902463911523E+001
-4.6167100000010866E+000,-4.6167100000010866E+000, 1.0602902348691686E+001
-4.6157100000010862E+000,-4.6157100000010862E+000, 1.0602902233459067E+001
-4.6147100000010859E+000,-4.6147100000010859E+000, 1.0602902118233189E+001
-4.6137100000010856E+000,-4.6137100000010856E+000, 1.0602902002998924E+001
-4.6127100000010852E+000,-4.6127100000010852E+000, 1.0602901887783403E+001
-4.6117100000010849E+000,-4.6117100000010849E+000, 1.0602901772536224E+001
-4.6107100000010846E+000,-4.6107100000010846E+000, 1.0602901657308987E+001
-4.6097100000010842E+000,-4.6097100000010842E+000, 1.0602901542086141E+001
-4.6087100000010839E+000,-4.6087100000010839E+000, 1.0602901426865143E+001
-4.6077100000010836E+000,-4.6077100000010836E+000, 1.0602901311627779E+001
-4.6067100000010832E+000,-4.6067100000010832E+000, 1.0602901196390556E+001
-4.6057100000010829E+000,-4.6057100000010829E+000, 1.0602901081166523E+001
-4.6047100000010825E+000,-4.6047100000010825E+000, 1.0602900965939211E+001
-4.6037100000010822E+000,-4.6037100000010822E+000, 1.0602900850712068E+001
-4.6027100000010819E+000,-4.6027100000010819E+000, 1.0602900735467909E+001
-4.6017100000010815E+000,-4.6017100000010815E+000, 1.0602900620248636E+001
-4.6007100000010812E+000,-4.6007100000010812E+000, 1.0602900505004339E+001
-4.5997100000010809E+000,-4.5997100000010809E+000, 1.0602900389768322E+001
-4.5987100000010805E+000,-4.5987100000010805E+000, 1.0602900274529881E+001
-4.5977100000010802E+000,-4.5977100000010802E+000, 1.0602900159303523E+001
-4.5967100000010799E+000,-4.5967100000010799E+000, 1.0602900044066972E+001
-4.5957100000010795E+000,-4.5957100000010795E+000, 1.0602899928822959E+001
-4.5947100000010792E+000,-4.5947100000010792E+000, 1.0602899813583381E+001
-4.5937100000010789E+000,-4.5937100000010789E+000, 1.0602899698357529E+001
-4.5927100000010785E+000,-4.5927100000010785E+000, 1.0602899583119603E+001
-4.5917100000010782E+000,-4.5917100000010782E+000, 1.0602899467869207E+001
-4.5907100000010779E+000,-4.5907100000010779E+000, 1.0602899352635461E+001
-4.5897100000010775E+000,-4.5897100000010775E+000, 1.0602899237398075E+001
-4.5887100000010772E+000,-4.5887100000010772E+000, 1.0602899122159887E+001
-4.5877100000010769E+000,-4.5877100000010769E+000, 1.0602899006920934E+001
-4.5867100000010765E+000,-4.5867100000010765E+000, 1.0602898891684710E+001
-4.5857100000010762E+000,-4.5857100000010762E+000, 1.0602898776426091E+001
-4.5847100000010759E+000,-4.5847100000010759E+000, 1.0602898661179893E+001
-4.5837100000010755E+000,-4.5837100000010755E+000, 1.0602898545948696E+001
-4.5827100000010752E+000,-4.5827100000010752E+000, 1.0602898430698994E+001
-4.5817100000010749E+000,-4.5817100000010749E+000, 1.0602898315463236E+001
-4.5807100000010745E+000,-4.5807100000010745E+000, 1.0602898200217380E+001
-4.5797100000010742E+000,-4.5797100000010742E+000, 1.0602898084953733E+001
-4.5787100000010739E+000,-4.5787100000010739E+000, 1.0602897969726232E+001
-4.5777100000010735E+000,-4.5777100000010735E+000, 1.0602897854473079E+001
-4.5767100000010732E+000,-4.5767100000010732E+000, 1.0602897739245513E+001
-4.5757100000010729E+000,-4.5757100000010729E+000, 1.0602897623985513E+001
-4.5747100000010725E+000,-4.5747100000010725E+000, 1.0602897508746404E+001
-4.5737100000010722E+000,-4.5737100000010722E+000, 1.0602897393490986E+001
-4.5727100000010719E+000,-4.5727100000010719E+000, 1.0602897278239759E+001
-4.5717100000010715E+000,-4.5717100000010715E+000, 1.0602897162993385E+001
-4.5707100000010712E+000,-4.5707100000010712E+000, 1.0602897047754313E+001
-4.5697100000010709E+000,-4.5697100000010709E+000, 1.0602896932505921E+001
-4.5687100000010705E+000,-4.5687100000010705E+000, 1.0602896817237760E+001
-4.5677100000010702E+000,-4.5677100000010702E+000, 1.0602896701993384E+001
-4.5667100000010699E+000,-4.5667100000010699E+000, 1.0602896586736255E+001
-4.5657100000010695E+000,-4.5657100000010695E+000, 1.0602896471494228E+001
-4.5647100000010692E+000,-4.5647100000010692E+000, 1.0602896356233300E+001
-4.5637100000010689E+000,-4.5637100000010689E+000, 1.0602896240984299E+001
-4.5627100000010685E+000,-4.5627100000010685E+000, 1.0602896125714274E+001
-4.5617100000010682E+000,-4.5617100000010682E+000, 1.0602896010476419E+001
-4.5607100000010679E+000,-4.5607100000010679E+000, 1.0602895895215202E+001
-4.5597100000010675E+000,-4.5597100000010675E+000, 1.0602895779962322E+001
-4.5587100000010672E+000,-4.5587100000010672E+000, 1.0602895664715474E+001
-4.5577100000010669E+000,-4.5577100000010669E+000, 1.0602895549448373E+001
-4.5567100000010665E+000,-4.5567100000010665E+000, 1.0602895434180875E+001
-4.5557100000010662E+000,-4.5557100000010662E+000, 1.0602895318940250E+001
-4.5547100000010659E+000,-4.5547100000010659E+000, 1.0602895203685527E+001
-4.5537100000010655E+000,-4.5537100000010655E+000, 1.0602895088429584E+001
-4.5527100000010652E+000,-4.5527100000010652E+000, 1.0602894973164048E+001
-4.5517100000010648E+000,-4.5517100000010648E+000, 1.0602894857897450E+001
-4.5507100000010645E+000,-4.5507100000010645E+000, 1.0602894742639974E+001
-4.5497100000010642E+000,-4.5497100000010642E+000, 1.0602894627394409E+001
-4.5487100000010638E+000,-4.5487100000010638E+000, 1.0602894512121937E+001
-4.5477100000010635E+000,-4.5477100000010635E+000, 1.0602894396875415E+001
-4.5467100000010632E+000,-4.5467100000010632E+000, 1.0602894281595042E+001
-4.5457100000010628E+000,-4.5457100000010628E+000, 1.0602894166336961E+001
-4.5447100000010625E+000,-4.5447100000010625E+000, 1.0602894051070050E+001
-4.5437100000010622E+000,-4.5437100000010622E+000, 1.0602893935821854E+001
-4.5427100000010618E+000,-4.5427100000010618E+000, 1.0602893820552868E+001
-4.5417100000010615E+000,-4.5417100000010615E+000, 1.0602893705283440E+001
-4.5407100000010612E+000,-4.5407100000010612E+000, 1.0602893590013277E+001
-4.5397100000010608E+000,-4.5397100000010608E+000, 1.0602893474756709E+001
-4.5387100000010605E+000,-4.5387100000010605E+000, 1.0602893359488016E+001
-4.5377100000010602E+000,-4.5377100000010602E+000, 1.0602893244225617E+001
-4.5367100000010598E+000,-4.5367100000010598E+000, 1.0602893128955269E+001
-4.5357100000010595E+000,-4.5357100000010595E+000, 1.0602893013680079E+001
-4.5347100000010592E+000,-4.5347100000010592E+000, 1.0602892898418746E+001
-4.5337100000010588E+000,-4.5337100000010588E+000, 1.0602892783156184E+001
-4.5327100000010585E+000,-4.5327100000010585E+000, 1.0602892667882980E+001
-4.5317100000010582E+000,-4.5317100000010582E+000, 1.0602892552606265E+001
-4.5307100000010578E+000,-4.5307100000010578E+000, 1.0602892437336163E+001
-4.5297100000010575E+000,-4.5297100000010575E+000, 1.0602892322071444E+001
-4.5287100000010572E+000,-4.5287100000010572E+000, 1.0602892206801734E+001
-4.5277100000010568E+000,-4.5277100000010568E+000, 1.0602892091530148E+001
-4.5267100000010565E+000,-4.5267100000010565E+000, 1.0602891976264246E+001
-4.5257100000010562E+000,-4.5257100000010562E+000, 1.0602891860996795E+001
-4.5247100000010558E+000,-4.5247100000010558E+000, 1.0602891745705399E+001
-4.5237100000010555E+000,-4.5237100000010555E+000, 1.0602891630435662E+001
-4.5227100000010552E+000,-4.5227100000010552E+000, 1.0602891515164954E+001
-4.5217100000010548E+000,-4.5217100000010548E+000, 1.0602891399891035E+001
-4.5207100000010545E+000,-4.5207100000010545E+000, 1.0602891284615309E+001
-4.5197100000010542E+000,-4.5197100000010542E+000, 1.0602891169330931E+001
-4.5187100000010538E+000,-4.5187100000010538E+000, 1.0602891054062297E+001
-4.5177100000010535E+000,-4.5177100000010535E+000, 1.0602890938793461E+001
-4.5167100000010532E+000,-4.5167100000010532E+000, 1.0602890823509615E+001
-4.5157100000010528E+000,-4.5157100000010528E+000, 1.0602890708239848E+001
-4.5147100000010525E+000,-4.5147100000010525E+000, 1.0602890592964417E+001
-4.5137100000010522E+000,-4.5137100000010522E+000, 1.0602890477667327E+001
-4.5127100000010518E+000,-4.5127100000010518E+000, 1.0602890362381668E+001
-4.5117100000010515E+000,-4.5117100000010515E+000, 1.0602890247105547E+001
-4.5107100000010512E+000,-4.5107100000010512E+000, 1.0602890131840319E+001
-4.5097100000010508E+000,-4.5097100000010508E+000, 1.0602890016562476E+001
-4.5087100000010505E+000,-4.5087100000010505E+000, 1.0602889901261722E+001
-4.5077100000010502E+000,-4.5077100000010502E+000, 1.0602889785985672E+001
-4.5067100000010498E+000,-4.5067100000010498E+000, 1.0602889670709743E+001
-4.5057100000010495E+000,-4.5057100000010495E+000, 1.0602889555422220E+001
-4.5047100000010492E+000,-4.5047100000010492E+000, 1.0602889440148878E+001
-4.5037100000010488E+000,-4.5037100000010488E+000, 1.0602889324870901E+001
-4.5027100000010485E+000,-4.5027100000010485E+000, 1.0602889209573291E+001
-4.5017100000010482E+000,-4.5017100000010482E+000, 1.0602889094282203E+001
-4.5007100000010478E+000,-4.5007100000010478E+000, 1.0602888979004877E+001
-4.4997100000010475E+000,-4.4997100000010475E+000, 1.0602888863729330E+001
-4.4987100000010471E+000,-4.4987100000010471E+000, 1.0602888748445681E+001
-4.4977100000010468E+000,-4.4977100000010468E+000, 1.0602888633139894E+001
-4.4967100000010465E+000,-4.4967100000010465E+000, 1.0602888517848356E+001
-4.4957100000010461E+000,-4.4957100000010461E+000, 1.0602888402564034E+001
-4.4947100000010458E+000,-4.4947100000010458E+000, 1.0602888287282685E+001
-4.4937100000010455E+000,-4.4937100000010455E+000, 1.0602888171996252E+001
-4.4927100000010451E+000,-4.4927100000010451E+000, 1.0602888056699101E+001
-4.4917100000010448E+000,-4.4917100000010448E+000, 1.0602887941407266E+001
-4.4907100000010445E+000,-4.4907100000010445E+000, 1.0602887826122808E+001
-4.4897100000010441E+000,-4.4897100000010441E+000, 1.0602887710822550E+001
-4.4887100000010438E+000,-4.4887100000010438E+000, 1.0602887595543795E+001
-4.4877100000010435E+000,-4.4877100000010435E+000, 1.0602887480256621E+001
-4.4867100000010431E+000,-4.4867100000010431E+000, 1.0602887364949694E+001
-4.4857100000010428E+000,-4.4857100000010428E+000, 1.0602887249643407E+001
-4.4847100000010425E+000,-4.4847100000010425E+000, 1.0602887134366018E+001
-4.4837100000010421E+000,-4.4837100000010421E+000, 1.0602887019076030E+001
-4.4827100000010418E+000,-4.4827100000010418E+000, 1.0602886903786890E+001
-4.4817100000010415E+000,-4.4817100000010415E+000, 1.0602886788482767E+001
-4.4807100000010411E+000,-4.4807100000010411E+000, 1.0602886673179846E+001
-4.4797100000010408E+000,-4.4797100000010408E+000, 1.0602886557887137E+001
-4.4787100000010405E+000,-4.4787100000010405E+000, 1.0602886442590616E+001
-4.4777100000010401E+000,-4.4777100000010401E+000, 1.0602886327303111E+001
-4.4767100000010398E+000,-4.4767100000010398E+000, 1.0602886212001343E+001
-4.4757100000010395E+000,-4.4757100000010395E+000, 1.0602886096708819E+001
-4.4747100000010391E+000,-4.4747100000010391E+000, 1.0602885981401995E+001
-4.4737100000010388E+000,-4.4737100000010388E+000, 1.0602885866101403E+001
-4.4727100000010385E+000,-4.4727100000010385E+000, 1.0602885750802782E+001
-4.4717100000010381E+000,-4.4717100000010381E+000, 1.0602885635508919E+001
-4.4707100000010378E+000,-4.4707100000010378E+000, 1.0602885520206639E+001
-4.4697100000010375E+000,-4.4697100000010375E+000, 1.0602885404898904E+001
-4.4687100000010371E+000,-4.4687100000010371E+000, 1.0602885289597170E+001
-4.4677100000010368E+000,-4.4677100000010368E+000, 1.0602885174294912E+001
-4.4667100000010365E+000,-4.4667100000010365E+000, 1.0602885059009239E+001
-4.4657100000010361E+000,-4.4657100000010361E+000, 1.0602884943689777E+001
-4.4647100000010358E+000,-4.4647100000010358E+000, 1.0602884828392206E+001
-4.4637100000010355E+000,-4.4637100000010355E+000, 1.0602884713077373E+001
-4.4627100000010351E+000,-4.4627100000010351E+000, 1.0602884597788391E+001
-4.4617100000010348E+000,-4.4617100000010348E+000, 1.0602884482473396E+001
-4.4607100000010345E+000,-4.4607100000010345E+000, 1.0602884367170125E+001
-4.4597100000010341E+000,-4.4597100000010341E+000, 1.0602884251863083E+001
-4.4587100000010338E+000,-4.4587100000010338E+000, 1.0602884136542913E+001
-4.4577100000010335E+000,-4.4577100000010335E+000, 1.0602884021247178E+001
-4.4567100000010331E+000,-4.4567100000010331E+000, 1.0602883905936253E+001
-4.4557100000010328E+000,-4.4557100000010328E+000, 1.0602883790633539E+001
-4.4547100000010325E+000,-4.4547100000010325E+000, 1.0602883675311091E+001
-4.4537100000010321E+000,-4.4537100000010321E+000, 1.0602883560015421E+001
-4.4527100000010318E+000,-4.4527100000010318E+000, 1.0602883444703650E+001
-4.4517100000010315E+000,-4.4517100000010315E+000, 1.0602883329387607E+001
-4.4507100000010311E+000,-4.4507100000010311E+000, 1.0602883214073680E+001
-4.4497100000010308E+000,-4.4497100000010308E+000, 1.0602883098759138E+001
-4.4487100000010305E+000,-4.4487100000010305E+000, 1.0602882983455736E+001
-4.4477100000010301E+000,-4.4477100000010301E+000, 1.0602882868143549E+001
-4.4467100000010298E+000,-4.4467100000010298E+000, 1.0602882752832357E+001
-4.4457100000010294E+000,-4.4457100000010294E+000, 1.0602882637508619E+001
-4.4447100000010291E+000,-4.4447100000010291E+000, 1.0602882522199019E+001
-4.4437100000010288E+000,-4.4437100000010288E+000, 1.0602882406901079E+001
-4.4427100000010284E+000,-4.4427100000010284E+000, 1.0602882291570214E+001
-4.4417100000010281E+000,-4.4417100000010281E+000, 1.0602882176249379E+001
-4.4407100000010278E+000,-4.4407100000010278E+000, 1.0602882060943443E+001
-4.4397100000010274E+000,-4.4397100000010274E+000, 1.0602881945629893E+001
-4.4387100000010271E+000,-4.4387100000010271E+000, 1.0602881830303078E+001
-4.4377100000010268E+000,-4.4377100000010268E+000, 1.0602881714982928E+001
-4.4367100000010264E+000,-4.4367100000010264E+000, 1.0602881599664315E+001
-4.4357100000010261E+000,-4.4357100000010261E+000, 1.0602881484354903E+001
-4.4347100000010258E+000,-4.4347100000010258E+000, 1.0602881369038645E+001
-4.4337100000010254E+000,-4.4337100000010254E+000, 1.0602881253716028E+001
-4.4327100000010251E+000,-4.4327100000010251E+000, 1.0602881138396873E+001
-4.4317100000010248E+000,-4.4317100000010248E+000, 1.0602881023074740E+001
-4.4307100000010244E+000,-4.4307100000010244E+000, 1.0602880907745304E+001
-4.4297100000010241E+000,-4.4297100000010241E+000, 1.0602880792424807E+001
-4.4287100000010238E+000,-4.4287100000010238E+000, 1.0602880677108313E+001
-4.4277100000010234E+000,-4.4277100000010234E+000, 1.0602880561794695E+001
-4.4267100000010231E+000,-4.4267100000010231E+000, 1.0602880446454831E+001
-4.4257100000010228E+000,-4.4257100000010228E+000, 1.0602880331126702E+001
-4.4247100000010224E+000,-4.4247100000010224E+000, 1.0602880215814514E+001
-4.4237100000010221E+000,-4.4237100000010221E+000, 1.0602880100488314E+001
-4.4227100000010218E+000,-4.4227100000010218E+000, 1.0602879985162909E+001
-4.4217100000010214E+000,-4.4217100000010214E+000, 1.0602879869836826E+001
-4.4207100000010211E+000,-4.4207100000010211E+000, 1.0602879754508988E+001
-4.4197100000010208E+000,-4.4197100000010208E+000, 1.0602879639168084E+001
-4.4187100000010204E+000,-4.4187100000010204E+000, 1.0602879523849198E+001
-4.4177100000010201E+000,-4.4177100000010201E+000, 1.0602879408519472E+001
-4.4167100000010198E+000,-4.4167100000010198E+000, 1.0602879293201507E+001
-4.4157100000010194E+000,-4.4157100000010194E+000, 1.0602879177865946E+001
-4.4147100000010191E+000,-4.4147100000010191E+000, 1.0602879062533493E+001
-4.4137100000010188E+000,-4.4137100000010188E+000, 1.0602878947212318E+001
-4.4127100000010184E+000,-4.4127100000010184E+000, 1.0602878831875930E+001
-4.4117100000010181E+000,-4.4117100000010181E+000, 1.0602878716549750E+001
-4.4107100000010178E+000,-4.4107100000010178E+000, 1.0602878601210328E+001
-4.4097100000010174E+000,-4.4097100000010174E+000, 1.0602878485886036E+001
-4.4087100000010171E+000,-4.4087100000010171E+000, 1.0602878370548682E+001
-4.4077100000010168E+000,-4.4077100000010168E+000, 1.0602878255207736E+001
-4.4067100000010164E+000,-4.4067100000010164E+000, 1.0602878139880263E+001
-4.4057100000010161E+000,-4.4057100000010161E+000, 1.0602878024553547E+001
-4.4047100000010158E+000,-4.4047100000010158E+000, 1.0602877909206793E+001
-4.4037100000010154E+000,-4.4037100000010154E+000, 1.0602877793873526E+001
-4.4027100000010151E+000,-4.4027100000010151E+000, 1.0602877678538032E+001
-4.4017100000010148E+000,-4.4017100000010148E+000, 1.0602877563211585E+001
-4.4007100000010144E+000,-4.4007100000010144E+000, 1.0602877447871887E+001
-4.3997100000010141E+000,-4.3997100000010141E+000, 1.0602877332521679E+001
-4.3987100000010138E+000,-4.3987100000010138E+000, 1.0602877217187199E+001
-4.3977100000010134E+000,-4.3977100000010134E+000, 1.0602877101857910E+001
-4.3967100000010131E+000,-4.3967100000010131E+000, 1.0602876986522665E+001
-4.3957100000010128E+000,-4.3957100000010128E+000, 1.0602876871175653E+001
-4.3947100000010124E+000,-4.3947100000010124E+000, 1.0602876755835940E+001
-4.3937100000010121E+000,-4.3937100000010121E+000, 1.0602876640502638E+001
-4.3927100000010117E+000,-4.3927100000010117E+000, 1.0602876525154525E+001
-4.3917100000010114E+000,-4.3917100000010114E+000, 1.0602876409811628E+001
-4.3907100000010111E+000,-4.3907100000010111E+000, 1.0602876294471647E+001
-4.3897100000010107E+000,-4.3897100000010107E+000, 1.0602876179135496E+001
-4.3887100000010104E+000,-4.3887100000010104E+000, 1.0602876063796291E+001
-4.3877100000010101E+000,-4.3877100000010101E+000, 1.0602875948443405E+001
-4.3867100000010097E+000,-4.3867100000010097E+000, 1.0602875833100210E+001
-4.3857100000010094E+000,-4.3857100000010094E+000, 1.0602875717761052E+001
-4.3847100000010091E+000,-4.3847100000010091E+000, 1.0602875602422344E+001
-4.3837100000010087E+000,-4.3837100000010087E+000, 1.0602875487055721E+001
-4.3827100000010084E+000,-4.3827100000010084E+000, 1.0602875371722092E+001
-4.3817100000010081E+000,-4.3817100000010081E+000, 1.0602875256379422E+001
-4.3807100000010077E+000,-4.3807100000010077E+000, 1.0602875141022377E+001
-4.3797100000010074E+000,-4.3797100000010074E+000, 1.0602875025669601E+001
-4.3787100000010071E+000,-4.3787100000010071E+000, 1.0602874910326133E+001
-4.3777100000010067E+000,-4.3777100000010067E+000, 1.0602874794980261E+001
-4.3767100000010064E+000,-4.3767100000010064E+000, 1.0602874679624692E+001
-4.3757100000010061E+000,-4.3757100000010061E+000, 1.0602874564275542E+001
-4.3747100000010057E+000,-4.3747100000010057E+000, 1.0602874448932766E+001
-4.3737100000010054E+000,-4.3737100000010054E+000, 1.0602874333593922E+001
-4.3727100000010051E+000,-4.3727100000010051E+000, 1.0602874218232339E+001
-4.3717100000010047E+000,-4.3717100000010047E+000, 1.0602874102872644E+001
-4.3707100000010044E+000,-4.3707100000010044E+000, 1.0602873987526667E+001
-4.3697100000010041E+000,-4.3697100000010041E+000, 1.0602873872171536E+001
-4.3687100000010037E+000,-4.3687100000010037E+000, 1.0602873756826233E+001
-4.3677100000010034E+000,-4.3677100000010034E+000, 1.0602873641468726E+001
-4.3667100000010031E+000,-4.3667100000010031E+000, 1.0602873526105606E+001
-4.3657100000010027E+000,-4.3657100000010027E+000, 1.0602873410766815E+001
-4.3647100000010024E+000,-4.3647100000010024E+000, 1.0602873295402885E+001
-4.3637100000010021E+000,-4.3637100000010021E+000, 1.0602873180047316E+001
-4.3627100000010017E+000,-4.3627100000010017E+000, 1.0602873064696739E+001
-4.3617100000010014E+000,-4.3617100000010014E+000, 1.0602872949334717E+001
-4.3607100000010011E+000,-4.3607100000010011E+000, 1.0602872833983495E+001
-4.3597100000010007E+000,-4.3597100000010007E+000, 1.0602872718628902E+001
-4.3587100000010004E+000,-4.3587100000010004E+000, 1.0602872603255737E+001
-4.3577100000010001E+000,-4.3577100000010001E+000, 1.0602872487905401E+001
-4.3567100000009997E+000,-4.3567100000009997E+000, 1.0602872372544265E+001
-4.3557100000009994E+000,-4.3557100000009994E+000, 1.0602872257188498E+001
-4.3547100000009991E+000,-4.3547100000009991E+000, 1.0602872141821280E+001
-4.3537100000009987E+000,-4.3537100000009987E+000, 1.0602872026464869E+001
-4.3527100000009984E+000,-4.3527100000009984E+000, 1.0602871911099649E+001
-4.3517100000009981E+000,-4.3517100000009981E+000, 1.0602871795737434E+001
-4.3507100000009977E+000,-4.3507100000009977E+000, 1.0602871680381480E+001
-4.3497100000009974E+000,-4.3497100000009974E+000, 1.0602871565004248E+001
-4.3487100000009971E+000,-4.3487100000009971E+000, 1.0602871449653779E+001
-4.3477100000009967E+000,-4.3477100000009967E+000, 1.0602871334285199E+001
-4.3467100000009964E+000,-4.3467100000009964E+000, 1.0602871218921727E+001
-4.3457100000009961E+000,-4.3457100000009961E+000, 1.0602871103553262E+001
-4.3447100000009957E+000,-4.3447100000009957E+000, 1.0602870988183911E+001
-4.3437100000009954E+000,-4.3437100000009954E+000, 1.0602870872829140E+001
-4.3427100000009951E+000,-4.3427100000009951E+000, 1.0602870757456817E+001
-4.3417100000009947E+000,-4.3417100000009947E+000, 1.0602870642091649E+001
-4.3407100000009944E+000,-4.3407100000009944E+000, 1.0602870526718519E+001
-4.3397100000009941E+000,-4.3397100000009941E+000, 1.0602870411358776E+001
-4.3387100000009937E+000,-4.3387100000009937E+000, 1.0602870295988852E+001
-4.3377100000009934E+000,-4.3377100000009934E+000, 1.0602870180625324E+001
-4.3367100000009930E+000,-4.3367100000009930E+000, 1.0602870065243991E+001
-4.3357100000009927E+000,-4.3357100000009927E+000, 1.0602869949878620E+001
-4.3347100000009924E+000,-4.3347100000009924E+000, 1.0602869834504661E+001
-4.3337100000009920E+000,-4.3337100000009920E+000, 1.0602869719133706E+001
-4.3327100000009917E+000,-4.3327100000009917E+000, 1.0602869603773424E+001
-4.3317100000009914E+000,-4.3317100000009914E+000, 1.0602869488390620E+001
-4.3307100000009910E+000,-4.3307100000009910E+000, 1.0602869373024076E+001
-4.3297100000009907E+000,-4.3297100000009907E+000, 1.0602869257643055E+001
-4.3287100000009904E+000,-4.3287100000009904E+000, 1.0602869142269688E+001
-4.3277100000009900E+000,-4.3277100000009900E+000, 1.0602869026903354E+001
-4.3267100000009897E+000,-4.3267100000009897E+000, 1.0602868911529054E+001
-4.3257100000009894E+000,-4.3257100000009894E+000, 1.0602868796145923E+001
-4.3247100000009890E+000,-4.3247100000009890E+000, 1.0602868680776062E+001
-4.3237100000009887E+000,-4.3237100000009887E+000, 1.0602868565388626E+001
-4.3227100000009884E+000,-4.3227100000009884E+000, 1.0602868450024653E+001
-4.3217100000009880E+000,-4.3217100000009880E+000, 1.0602868334646869E+001
-4.3207100000009877E+000,-4.3207100000009877E+000, 1.0602868219262438E+001
-4.3197100000009874E+000,-4.3197100000009874E+000, 1.0602868103882541E+001
-4.3187100000009870E+000,-4.3187100000009870E+000, 1.0602867988496174E+001
-4.3177100000009867E+000,-4.3177100000009867E+000, 1.0602867873121223E+001
-4.3167100000009864E+000,-4.3167100000009864E+000, 1.0602867757744928E+001
-4.3157100000009860E+000,-4.3157100000009860E+000, 1.0602867642370320E+001
-4.3147100000009857E+000,-4.3147100000009857E+000, 1.0602867526979260E+001
-4.3137100000009854E+000,-4.3137100000009854E+000, 1.0602867411598838E+001
-4.3127100000009850E+000,-4.3127100000009850E+000, 1.0602867296230356E+001
-4.3117100000009847E+000,-4.3117100000009847E+000, 1.0602867180847708E+001
-4.3107100000009844E+000,-4.3107100000009844E+000, 1.0602867065457973E+001
-4.3097100000009840E+000,-4.3097100000009840E+000, 1.0602866950070720E+001
-4.3087100000009837E+000,-4.3087100000009837E+000, 1.0602866834693717E+001
-4.3077100000009834E+000,-4.3077100000009834E+000, 1.0602866719306469E+001
-4.3067100000009830E+000,-4.3067100000009830E+000, 1.0602866603918141E+001
-4.3057100000009827E+000,-4.3057100000009827E+000, 1.0602866488535538E+001
-4.3047100000009824E+000,-4.3047100000009824E+000, 1.0602866373159262E+001
-4.3037100000009820E+000,-4.3037100000009820E+000, 1.0602866257761711E+001
-4.3027100000009817E+000,-4.3027100000009817E+000, 1.0602866142365738E+001
-4.3017100000009814E+000,-4.3017100000009814E+000, 1.0602866026988867E+001
-4.3007100000009810E+000,-4.3007100000009810E+000, 1.0602865911600077E+001
-4.2997100000009807E+000,-4.2997100000009807E+000, 1.0602865796220001E+001
-4.2987100000009804E+000,-4.2987100000009804E+000, 1.0602865680811863E+001
-4.2977100000009800E+000,-4.2977100000009800E+000, 1.0602865565425276E+001
-4.2967100000009797E+000,-4.2967100000009797E+000, 1.0602865450034258E+001
-4.2957100000009794E+000,-4.2957100000009794E+000, 1.0602865334652268E+001
-4.2947100000009790E+000,-4.2947100000009790E+000, 1.0602865219259971E+001
-4.2937100000009787E+000,-4.2937100000009787E+000, 1.0602865103871062E+001
-4.2927100000009784E+000,-4.2927100000009784E+000, 1.0602864988477092E+001
-4.2917100000009780E+000,-4.2917100000009780E+000, 1.0602864873082254E+001
-4.2907100000009777E+000,-4.2907100000009777E+000, 1.0602864757675775E+001
-4.2897100000009774E+000,-4.2897100000009774E+000, 1.0602864642293394E+001
-4.2887100000009770E+000,-4.2887100000009770E+000, 1.0602864526903229E+001
-4.2877100000009767E+000,-4.2877100000009767E+000, 1.0602864411499183E+001
-4.2867100000009764E+000,-4.2867100000009764E+000, 1.0602864296110308E+001
-4.2857100000009760E+000,-4.2857100000009760E+000, 1.0602864180705907E+001
-4.2847100000009757E+000,-4.2847100000009757E+000, 1.0602864065320006E+001
-4.2837100000009753E+000,-4.2837100000009753E+000, 1.0602863949920698E+001
-4.2827100000009750E+000,-4.2827100000009750E+000, 1.0602863834526104E+001
-4.2817100000009747E+000,-4.2817100000009747E+000, 1.0602863719126086E+001
-4.2807100000009743E+000,-4.2807100000009743E+000, 1.0602863603716695E+001
-4.2797100000009740E+000,-4.2797100000009740E+000, 1.0602863488318196E+001
-4.2787100000009737E+000,-4.2787100000009737E+000, 1.0602863372928180E+001
-4.2777100000009733E+000,-4.2777100000009733E+000, 1.0602863257531329E+001
-4.2767100000009730E+000,-4.2767100000009730E+000, 1.0602863142125642E+001
-4.2757100000009727E+000,-4.2757100000009727E+000, 1.0602863026712493E+001
-4.2747100000009723E+000,-4.2747100000009723E+000, 1.0602862911314698E+001
-4.2737100000009720E+000,-4.2737100000009720E+000, 1.0602862795922151E+001
-4.2727100000009717E+000,-4.2727100000009717E+000, 1.0602862680522614E+001
-4.2717100000009713E+000,-4.2717100000009713E+000, 1.0602862565122143E+001
-4.2707100000009710E+000,-4.2707100000009710E+000, 1.0602862449711022E+001
-4.2697100000009707E+000,-4.2697100000009707E+000, 1.0602862334298830E+001
-4.2687100000009703E+000,-4.2687100000009703E+000, 1.0602862218903216E+001
-4.2677100000009700E+000,-4.2677100000009700E+000, 1.0602862103498996E+001
-4.2667100000009697E+000,-4.2667100000009697E+000, 1.0602861988092787E+001
-4.2657100000009693E+000,-4.2657100000009693E+000, 1.0602861872694213E+001
-4.2647100000009690E+000,-4.2647100000009690E+000, 1.0602861757268990E+001
-4.2637100000009687E+000,-4.2637100000009687E+000, 1.0602861641868344E+001
-4.2627100000009683E+000,-4.2627100000009683E+000, 1.0602861526471255E+001
-4.2617100000009680E+000,-4.2617100000009680E+000, 1.0602861411062715E+001
-4.2607100000009677E+000,-4.2607100000009677E+000, 1.0602861295648598E+001
-4.2597100000009673E+000,-4.2597100000009673E+000, 1.0602861180234584E+001
-4.2587100000009670E+000,-4.2587100000009670E+000, 1.0602861064819850E+001
-4.2577100000009667E+000,-4.2577100000009667E+000, 1.0602860949413268E+001
-4.2567100000009663E+000,-4.2567100000009663E+000, 1.0602860834007240E+001
-4.2557100000009660E+000,-4.2557100000009660E+000, 1.0602860718604973E+001
-4.2547100000009657E+000,-4.2547100000009657E+000, 1.0602860603192187E+001
-4.2537100000009653E+000,-4.2537100000009653E+000, 1.0602860487778354E+001
-4.2527100000009650E+000,-4.2527100000009650E+000, 1.0602860372353904E+001
-4.2517100000009647E+000,-4.2517100000009647E+000, 1.0602860256942698E+001
-4.2507100000009643E+000,-4.2507100000009643E+000, 1.0602860141529206E+001
-4.2497100000009640E+000,-4.2497100000009640E+000, 1.0602860026133234E+001
-4.2487100000009637E+000,-4.2487100000009637E+000, 1.0602859910696639E+001
-4.2477100000009633E+000,-4.2477100000009633E+000, 1.0602859795295053E+001
-4.2467100000009630E+000,-4.2467100000009630E+000, 1.0602859679862686E+001
-4.2457100000009627E+000,-4.2457100000009627E+000, 1.0602859564468661E+001
-4.2447100000009623E+000,-4.2447100000009623E+000, 1.0602859449042583E+001
-4.2437100000009620E+000,-4.2437100000009620E+000, 1.0602859333625606E+001
-4.2427100000009617E+000,-4.2427100000009617E+000, 1.0602859218198303E+001
-4.2417100000009613E+000,-4.2417100000009613E+000, 1.0602859102784249E+001
-4.2407100000009610E+000,-4.2407100000009610E+000, 1.0602858987371958E+001
-4.2397100000009607E+000,-4.2397100000009607E+000, 1.0602858871951559E+001
-4.2387100000009603E+000,-4.2387100000009603E+000, 1.0602858756536602E+001
-4.2377100000009600E+000,-4.2377100000009600E+000, 1.0602858641102346E+001
-4.2367100000009597E+000,-4.2367100000009597E+000, 1.0602858525674620E+001
-4.2357100000009593E+000,-4.2357100000009593E+000, 1.0602858410256253E+001
-4.2347100000009590E+000,-4.2347100000009590E+000, 1.0602858294841965E+001
-4.2337100000009587E+000,-4.2337100000009587E+000, 1.0602858179418181E+001
-4.2327100000009583E+000,-4.2327100000009583E+000, 1.0602858064008702E+001
-4.2317100000009580E+000,-4.2317100000009580E+000, 1.0602857948559905E+001
-4.2307100000009576E+000,-4.2307100000009576E+000, 1.0602857833147695E+001
-4.2297100000009573E+000,-4.2297100000009573E+000, 1.0602857717724572E+001
-4.2287100000009570E+000,-4.2287100000009570E+000, 1.0602857602293925E+001
-4.2277100000009566E+000,-4.2277100000009566E+000, 1.0602857486887061E+001
-4.2267100000009563E+000,-4.2267100000009563E+000, 1.0602857371443207E+001
-4.2257100000009560E+000,-4.2257100000009560E+000, 1.0602857256007251E+001
-4.2247100000009556E+000,-4.2247100000009556E+000, 1.0602857140586199E+001
-4.2237100000009553E+000,-4.2237100000009553E+000, 1.0602857025169355E+001
-4.2227100000009550E+000,-4.2227100000009550E+000, 1.0602856909742050E+001
-4.2217100000009546E+000,-4.2217100000009546E+000, 1.0602856794312668E+001
-4.2207100000009543E+000,-4.2207100000009543E+000, 1.0602856678870207E+001
-4.2197100000009540E+000,-4.2197100000009540E+000, 1.0602856563450761E+001
-4.2187100000009536E+000,-4.2187100000009536E+000, 1.0602856448022942E+001
-4.2177100000009533E+000,-4.2177100000009533E+000, 1.0602856332586255E+001
-4.2167100000009530E+000,-4.2167100000009530E+000, 1.0602856217156003E+001
-4.2157100000009526E+000,-4.2157100000009526E+000, 1.0602856101717784E+001
-4.2147100000009523E+000,-4.2147100000009523E+000, 1.0602855986293889E+001
-4.2137100000009520E+000,-4.2137100000009520E+000, 1.0602855870843584E+001
-4.2127100000009516E+000,-4.2127100000009516E+000, 1.0602855755430758E+001
-4.2117100000009513E+000,-4.2117100000009513E+000, 1.0602855639999174E+001
-4.2107100000009510E+000,-4.2107100000009510E+000, 1.0602855524558329E+001
-4.2097100000009506E+000,-4.2097100000009506E+000, 1.0602855409110013E+001
-4.2087100000009503E+000,-4.2087100000009503E+000, 1.0602855293685932E+001
-4.2077100000009500E+000,-4.2077100000009500E+000, 1.0602855178252085E+001
-4.2067100000009496E+000,-4.2067100000009496E+000, 1.0602855062813747E+001
-4.2057100000009493E+000,-4.2057100000009493E+000, 1.0602854947384859E+001
-4.2047100000009490E+000,-4.2047100000009490E+000, 1.0602854831930909E+001
-4.2037100000009486E+000,-4.2037100000009486E+000, 1.0602854716505075E+001
-4.2027100000009483E+000,-4.2027100000009483E+000, 1.0602854601056706E+001
-4.2017100000009480E+000,-4.2017100000009480E+000, 1.0602854485625583E+001
-4.2007100000009476E+000,-4.2007100000009476E+000, 1.0602854370187480E+001
-4.1997100000009473E+000,-4.1997100000009473E+000, 1.0602854254741979E+001
-4.1987100000009470E+000,-4.1987100000009470E+000, 1.0602854139293072E+001
-4.1977100000009466E+000,-4.1977100000009466E+000, 1.0602854023861084E+001
-4.1967100000009463E+000,-4.1967100000009463E+000, 1.0602853908423523E+001
-4.1957100000009460E+000,-4.1957100000009460E+000, 1.0602853792989496E+001
-4.1947100000009456E+000,-4.1947100000009456E+000, 1.0602853677540530E+001
-4.1937100000009453E+000,-4.1937100000009453E+000, 1.0602853562090377E+001
-4.1927100000009450E+000,-4.1927100000009450E+000, 1.0602853446642447E+001
-4.1917100000009446E+000,-4.1917100000009446E+000, 1.0602853331203210E+001
-4.1907100000009443E+000,-4.1907100000009443E+000, 1.0602853215763105E+001
-4.1897100000009440E+000,-4.1897100000009440E+000, 1.0602853100313798E+001
-4.1887100000009436E+000,-4.1887100000009436E+000, 1.0602852984871909E+001
-4.1877100000009433E+000,-4.1877100000009433E+000, 1.0602852869408789E+001
-4.1867100000009430E+000,-4.1867100000009430E+000, 1.0602852753971883E+001
-4.1857100000009426E+000,-4.1857100000009426E+000, 1.0602852638537147E+001
-4.1847100000009423E+000,-4.1847100000009423E+000, 1.0602852523082436E+001
-4.1837100000009420E+000,-4.1837100000009420E+000, 1.0602852407633350E+001
-4.1827100000009416E+000,-4.1827100000009416E+000, 1.0602852292169848E+001
-4.1817100000009413E+000,-4.1817100000009413E+000, 1.0602852176735777E+001
-4.1807100000009410E+000,-4.1807100000009410E+000, 1.0602852061285688E+001
-4.1797100000009406E+000,-4.1797100000009406E+000, 1.0602851945836319E+001
-4.1787100000009403E+000,-4.1787100000009403E+000, 1.0602851830384257E+001
-4.1777100000009399E+000,-4.1777100000009399E+000, 1.0602851714933395E+001
-4.1767100000009396E+000,-4.1767100000009396E+000, 1.0602851599470982E+001
-4.1757100000009393E+000,-4.1757100000009393E+000, 1.0602851484018323E+001
-4.1747100000009389E+000,-4.1747100000009389E+000, 1.0602851368573159E+001
-4.1737100000009386E+000,-4.1737100000009386E+000, 1.0602851253123104E+001
-4.1727100000009383E+000,-4.1727100000009383E+000, 1.0602851137662292E+001
-4.1717100000009379E+000,-4.1717100000009379E+000, 1.0602851022202376E+001
-4.1707100000009376E+000,-4.1707100000009376E+000, 1.0602850906754124E+001
-4.1697100000009373E+000,-4.1697100000009373E+000, 1.0602850791290198E+001
-4.1687100000009369E+000,-4.1687100000009369E+000, 1.0602850675857695E+001
-4.1677100000009366E+000,-4.1677100000009366E+000, 1.0602850560398320E+001
-4.1667100000009363E+000,-4.1667100000009363E+000, 1.0602850444927441E+001
-4.1657100000009359E+000,-4.1657100000009359E+000, 1.0602850329472764E+001
-4.1647100000009356E+000,-4.1647100000009356E+000, 1.0602850214009491E+001
-4.1637100000009353E+000,-4.1637100000009353E+000, 1.0602850098551663E+001
-4.1627100000009349E+000,-4.1627100000009349E+000, 1.0602849983092259E+001
-4.1617100000009346E+000,-4.1617100000009346E+000, 1.0602849867633122E+001
-4.1607100000009343E+000,-4.1607100000009343E+000, 1.0602849752166405E+001
-4.1597100000009339E+000,-4.1597100000009339E+000, 1.0602849636710998E+001
-4.1587100000009336E+000,-4.1587100000009336E+000, 1.0602849521259758E+001
-4.1577100000009333E+000,-4.1577100000009333E+000, 1.0602849405790563E+001
-4.1567100000009329E+000,-4.1567100000009329E+000, 1.0602849290337392E+001
-4.1557100000009326E+000,-4.1557100000009326E+000, 1.0602849174859823E+001
-4.1547100000009323E+000,-4.1547100000009323E+000, 1.0602849059400484E+001
-4.1537100000009319E+000,-4.1537100000009319E+000, 1.0602848943939044E+001
-4.1527100000009316E+000,-4.1527100000009316E+000, 1.0602848828468929E+001
-4.1517100000009313E+000,-4.1517100000009313E+000, 1.0602848713012140E+001
-4.1507100000009309E+000,-4.1507100000009309E+000, 1.0602848597539753E+001
-4.1497100000009306E+000,-4.1497100000009306E+000, 1.0602848482080443E+001
-4.1487100000009303E+000,-4.1487100000009303E+000, 1.0602848366619414E+001
-4.1477100000009299E+000,-4.1477100000009299E+000, 1.0602848251143730E+001
-4.1467100000009296E+000,-4.1467100000009296E+000, 1.0602848135687625E+001
-4.1457100000009293E+000,-4.1457100000009293E+000, 1.0602848020202778E+001
-4.1447100000009289E+000,-4.1447100000009289E+000, 1.0602847904735027E+001
-4.1437100000009286E+000,-4.1437100000009286E+000, 1.0602847789272587E+001
-4.1427100000009283E+000,-4.1427100000009283E+000, 1.0602847673808595E+001
-4.1417100000009279E+000,-4.1417100000009279E+000, 1.0602847558340407E+001
-4.1407100000009276E+000,-4.1407100000009276E+000, 1.0602847442856463E+001
-4.1397100000009273E+000,-4.1397100000009273E+000, 1.0602847327398027E+001
-4.1387100000009269E+000,-4.1387100000009269E+000, 1.0602847211917995E+001
-4.1377100000009266E+000,-4.1377100000009266E+000, 1.0602847096443361E+001
-4.1367100000009263E+000,-4.1367100000009263E+000, 1.0602846980978670E+001
-4.1357100000009259E+000,-4.1357100000009259E+000, 1.0602846865505580E+001
-4.1347100000009256E+000,-4.1347100000009256E+000, 1.0602846750027606E+001
-4.1337100000009253E+000,-4.1337100000009253E+000, 1.0602846634546744E+001
-4.1327100000009249E+000,-4.1327100000009249E+000, 1.0602846519082416E+001
-4.1317100000009246E+000,-4.1317100000009246E+000, 1.0602846403609458E+001
-4.1307100000009243E+000,-4.1307100000009243E+000, 1.0602846288139977E+001
-4.1297100000009239E+000,-4.1297100000009239E+000, 1.0602846172647643E+001
-4.1287100000009236E+000,-4.1287100000009236E+000, 1.0602846057181051E+001
-4.1277100000009233E+000,-4.1277100000009233E+000, 1.0602845941696273E+001
-4.1267100000009229E+000,-4.1267100000009229E+000, 1.0602845826230929E+001
-4.1257100000009226E+000,-4.1257100000009226E+000, 1.0602845710742766E+001
-4.1247100000009222E+000,-4.1247100000009222E+000, 1.0602845595272903E+001
-4.1237100000009219E+000,-4.1237100000009219E+000, 1.0602845479776249E+001
-4.1227100000009216E+000,-4.1227100000009216E+000, 1.0602845364296751E+001
-4.1217100000009212E+000,-4.1217100000009212E+000, 1.0602845248825576E+001
-4.1207100000009209E+000,-4.1207100000009209E+000, 1.0602845133342488E+001
-4.1197100000009206E+000,-4.1197100000009206E+000, 1.0602845017871209E+001
-4.1187100000009202E+000,-4.1187100000009202E+000, 1.0602844902377374E+001
-4.1177100000009199E+000,-4.1177100000009199E+000, 1.0602844786896839E+001
-4.1167100000009196E+000,-4.1167100000009196E+000, 1.0602844671414591E+001
-4.1157100000009192E+000,-4.1157100000009192E+000, 1.0602844555936018E+001
-4.1147100000009189E+000,-4.1147100000009189E+000, 1.0602844440450383E+001
-4.1137100000009186E+000,-4.1137100000009186E+000, 1.0602844324974704E+001
-4.1127100000009182E+000,-4.1127100000009182E+000, 1.0602844209473432E+001
-4.1117100000009179E+000,-4.1117100000009179E+000, 1.0602844093995769E+001
-4.1107100000009176E+000,-4.1107100000009176E+000, 1.0602843978503856E+001
-4.1097100000009172E+000,-4.1097100000009172E+000, 1.0602843863020659E+001
-4.1087100000009169E+000,-4.1087100000009169E+000, 1.0602843747534013E+001
-4.1077100000009166E+000,-4.1077100000009166E+000, 1.0602843632055000E+001
-4.1067100000009162E+000,-4.1067100000009162E+000, 1.0602843516562622E+001
-4.1057100000009159E+000,-4.1057100000009159E+000, 1.0602843401062197E+001
-4.1047100000009156E+000,-4.1047100000009156E+000, 1.0602843285584992E+001
-4.1037100000009152E+000,-4.1037100000009152E+000, 1.0602843170081648E+001
-4.1027100000009149E+000,-4.1027100000009149E+000, 1.0602843054600903E+001
-4.1017100000009146E+000,-4.1017100000009146E+000, 1.0602842939111328E+001
-4.1007100000009142E+000,-4.1007100000009142E+000, 1.0602842823619742E+001
-4.0997100000009139E+000,-4.0997100000009139E+000, 1.0602842708121464E+001
-4.0987100000009136E+000,-4.0987100000009136E+000, 1.0602842592633609E+001
-4.0977100000009132E+000,-4.0977100000009132E+000, 1.0602842477151803E+001
-4.0967100000009129E+000,-4.0967100000009129E+000, 1.0602842361645704E+001
-4.0957100000009126E+000,-4.0957100000009126E+000, 1.0602842246153974E+001
-4.0947100000009122E+000,-4.0947100000009122E+000, 1.0602842130651565E+001
-4.0937100000009119E+000,-4.0937100000009119E+000, 1.0602842015162972E+001
-4.0927100000009116E+000,-4.0927100000009116E+000, 1.0602841899685444E+001
-4.0917100000009112E+000,-4.0917100000009112E+000, 1.0602841784172474E+001
-4.0907100000009109E+000,-4.0907100000009109E+000, 1.0602841668680368E+001
-4.0897100000009106E+000,-4.0897100000009106E+000, 1.0602841553185225E+001
-4.0887100000009102E+000,-4.0887100000009102E+000, 1.0602841437685846E+001
-4.0877100000009099E+000,-4.0877100000009099E+000, 1.0602841322191043E+001
-4.0867100000009096E+000,-4.0867100000009096E+000, 1.0602841206694656E+001
-4.0857100000009092E+000,-4.0857100000009092E+000, 1.0602841091187647E+001
-4.0847100000009089E+000,-4.0847100000009089E+000, 1.0602840975677514E+001
-4.0837100000009086E+000,-4.0837100000009086E+000, 1.0602840860186930E+001
-4.0827100000009082E+000,-4.0827100000009082E+000, 1.0602840744692287E+001
-4.0817100000009079E+000,-4.0817100000009079E+000, 1.0602840629196773E+001
-4.0807100000009076E+000,-4.0807100000009076E+000, 1.0602840513680750E+001
-4.0797100000009072E+000,-4.0797100000009072E+000, 1.0602840398178644E+001
-4.0787100000009069E+000,-4.0787100000009069E+000, 1.0602840282681736E+001
-4.0777100000009066E+000,-4.0777100000009066E+000, 1.0602840167182247E+001
-4.0767100000009062E+000,-4.0767100000009062E+000, 1.0602840051675127E+001
-4.0757100000009059E+000,-4.0757100000009059E+000, 1.0602839936174894E+001
-4.0747100000009056E+000,-4.0747100000009056E+000, 1.0602839820670726E+001
-4.0737100000009052E+000,-4.0737100000009052E+000, 1.0602839705169135E+001
-4.0727100000009049E+000,-4.0727100000009049E+000, 1.0602839589642729E+001
-4.0717100000009046E+000,-4.0717100000009046E+000, 1.0602839474144428E+001
-4.0707100000009042E+000,-4.0707100000009042E+000, 1.0602839358660662E+001
-4.0697100000009039E+000,-4.0697100000009039E+000, 1.0602839243132692E+001
-4.0687100000009035E+000,-4.0687100000009035E+000, 1.0602839127627732E+001
-4.0677100000009032E+000,-4.0677100000009032E+000, 1.0602839012126259E+001
-4.0667100000009029E+000,-4.0667100000009029E+000, 1.0602838896619751E+001
-4.0657100000009025E+000,-4.0657100000009025E+000, 1.0602838781106939E+001
-4.0647100000009022E+000,-4.0647100000009022E+000, 1.0602838665594170E+001
-4.0637100000009019E+000,-4.0637100000009019E+000, 1.0602838550087123E+001
-4.0627100000009015E+000,-4.0627100000009015E+000, 1.0602838434580997E+001
-4.0617100000009012E+000,-4.0617100000009012E+000, 1.0602838319068308E+001
-4.0607100000009009E+000,-4.0607100000009009E+000, 1.0602838203546222E+001
-4.0597100000009005E+000,-4.0597100000009005E+000, 1.0602838088042901E+001
-4.0587100000009002E+000,-4.0587100000009002E+000, 1.0602837972530587E+001
-4.0577100000008999E+000,-4.0577100000008999E+000, 1.0602837857013824E+001
-4.0567100000008995E+000,-4.0567100000008995E+000, 1.0602837741503075E+001
-4.0557100000008992E+000,-4.0557100000008992E+000, 1.0602837625977445E+001
-4.0547100000008989E+000,-4.0547100000008989E+000, 1.0602837510472444E+001
-4.0537100000008985E+000,-4.0537100000008985E+000, 1.0602837394953013E+001
-4.0527100000008982E+000,-4.0527100000008982E+000, 1.0602837279428421E+001
-4.0517100000008979E+000,-4.0517100000008979E+000, 1.0602837163927688E+001
-4.0507100000008975E+000,-4.0507100000008975E+000, 1.0602837048407720E+001
-4.0497100000008972E+000,-4.0497100000008972E+000, 1.0602836932877501E+001
-4.0487100000008969E+000,-4.0487100000008969E+000, 1.0602836817372440E+001
-4.0477100000008965E+000,-4.0477100000008965E+000, 1.0602836701846760E+001
-4.0467100000008962E+000,-4.0467100000008962E+000, 1.0602836586335956E+001
-4.0457100000008959E+000,-4.0457100000008959E+000, 1.0602836470813072E+001
-4.0447100000008955E+000,-4.0447100000008955E+000, 1.0602836355289060E+001
-4.0437100000008952E+000,-4.0437100000008952E+000, 1.0602836239774172E+001
-4.0427100000008949E+000,-4.0427100000008949E+000, 1.0602836124246531E+001
-4.0417100000008945E+000,-4.0417100000008945E+000, 1.0602836008719203E+001
-4.0407100000008942E+000,-4.0407100000008942E+000, 1.0602835893204066E+001
-4.0397100000008939E+000,-4.0397100000008939E+000, 1.0602835777682158E+001
-4.0387100000008935E+000,-4.0387100000008935E+000, 1.0602835662153865E+001
-4.0377100000008932E+000,-4.0377100000008932E+000, 1.0602835546645426E+001
-4.0367100000008929E+000,-4.0367100000008929E+000, 1.0602835431112705E+001
-4.0357100000008925E+000,-4.0357100000008925E+000, 1.0602835315595215E+001
-4.0347100000008922E+000,-4.0347100000008922E+000, 1.0602835200066210E+001
-4.0337100000008919E+000,-4.0337100000008919E+000, 1.0602835084537533E+001
-4.0327100000008915E+000,-4.0327100000008915E+000, 1.0602834969015586E+001
-4.0317100000008912E+000,-4.0317100000008912E+000, 1.0602834853493169E+001
-4.0307100000008909E+000,-4.0307100000008909E+000, 1.0602834737953664E+001
-4.0297100000008905E+000,-4.0297100000008905E+000, 1.0602834622434656E+001
-4.0287100000008902E+000,-4.0287100000008902E+000, 1.0602834506903715E+001
-4.0277100000008899E+000,-4.0277100000008899E+000, 1.0602834391378130E+001
-4.0267100000008895E+000,-4.0267100000008895E+000, 1.0602834275835619E+001
-4.0257100000008892E+000,-4.0257100000008892E+000, 1.0602834160320107E+001
-4.0247100000008889E+000,-4.0247100000008889E+000, 1.0602834044789869E+001
-4.0237100000008885E+000,-4.0237100000008885E+000, 1.0602833929250526E+001
-4.0227100000008882E+000,-4.0227100000008882E+000, 1.0602833813725479E+001
-4.0217100000008879E+000,-4.0217100000008879E+000, 1.0602833698190313E+001
-4.0207100000008875E+000,-4.0207100000008875E+000, 1.0602833582662987E+001
-4.0197100000008872E+000,-4.0197100000008872E+000, 1.0602833467126318E+001
-4.0187100000008869E+000,-4.0187100000008869E+000, 1.0602833351596509E+001
-4.0177100000008865E+000,-4.0177100000008865E+000, 1.0602833236058311E+001
-4.0167100000008862E+000,-4.0167100000008862E+000, 1.0602833120534472E+001
-4.0157100000008858E+000,-4.0157100000008858E+000, 1.0602833004985138E+001
-4.0147100000008855E+000,-4.0147100000008855E+000, 1.0602832889458472E+001
-4.0137100000008852E+000,-4.0137100000008852E+000, 1.0602832773919971E+001
-4.0127100000008848E+000,-4.0127100000008848E+000, 1.0602832658393229E+001
-4.0117100000008845E+000,-4.0117100000008845E+000, 1.0602832542836477E+001
-4.0107100000008842E+000,-4.0107100000008842E+000, 1.0602832427304699E+001
-4.0097100000008838E+000,-4.0097100000008838E+000, 1.0602832311776048E+001
-4.0087100000008835E+000,-4.0087100000008835E+000, 1.0602832196225968E+001
-4.0077100000008832E+000,-4.0077100000008832E+000, 1.0602832080689812E+001
-4.0067100000008828E+000,-4.0067100000008828E+000, 1.0602831965146935E+001
-4.0057100000008825E+000,-4.0057100000008825E+000, 1.0602831849607584E+001
-4.0047100000008822E+000,-4.0047100000008822E+000, 1.0602831734059727E+001
-4.0037100000008818E+000,-4.0037100000008818E+000, 1.0602831618523215E+001
-4.0027100000008815E+000,-4.0027100000008815E+000, 1.0602831502988369E+001
-4.0017100000008812E+000,-4.0017100000008812E+000, 1.0602831387451859E+001
-4.0007100000008808E+000,-4.0007100000008808E+000, 1.0602831271903240E+001
-3.9997100000008809E+000,-3.9997100000008809E+000, 1.0602831156364806E+001
-3.9987100000008811E+000,-3.9987100000008811E+000, 1.0602831040809688E+001
-3.9977100000008812E+000,-3.9977100000008812E+000, 1.0602830925271592E+001
-3.9967100000008813E+000,-3.9967100000008813E+000, 1.0602830809732385E+001
-3.9957100000008814E+000,-3.9957100000008814E+000, 1.0602830694180533E+001
-3.9947100000008815E+000,-3.9947100000008815E+000, 1.0602830578639406E+001
-3.9937100000008816E+000,-3.9937100000008816E+000, 1.0602830463088038E+001
-3.9927100000008817E+000,-3.9927100000008817E+000, 1.0602830347540054E+001
-3.9917100000008818E+000,-3.9917100000008818E+000, 1.0602830231995936E+001
-3.9907100000008819E+000,-3.9907100000008819E+000, 1.0602830116461101E+001
-3.9897100000008821E+000,-3.9897100000008821E+000, 1.0602830000892718E+001
-3.9887100000008822E+000,-3.9887100000008822E+000, 1.0602829885341293E+001
-3.9877100000008823E+000,-3.9877100000008823E+000, 1.0602829769799619E+001
-3.9867100000008824E+000,-3.9867100000008824E+000, 1.0602829654249108E+001
-3.9857100000008825E+000,-3.9857100000008825E+000, 1.0602829538713459E+001
-3.9847100000008826E+000,-3.9847100000008826E+000, 1.0602829423153795E+001
-3.9837100000008827E+000,-3.9837100000008827E+000, 1.0602829307604539E+001
-3.9827100000008828E+000,-3.9827100000008828E+000, 1.0602829192050461E+001
-3.9817100000008829E+000,-3.9817100000008829E+000, 1.0602829076496924E+001
-3.9807100000008830E+000,-3.9807100000008830E+000, 1.0602828960945679E+001
-3.9797100000008832E+000,-3.9797100000008832E+000, 1.0602828845391830E+001
-3.9787100000008833E+000,-3.9787100000008833E+000, 1.0602828729840143E+001
-3.9777100000008834E+000,-3.9777100000008834E+000, 1.0602828614269482E+001
-3.9767100000008835E+000,-3.9767100000008835E+000, 1.0602828498719244E+001
-3.9757100000008836E+000,-3.9757100000008836E+000, 1.0602828383173449E+001
-3.9747100000008837E+000,-3.9747100000008837E+000, 1.0602828267622620E+001
-3.9737100000008838E+000,-3.9737100000008838E+000, 1.0602828152054544E+001
-3.9727100000008839E+000,-3.9727100000008839E+000, 1.0602828036491630E+001
-3.9717100000008840E+000,-3.9717100000008840E+000, 1.0602827920941506E+001
-3.9707100000008841E+000,-3.9707100000008841E+000, 1.0602827805376780E+001
-3.9697100000008843E+000,-3.9697100000008843E+000, 1.0602827689832619E+001
-3.9687100000008844E+000,-3.9687100000008844E+000, 1.0602827574270096E+001
-3.9677100000008845E+000,-3.9677100000008845E+000, 1.0602827458713659E+001
-3.9667100000008846E+000,-3.9667100000008846E+000, 1.0602827343142382E+001
-3.9657100000008847E+000,-3.9657100000008847E+000, 1.0602827227594114E+001
-3.9647100000008848E+000,-3.9647100000008848E+000, 1.0602827112024141E+001
-3.9637100000008849E+000,-3.9637100000008849E+000, 1.0602826996477933E+001
-3.9627100000008850E+000,-3.9627100000008850E+000, 1.0602826880904120E+001
-3.9617100000008851E+000,-3.9617100000008851E+000, 1.0602826765333120E+001
-3.9607100000008852E+000,-3.9607100000008852E+000, 1.0602826649764935E+001
-3.9597100000008854E+000,-3.9597100000008854E+000, 1.0602826534205017E+001
-3.9587100000008855E+000,-3.9587100000008855E+000, 1.0602826418647673E+001
-3.9577100000008856E+000,-3.9577100000008856E+000, 1.0602826303092133E+001
-3.9567100000008857E+000,-3.9567100000008857E+000, 1.0602826187528027E+001
-3.9557100000008858E+000,-3.9557100000008858E+000, 1.0602826071941145E+001
-3.9547100000008859E+000,-3.9547100000008859E+000, 1.0602825956373566E+001
-3.9537100000008860E+000,-3.9537100000008860E+000, 1.0602825840820248E+001
-3.9527100000008861E+000,-3.9527100000008861E+000, 1.0602825725256812E+001
-3.9517100000008862E+000,-3.9517100000008862E+000, 1.0602825609677975E+001
-3.9507100000008863E+000,-3.9507100000008863E+000, 1.0602825494110789E+001
-3.9497100000008865E+000,-3.9497100000008865E+000, 1.0602825378542731E+001
-3.9487100000008866E+000,-3.9487100000008866E+000, 1.0602825262970454E+001
-3.9477100000008867E+000,-3.9477100000008867E+000, 1.0602825147402786E+001
-3.9467100000008868E+000,-3.9467100000008868E+000, 1.0602825031841991E+001
-3.9457100000008869E+000,-3.9457100000008869E+000, 1.0602824916256930E+001
-3.9447100000008870E+000,-3.9447100000008870E+000, 1.0602824800693140E+001
-3.9437100000008871E+000,-3.9437100000008871E+000, 1.0602824685112973E+001
-3.9427100000008872E+000,-3.9427100000008872E+000, 1.0602824569546868E+001
-3.9417100000008873E+000,-3.9417100000008873E+000, 1.0602824453973119E+001
-3.9407100000008874E+000,-3.9407100000008874E+000, 1.0602824338391461E+001
-3.9397100000008876E+000,-3.9397100000008876E+000, 1.0602824222819725E+001
-3.9387100000008877E+000,-3.9387100000008877E+000, 1.0602824107243604E+001
-3.9377100000008878E+000,-3.9377100000008878E+000, 1.0602823991668615E+001
-3.9367100000008879E+000,-3.9367100000008879E+000, 1.0602823876093941E+001
-3.9357100000008880E+000,-3.9357100000008880E+000, 1.0602823760527460E+001
-3.9347100000008881E+000,-3.9347100000008881E+000, 1.0602823644936308E+001
-3.9337100000008882E+000,-3.9337100000008882E+000, 1.0602823529373284E+001
-3.9327100000008883E+000,-3.9327100000008883E+000, 1.0602823413794143E+001
-3.9317100000008884E+000,-3.9317100000008884E+000, 1.0602823298207284E+001
-3.9307100000008885E+000,-3.9307100000008885E+000, 1.0602823182642258E+001
-3.9297100000008887E+000,-3.9297100000008887E+000, 1.0602823067050990E+001
-3.9287100000008888E+000,-3.9287100000008888E+000, 1.0602822951468575E+001
-3.9277100000008889E+000,-3.9277100000008889E+000, 1.0602822835895084E+001
-3.9267100000008890E+000,-3.9267100000008890E+000, 1.0602822720314728E+001
-3.9257100000008891E+000,-3.9257100000008891E+000, 1.0602822604735412E+001
-3.9247100000008892E+000,-3.9247100000008892E+000, 1.0602822489163884E+001
-3.9237100000008893E+000,-3.9237100000008893E+000, 1.0602822373561644E+001
-3.9227100000008894E+000,-3.9227100000008894E+000, 1.0602822257990320E+001
-3.9217100000008895E+000,-3.9217100000008895E+000, 1.0602822142397571E+001
-3.9207100000008897E+000,-3.9207100000008897E+000, 1.0602822026823134E+001
-3.9197100000008898E+000,-3.9197100000008898E+000, 1.0602821911239721E+001
-3.9187100000008899E+000,-3.9187100000008899E+000, 1.0602821795656279E+001
-3.9177100000008900E+000,-3.9177100000008900E+000, 1.0602821680050315E+001
-3.9167100000008901E+000,-3.9167100000008901E+000, 1.0602821564470135E+001
-3.9157100000008902E+000,-3.9157100000008902E+000, 1.0602821448900004E+001
-3.9147100000008903E+000,-3.9147100000008903E+000, 1.0602821333315566E+001
-3.9137100000008904E+000,-3.9137100000008904E+000, 1.0602821217723081E+001
-3.9127100000008905E+000,-3.9127100000008905E+000, 1.0602821102124096E+001
-3.9117100000008906E+000,-3.9117100000008906E+000, 1.0602820986539536E+001
-3.9107100000008908E+000,-3.9107100000008908E+000, 1.0602820870943898E+001
-3.9097100000008909E+000,-3.9097100000008909E+000, 1.0602820755362460E+001
-3.9087100000008910E+000,-3.9087100000008910E+000, 1.0602820639775345E+001
-3.9077100000008911E+000,-3.9077100000008911E+000, 1.0602820524184862E+001
-3.9067100000008912E+000,-3.9067100000008912E+000, 1.0602820408579660E+001
-3.9057100000008913E+000,-3.9057100000008913E+000, 1.0602820292999487E+001
-3.9047100000008914E+000,-3.9047100000008914E+000, 1.0602820177404100E+001
-3.9037100000008915E+000,-3.9037100000008915E+000, 1.0602820061823826E+001
-3.9027100000008916E+000,-3.9027100000008916E+000, 1.0602819946226976E+001
-3.9017100000008917E+000,-3.9017100000008917E+000, 1.0602819830619946E+001
-3.9007100000008919E+000,-3.9007100000008919E+000, 1.0602819715030693E+001
-3.8997100000008920E+000,-3.8997100000008920E+000, 1.0602819599432403E+001
-3.8987100000008921E+000,-3.8987100000008921E+000, 1.0602819483848441E+001
-3.8977100000008922E+000,-3.8977100000008922E+000, 1.0602819368257762E+001
-3.8967100000008923E+000,-3.8967100000008923E+000, 1.0602819252638481E+001
-3.8957100000008924E+000,-3.8957100000008924E+000, 1.0602819137037280E+001
-3.8947100000008925E+000,-3.8947100000008925E+000, 1.0602819021450808E+001
-3.8937100000008926E+000,-3.8937100000008926E+000, 1.0602818905858195E+001
-3.8927100000008927E+000,-3.8927100000008927E+000, 1.0602818790263649E+001
-3.8917100000008928E+000,-3.8917100000008928E+000, 1.0602818674664874E+001
-3.8907100000008930E+000,-3.8907100000008930E+000, 1.0602818559055338E+001
-3.8897100000008931E+000,-3.8897100000008931E+000, 1.0602818443460054E+001
-3.8887100000008932E+000,-3.8887100000008932E+000, 1.0602818327864002E+001
-3.8877100000008933E+000,-3.8877100000008933E+000, 1.0602818212256846E+001
-3.8867100000008934E+000,-3.8867100000008934E+000, 1.0602818096663970E+001
-3.8857100000008935E+000,-3.8857100000008935E+000, 1.0602817981048013E+001
-3.8847100000008936E+000,-3.8847100000008936E+000, 1.0602817865452383E+001
-3.8837100000008937E+000,-3.8837100000008937E+000, 1.0602817749831488E+001
-3.8827100000008938E+000,-3.8827100000008938E+000, 1.0602817634249615E+001
-3.8817100000008939E+000,-3.8817100000008939E+000, 1.0602817518650971E+001
-3.8807100000008941E+000,-3.8807100000008941E+000, 1.0602817403029796E+001
-3.8797100000008942E+000,-3.8797100000008942E+000, 1.0602817287420482E+001
-3.8787100000008943E+000,-3.8787100000008943E+000, 1.0602817171825217E+001
-3.8777100000008944E+000,-3.8777100000008944E+000, 1.0602817056218779E+001
-3.8767100000008945E+000,-3.8767100000008945E+000, 1.0602816940612303E+001
-3.8757100000008946E+000,-3.8757100000008946E+000, 1.0602816825021407E+001
-3.8747100000008947E+000,-3.8747100000008947E+000, 1.0602816709389725E+001
-3.8737100000008948E+000,-3.8737100000008948E+000, 1.0602816593789115E+001
-3.8727100000008949E+000,-3.8727100000008949E+000, 1.0602816478185353E+001
-3.8717100000008950E+000,-3.8717100000008950E+000, 1.0602816362573357E+001
-3.8707100000008952E+000,-3.8707100000008952E+000, 1.0602816246974246E+001
-3.8697100000008953E+000,-3.8697100000008953E+000, 1.0602816131359942E+001
-3.8687100000008954E+000,-3.8687100000008954E+000, 1.0602816015728614E+001
-3.8677100000008955E+000,-3.8677100000008955E+000, 1.0602815900130157E+001
-3.8667100000008956E+000,-3.8667100000008956E+000, 1.0602815784525609E+001
-3.8657100000008957E+000,-3.8657100000008957E+000, 1.0602815668899339E+001
-3.8647100000008958E+000,-3.8647100000008958E+000, 1.0602815553291002E+001
-3.8637100000008959E+000,-3.8637100000008959E+000, 1.0602815437676064E+001
-3.8627100000008960E+000,-3.8627100000008960E+000, 1.0602815322066109E+001
-3.8617100000008961E+000,-3.8617100000008961E+000, 1.0602815206447685E+001
-3.8607100000008963E+000,-3.8607100000008963E+000, 1.0602815090829264E+001
-3.8597100000008964E+000,-3.8597100000008964E+000, 1.0602814975225490E+001
-3.8587100000008965E+000,-3.8587100000008965E+000, 1.0602814859604104E+001
-3.8577100000008966E+000,-3.8577100000008966E+000, 1.0602814743980964E+001
-3.8567100000008967E+000,-3.8567100000008967E+000, 1.0602814628373888E+001
-3.8557100000008968E+000,-3.8557100000008968E+000, 1.0602814512760176E+001
-3.8547100000008969E+000,-3.8547100000008969E+000, 1.0602814397142037E+001
-3.8537100000008970E+000,-3.8537100000008970E+000, 1.0602814281515119E+001
-3.8527100000008971E+000,-3.8527100000008971E+000, 1.0602814165893129E+001
-3.8517100000008972E+000,-3.8517100000008972E+000, 1.0602814050271562E+001
-3.8507100000008974E+000,-3.8507100000008974E+000, 1.0602813934657727E+001
-3.8497100000008975E+000,-3.8497100000008975E+000, 1.0602813819034004E+001
-3.8487100000008976E+000,-3.8487100000008976E+000, 1.0602813703420152E+001
-3.8477100000008977E+000,-3.8477100000008977E+000, 1.0602813587796975E+001
-3.8467100000008978E+000,-3.8467100000008978E+000, 1.0602813472170329E+001
-3.8457100000008979E+000,-3.8457100000008979E+000, 1.0602813356543292E+001
-3.8447100000008980E+000,-3.8447100000008980E+000, 1.0602813240937326E+001
-3.8437100000008981E+000,-3.8437100000008981E+000, 1.0602813125306099E+001
-3.8427100000008982E+000,-3.8427100000008982E+000, 1.0602813009674302E+001
-3.8417100000008984E+000,-3.8417100000008984E+000, 1.0602812894046195E+001
-3.8407100000008985E+000,-3.8407100000008985E+000, 1.0602812778421983E+001
-3.8397100000008986E+000,-3.8397100000008986E+000, 1.0602812662802624E+001
-3.8387100000008987E+000,-3.8387100000008987E+000, 1.0602812547181678E+001
-3.8377100000008988E+000,-3.8377100000008988E+000, 1.0602812431559979E+001
-3.8367100000008989E+000,-3.8367100000008989E+000, 1.0602812315924194E+001
-3.8357100000008990E+000,-3.8357100000008990E+000, 1.0602812200291659E+001
-3.8347100000008991E+000,-3.8347100000008991E+000, 1.0602812084662983E+001
-3.8337100000008992E+000,-3.8337100000008992E+000, 1.0602811969048034E+001
-3.8327100000008993E+000,-3.8327100000008993E+000, 1.0602811853411060E+001
-3.8317100000008995E+000,-3.8317100000008995E+000, 1.0602811737781064E+001
-3.8307100000008996E+000,-3.8307100000008996E+000, 1.0602811622136212E+001
-3.8297100000008997E+000,-3.8297100000008997E+000, 1.0602811506516851E+001
-3.8287100000008998E+000,-3.8287100000008998E+000, 1.0602811390883296E+001
-3.8277100000008999E+000,-3.8277100000008999E+000, 1.0602811275255984E+001
-3.8267100000009000E+000,-3.8267100000009000E+000, 1.0602811159616255E+001
-3.8257100000009001E+000,-3.8257100000009001E+000, 1.0602811043984300E+001
-3.8247100000009002E+000,-3.8247100000009002E+000, 1.0602810928347425E+001
-3.8237100000009003E+000,-3.8237100000009003E+000, 1.0602810812723572E+001
-3.8227100000009004E+000,-3.8227100000009004E+000, 1.0602810697084545E+001
-3.8217100000009006E+000,-3.8217100000009006E+000, 1.0602810581466077E+001
-3.8207100000009007E+000,-3.8207100000009007E+000, 1.0602810465815885E+001
-3.8197100000009008E+000,-3.8197100000009008E+000, 1.0602810350183255E+001
-3.8187100000009009E+000,-3.8187100000009009E+000, 1.0602810234541037E+001
-3.8177100000009010E+000,-3.8177100000009010E+000, 1.0602810118910682E+001
-3.8167100000009011E+000,-3.8167100000009011E+000, 1.0602810003267130E+001
-3.8157100000009012E+000,-3.8157100000009012E+000, 1.0602809887622390E+001
-3.8147100000009013E+000,-3.8147100000009013E+000, 1.0602809771995252E+001
-3.8137100000009014E+000,-3.8137100000009014E+000, 1.0602809656351626E+001
-3.8127100000009015E+000,-3.8127100000009015E+000, 1.0602809540711187E+001
-3.8117100000009017E+000,-3.8117100000009017E+000, 1.0602809425075588E+001
-3.8107100000009018E+000,-3.8107100000009018E+000, 1.0602809309447322E+001
-3.8097100000009019E+000,-3.8097100000009019E+000, 1.0602809193785440E+001
-3.8087100000009020E+000,-3.8087100000009020E+000, 1.0602809078144515E+001
-3.8077100000009021E+000,-3.8077100000009021E+000, 1.0602808962509464E+001
-3.8067100000009022E+000,-3.8067100000009022E+000, 1.0602808846866433E+001
-3.8057100000009023E+000,-3.8057100000009023E+000, 1.0602808731216523E+001
-3.8047100000009024E+000,-3.8047100000009024E+000, 1.0602808615575569E+001
-3.8037100000009025E+000,-3.8037100000009025E+000, 1.0602808499944100E+001
-3.8027100000009026E+000,-3.8027100000009026E+000, 1.0602808384283961E+001
-3.8017100000009028E+000,-3.8017100000009028E+000, 1.0602808268637059E+001
-3.8007100000009029E+000,-3.8007100000009029E+000, 1.0602808152997754E+001
-3.7997100000009030E+000,-3.7997100000009030E+000, 1.0602808037351554E+001
-3.7987100000009031E+000,-3.7987100000009031E+000, 1.0602807921709847E+001
-3.7977100000009032E+000,-3.7977100000009032E+000, 1.0602807806048789E+001
-3.7967100000009033E+000,-3.7967100000009033E+000, 1.0602807690405156E+001
-3.7957100000009034E+000,-3.7957100000009034E+000, 1.0602807574763389E+001
-3.7947100000009035E+000,-3.7947100000009035E+000, 1.0602807459113491E+001
-3.7937100000009036E+000,-3.7937100000009036E+000, 1.0602807343451701E+001
-3.7927100000009037E+000,-3.7927100000009037E+000, 1.0602807227808182E+001
-3.7917100000009039E+000,-3.7917100000009039E+000, 1.0602807112162532E+001
-3.7907100000009040E+000,-3.7907100000009040E+000, 1.0602806996510623E+001
-3.7897100000009041E+000,-3.7897100000009041E+000, 1.0602806880856821E+001
-3.7887100000009042E+000,-3.7887100000009042E+000, 1.0602806765208669E+001
-3.7877100000009043E+000,-3.7877100000009043E+000, 1.0602806649553525E+001
-3.7867100000009044E+000,-3.7867100000009044E+000, 1.0602806533893988E+001
-3.7857100000009045E+000,-3.7857100000009045E+000, 1.0602806418248941E+001
-3.7847100000009046E+000,-3.7847100000009046E+000, 1.0602806302590761E+001
-3.7837100000009047E+000,-3.7837100000009047E+000, 1.0602806186942296E+001
-3.7827100000009048E+000,-3.7827100000009048E+000, 1.0602806071285578E+001
-3.7817100000009050E+000,-3.7817100000009050E+000, 1.0602805955626847E+001
-3.7807100000009051E+000,-3.7807100000009051E+000, 1.0602805839966312E+001
-3.7797100000009052E+000,-3.7797100000009052E+000, 1.0602805724311457E+001
-3.7787100000009053E+000,-3.7787100000009053E+000, 1.0602805608654073E+001
-3.7777100000009054E+000,-3.7777100000009054E+000, 1.0602805492986985E+001
-3.7767100000009055E+000,-3.7767100000009055E+000, 1.0602805377344087E+001
-3.7757100000009056E+000,-3.7757100000009056E+000, 1.0602805261682509E+001
-3.7747100000009057E+000,-3.7747100000009057E+000, 1.0602805146023019E+001
-3.7737100000009058E+000,-3.7737100000009058E+000, 1.0602805030360887E+001
-3.7727100000009059E+000,-3.7727100000009059E+000, 1.0602804914699943E+001
-3.7717100000009061E+000,-3.7717100000009061E+000, 1.0602804799043746E+001
-3.7707100000009062E+000,-3.7707100000009062E+000, 1.0602804683391490E+001
-3.7697100000009063E+000,-3.7697100000009063E+000, 1.0602804567712360E+001
-3.7687100000009064E+000,-3.7687100000009064E+000, 1.0602804452055416E+001
-3.7677100000009065E+000,-3.7677100000009065E+000, 1.0602804336395502E+001
-3.7667100000009066E+000,-3.7667100000009066E+000, 1.0602804220730299E+001
-3.7657100000009067E+000,-3.7657100000009067E+000, 1.0602804105072121E+001
-3.7647100000009068E+000,-3.7647100000009068E+000, 1.0602803989402100E+001
-3.7637100000009069E+000,-3.7637100000009069E+000, 1.0602803873737871E+001
-3.7627100000009071E+000,-3.7627100000009071E+000, 1.0602803758073106E+001
-3.7617100000009072E+000,-3.7617100000009072E+000, 1.0602803642394246E+001
-3.7607100000009073E+000,-3.7607100000009073E+000, 1.0602803526734988E+001
-3.7597100000009074E+000,-3.7597100000009074E+000, 1.0602803411073690E+001
-3.7587100000009075E+000,-3.7587100000009075E+000, 1.0602803295409155E+001
-3.7577100000009076E+000,-3.7577100000009076E+000, 1.0602803179745230E+001
-3.7567100000009077E+000,-3.7567100000009077E+000, 1.0602803064067272E+001
-3.7557100000009078E+000,-3.7557100000009078E+000, 1.0602802948394533E+001
-3.7547100000009079E+000,-3.7547100000009079E+000, 1.0602802832728205E+001
-3.7537100000009080E+000,-3.7537100000009080E+000, 1.0602802717043522E+001
-3.7527100000009082E+000,-3.7527100000009082E+000, 1.0602802601381789E+001
-3.7517100000009083E+000,-3.7517100000009083E+000, 1.0602802485719096E+001
-3.7507100000009084E+000,-3.7507100000009084E+000, 1.0602802370035846E+001
-3.7497100000009085E+000,-3.7497100000009085E+000, 1.0602802254374989E+001
-3.7487100000009086E+000,-3.7487100000009086E+000, 1.0602802138699250E+001
-3.7477100000009087E+000,-3.7477100000009087E+000, 1.0602802023028790E+001
-3.7467100000009088E+000,-3.7467100000009088E+000, 1.0602801907347818E+001
-3.7457100000009089E+000,-3.7457100000009089E+000, 1.0602801791666806E+001
-3.7447100000009090E+000,-3.7447100000009090E+000, 1.0602801675999443E+001
-3.7437100000009091E+000,-3.7437100000009091E+000, 1.0602801560332788E+001
-3.7427100000009093E+000,-3.7427100000009093E+000, 1.0602801444642633E+001
-3.7417100000009094E+000,-3.7417100000009094E+000, 1.0602801328972806E+001
-3.7407100000009095E+000,-3.7407100000009095E+000, 1.0602801213301911E+001
-3.7397100000009096E+000,-3.7397100000009096E+000, 1.0602801097627815E+001
-3.7387100000009097E+000,-3.7387100000009097E+000, 1.0602800981938991E+001
-3.7377100000009098E+000,-3.7377100000009098E+000, 1.0602800866263888E+001
-3.7367100000009099E+000,-3.7367100000009099E+000, 1.0602800750579032E+001
-3.7357100000009100E+000,-3.7357100000009100E+000, 1.0602800634909508E+001
-3.7347100000009101E+000,-3.7347100000009101E+000, 1.0602800519215505E+001
-3.7337100000009102E+000,-3.7337100000009102E+000, 1.0602800403538758E+001
-3.7327100000009104E+000,-3.7327100000009104E+000, 1.0602800287871807E+001
-3.7317100000009105E+000,-3.7317100000009105E+000, 1.0602800172180180E+001
-3.7307100000009106E+000,-3.7307100000009106E+000, 1.0602800056506794E+001
-3.7297100000009107E+000,-3.7297100000009107E+000, 1.0602799940816986E+001
-3.7287100000009108E+000,-3.7287100000009108E+000, 1.0602799825129882E+001
-3.7277100000009109E+000,-3.7277100000009109E+000, 1.0602799709443602E+001
-3.7267100000009110E+000,-3.7267100000009110E+000, 1.0602799593768541E+001
-3.7257100000009111E+000,-3.7257100000009111E+000, 1.0602799478085696E+001
-3.7247100000009112E+000,-3.7247100000009112E+000, 1.0602799362402843E+001
-3.7237100000009113E+000,-3.7237100000009113E+000, 1.0602799246705924E+001
-3.7227100000009115E+000,-3.7227100000009115E+000, 1.0602799131020177E+001
-3.7217100000009116E+000,-3.7217100000009116E+000, 1.0602799015340540E+001
-3.7207100000009117E+000,-3.7207100000009117E+000, 1.0602798899649493E+001
-3.7197100000009118E+000,-3.7197100000009118E+000, 1.0602798783963767E+001
-3.7187100000009119E+000,-3.7187100000009119E+000, 1.0602798668277492E+001
-3.7177100000009120E+000,-3.7177100000009120E+000, 1.0602798552588514E+001
-3.7167100000009121E+000,-3.7167100000009121E+000, 1.0602798436900700E+001
-3.7157100000009122E+000,-3.7157100000009122E+000, 1.0602798321203780E+001
-3.7147100000009123E+000,-3.7147100000009123E+000, 1.0602798205519690E+001
-3.7137100000009124E+000,-3.7137100000009124E+000, 1.0602798089828918E+001
-3.7127100000009126E+000,-3.7127100000009126E+000, 1.0602797974133711E+001
-3.7117100000009127E+000,-3.7117100000009127E+000, 1.0602797858444559E+001
-3.7107100000009128E+000,-3.7107100000009128E+000, 1.0602797742744961E+001
-3.7097100000009129E+000,-3.7097100000009129E+000, 1.0602797627056209E+001
-3.7087100000009130E+000,-3.7087100000009130E+000, 1.0602797511361642E+001
-3.7077100000009131E+000,-3.7077100000009131E+000, 1.0602797395668173E+001
-3.7067100000009132E+000,-3.7067100000009132E+000, 1.0602797279971012E+001
-3.7057100000009133E+000,-3.7057100000009133E+000, 1.0602797164283931E+001
-3.7047100000009134E+000,-3.7047100000009134E+000, 1.0602797048591007E+001
-3.7037100000009135E+000,-3.7037100000009135E+000, 1.0602796932881811E+001
-3.7027100000009137E+000,-3.7027100000009137E+000, 1.0602796817182224E+001
-3.7017100000009138E+000,-3.7017100000009138E+000, 1.0602796701486707E+001
-3.7007100000009139E+000,-3.7007100000009139E+000, 1.0602796585784148E+001
-3.6997100000009140E+000,-3.6997100000009140E+000, 1.0602796470107929E+001
-3.6987100000009141E+000,-3.6987100000009141E+000, 1.0602796354397688E+001
-3.6977100000009142E+000,-3.6977100000009142E+000, 1.0602796238694486E+001
-3.6967100000009143E+000,-3.6967100000009143E+000, 1.0602796122997269E+001
-3.6957100000009144E+000,-3.6957100000009144E+000, 1.0602796007304395E+001
-3.6947100000009145E+000,-3.6947100000009145E+000, 1.0602795891604078E+001
-3.6937100000009147E+000,-3.6937100000009147E+000, 1.0602795775893890E+001
-3.6927100000009148E+000,-3.6927100000009148E+000, 1.0602795660196994E+001
-3.6917100000009149E+000,-3.6917100000009149E+000, 1.0602795544494377E+001
-3.6907100000009150E+000,-3.6907100000009150E+000, 1.0602795428785379E+001
-3.6897100000009151E+000,-3.6897100000009151E+000, 1.0602795313090830E+001
-3.6887100000009152E+000,-3.6887100000009152E+000, 1.0602795197390559E+001
-3.6877100000009153E+000,-3.6877100000009153E+000, 1.0602795081684954E+001
-3.6867100000009154E+000,-3.6867100000009154E+000, 1.0602794965967513E+001
-3.6857100000009155E+000,-3.6857100000009155E+000, 1.0602794850270804E+001
-3.6847100000009156E+000,-3.6847100000009156E+000, 1.0602794734562149E+001
-3.6837100000009158E+000,-3.6837100000009158E+000, 1.0602794618873173E+001
-3.6827100000009159E+000,-3.6827100000009159E+000, 1.0602794503154431E+001
-3.6817100000009160E+000,-3.6817100000009160E+000, 1.0602794387441879E+001
-3.6807100000009161E+000,-3.6807100000009161E+000, 1.0602794271731797E+001
-3.6797100000009162E+000,-3.6797100000009162E+000, 1.0602794156024530E+001
-3.6787100000009163E+000,-3.6787100000009163E+000, 1.0602794040323126E+001
-3.6777100000009164E+000,-3.6777100000009164E+000, 1.0602793924619172E+001
-3.6767100000009165E+000,-3.6767100000009165E+000, 1.0602793808899062E+001
-3.6757100000009166E+000,-3.6757100000009166E+000, 1.0602793693185125E+001
-3.6747100000009167E+000,-3.6747100000009167E+000, 1.0602793577484039E+001
-3.6737100000009169E+000,-3.6737100000009169E+000, 1.0602793461766334E+001
-3.6727100000009170E+000,-3.6727100000009170E+000, 1.0602793346069150E+001
-3.6717100000009171E+000,-3.6717100000009171E+000, 1.0602793230351105E+001
-3.6707100000009172E+000,-3.6707100000009172E+000, 1.0602793114627190E+001
-3.6697100000009173E+000,-3.6697100000009173E+000, 1.0602792998912264E+001
-3.6687100000009174E+000,-3.6687100000009174E+000, 1.0602792883201385E+001
-3.6677100000009175E+000,-3.6677100000009175E+000, 1.0602792767487458E+001
-3.6667100000009176E+000,-3.6667100000009176E+000, 1.0602792651779611E+001
-3.6657100000009177E+000,-3.6657100000009177E+000, 1.0602792536055896E+001
-3.6647100000009178E+000,-3.6647100000009178E+000, 1.0602792420329461E+001
-3.6637100000009180E+000,-3.6637100000009180E+000, 1.0602792304619047E+001
-3.6627100000009181E+000,-3.6627100000009181E+000, 1.0602792188910442E+001
-3.6617100000009182E+000,-3.6617100000009182E+000, 1.0602792073182822E+001
-3.6607100000009183E+000,-3.6607100000009183E+000, 1.0602791957465740E+001
-3.6597100000009184E+000,-3.6597100000009184E+000, 1.0602791841743841E+001
-3.6587100000009185E+000,-3.6587100000009185E+000, 1.0602791726031976E+001
-3.6577100000009186E+000,-3.6577100000009186E+000, 1.0602791610307825E+001
-3.6567100000009187E+000,-3.6567100000009187E+000, 1.0602791494587974E+001
-3.6557100000009188E+000,-3.6557100000009188E+000, 1.0602791378872002E+001
-3.6547100000009189E+000,-3.6547100000009189E+000, 1.0602791263146559E+001
-3.6537100000009191E+000,-3.6537100000009191E+000, 1.0602791147410134E+001
-3.6527100000009192E+000,-3.6527100000009192E+000, 1.0602791031696922E+001
-3.6517100000009193E+000,-3.6517100000009193E+000, 1.0602790915982743E+001
-3.6507100000009194E+000,-3.6507100000009194E+000, 1.0602790800258937E+001
-3.6497100000009195E+000,-3.6497100000009195E+000, 1.0602790684545941E+001
-3.6487100000009196E+000,-3.6487100000009196E+000, 1.0602790568799906E+001
-3.6477100000009197E+000,-3.6477100000009197E+000, 1.0602790453083754E+001
-3.6467100000009198E+000,-3.6467100000009198E+000, 1.0602790337358437E+001
-3.6457100000009199E+000,-3.6457100000009199E+000, 1.0602790221637081E+001
-3.6447100000009200E+000,-3.6447100000009200E+000, 1.0602790105917601E+001
-3.6437100000009202E+000,-3.6437100000009202E+000, 1.0602789990178607E+001
-3.6427100000009203E+000,-3.6427100000009203E+000, 1.0602789874432849E+001
-3.6417100000009204E+000,-3.6417100000009204E+000, 1.0602789758722269E+001
-3.6407100000009205E+000,-3.6407100000009205E+000, 1.0602789642996825E+001
-3.6397100000009206E+000,-3.6397100000009206E+000, 1.0602789527268140E+001
-3.6387100000009207E+000,-3.6387100000009207E+000, 1.0602789411528727E+001
-3.6377100000009208E+000,-3.6377100000009208E+000, 1.0602789295808599E+001
-3.6367100000009209E+000,-3.6367100000009209E+000, 1.0602789180071495E+001
-3.6357100000009210E+000,-3.6357100000009210E+000, 1.0602789064342975E+001
-3.6347100000009211E+000,-3.6347100000009211E+000, 1.0602788948609142E+001
-3.6337100000009213E+000,-3.6337100000009213E+000, 1.0602788832892227E+001
-3.6327100000009214E+000,-3.6327100000009214E+000, 1.0602788717148879E+001
-3.6317100000009215E+000,-3.6317100000009215E+000, 1.0602788601410348E+001
-3.6307100000009216E+000,-3.6307100000009216E+000, 1.0602788485675781E+001
-3.6297100000009217E+000,-3.6297100000009217E+000, 1.0602788369948499E+001
-3.6287100000009218E+000,-3.6287100000009218E+000, 1.0602788254217282E+001
-3.6277100000009219E+000,-3.6277100000009219E+000, 1.0602788138480751E+001
-3.6267100000009220E+000,-3.6267100000009220E+000, 1.0602788022734417E+001
-3.6257100000009221E+000,-3.6257100000009221E+000, 1.0602787907000412E+001
-3.6247100000009222E+000,-3.6247100000009222E+000, 1.0602787791266090E+001
-3.6237100000009224E+000,-3.6237100000009224E+000, 1.0602787675537497E+001
-3.6227100000009225E+000,-3.6227100000009225E+000, 1.0602787559792009E+001
-3.6217100000009226E+000,-3.6217100000009226E+000, 1.0602787444049678E+001
-3.6207100000009227E+000,-3.6207100000009227E+000, 1.0602787328297833E+001
-3.6197100000009228E+000,-3.6197100000009228E+000, 1.0602787212575663E+001
-3.6187100000009229E+000,-3.6187100000009229E+000, 1.0602787096836433E+001
-3.6177100000009230E+000,-3.6177100000009230E+000, 1.0602786981102359E+001
-3.6167100000009231E+000,-3.6167100000009231E+000, 1.0602786865354808E+001
-3.6157100000009232E+000,-3.6157100000009232E+000, 1.0602786749606610E+001
-3.6147100000009234E+000,-3.6147100000009234E+000, 1.0602786633864620E+001
-3.6137100000009235E+000,-3.6137100000009235E+000, 1.0602786518137481E+001
-3.6127100000009236E+000,-3.6127100000009236E+000, 1.0602786402382833E+001
-3.6117100000009237E+000,-3.6117100000009237E+000, 1.0602786286643898E+001
-3.6107100000009238E+000,-3.6107100000009238E+000, 1.0602786170891394E+001
-3.6097100000009239E+000,-3.6097100000009239E+000, 1.0602786055140188E+001
-3.6087100000009240E+000,-3.6087100000009240E+000, 1.0602785939396217E+001
-3.6077100000009241E+000,-3.6077100000009241E+000, 1.0602785823661232E+001
-3.6067100000009242E+000,-3.6067100000009242E+000, 1.0602785707922820E+001
-3.6057100000009243E+000,-3.6057100000009243E+000, 1.0602785592175659E+001
-3.6047100000009245E+000,-3.6047100000009245E+000, 1.0602785476411114E+001
-3.6037100000009246E+000,-3.6037100000009246E+000, 1.0602785360673998E+001
-3.6027100000009247E+000,-3.6027100000009247E+000, 1.0602785244922716E+001
-3.6017100000009248E+000,-3.6017100000009248E+000, 1.0602785129166790E+001
-3.6007100000009249E+000,-3.6007100000009249E+000, 1.0602785013439700E+001
-3.5997100000009250E+000,-3.5997100000009250E+000, 1.0602784897671228E+001
-3.5987100000009251E+000,-3.5987100000009251E+000, 1.0602784781922450E+001
-3.5977100000009252E+000,-3.5977100000009252E+000, 1.0602784666173656E+001
-3.5967100000009253E+000,-3.5967100000009253E+000, 1.0602784550420100E+001
-3.5957100000009254E+000,-3.5957100000009254E+000, 1.0602784434691504E+001
-3.5947100000009256E+000,-3.5947100000009256E+000, 1.0602784318912914E+001
-3.5937100000009257E+000,-3.5937100000009257E+000, 1.0602784203160194E+001
-3.5927100000009258E+000,-3.5927100000009258E+000, 1.0602784087412109E+001
-3.5917100000009259E+000,-3.5917100000009259E+000, 1.0602783971663426E+001
-3.5907100000009260E+000,-3.5907100000009260E+000, 1.0602783855908559E+001
-3.5897100000009261E+000,-3.5897100000009261E+000, 1.0602783740156227E+001
-3.5887100000009262E+000,-3.5887100000009262E+000, 1.0602783624387438E+001
-3.5877100000009263E+000,-3.5877100000009263E+000, 1.0602783508633195E+001
-3.5867100000009264E+000,-3.5867100000009264E+000, 1.0602783392878708E+001
-3.5857100000009265E+000,-3.5857100000009265E+000, 1.0602783277127511E+001
-3.5847100000009267E+000,-3.5847100000009267E+000, 1.0602783161376150E+001
-3.5837100000009268E+000,-3.5837100000009268E+000, 1.0602783045596318E+001
-3.5827100000009269E+000,-3.5827100000009269E+000, 1.0602782929853010E+001
-3.5817100000009270E+000,-3.5817100000009270E+000, 1.0602782814093292E+001
-3.5807100000009271E+000,-3.5807100000009271E+000, 1.0602782698335300E+001
-3.5797100000009272E+000,-3.5797100000009272E+000, 1.0602782582571185E+001
-3.5787100000009273E+000,-3.5787100000009273E+000, 1.0602782466818070E+001
-3.5777100000009274E+000,-3.5777100000009274E+000, 1.0602782351041776E+001
-3.5767100000009275E+000,-3.5767100000009275E+000, 1.0602782235286805E+001
-3.5757100000009276E+000,-3.5757100000009276E+000, 1.0602782119519940E+001
-3.5747100000009278E+000,-3.5747100000009278E+000, 1.0602782003756353E+001
-3.5737100000009279E+000,-3.5737100000009279E+000, 1.0602781888015025E+001
-3.5727100000009280E+000,-3.5727100000009280E+000, 1.0602781772225587E+001
-3.5717100000009281E+000,-3.5717100000009281E+000, 1.0602781656472033E+001
-3.5707100000009282E+000,-3.5707100000009282E+000, 1.0602781540694135E+001
-3.5697100000009283E+000,-3.5697100000009283E+000, 1.0602781424950440E+001
-3.5687100000009284E+000,-3.5687100000009284E+000, 1.0602781309182319E+001
-3.5677100000009285E+000,-3.5677100000009285E+000, 1.0602781193411236E+001
-3.5667100000009286E+000,-3.5667100000009286E+000, 1.0602781077637307E+001
-3.5657100000009287E+000,-3.5657100000009287E+000, 1.0602780961876938E+001
-3.5647100000009289E+000,-3.5647100000009289E+000, 1.0602780846108393E+001
-3.5637100000009290E+000,-3.5637100000009290E+000, 1.0602780730342310E+001
-3.5627100000009291E+000,-3.5627100000009291E+000, 1.0602780614570143E+001
-3.5617100000009292E+000,-3.5617100000009292E+000, 1.0602780498790121E+001
-3.5607100000009293E+000,-3.5607100000009293E+000, 1.0602780383023944E+001
-3.5597100000009294E+000,-3.5597100000009294E+000, 1.0602780267257051E+001
-3.5587100000009295E+000,-3.5587100000009295E+000, 1.0602780151485421E+001
-3.5577100000009296E+000,-3.5577100000009296E+000, 1.0602780035714900E+001
-3.5567100000009297E+000,-3.5567100000009297E+000, 1.0602779919945711E+001
-3.5557100000009298E+000,-3.5557100000009298E+000, 1.0602779804162921E+001
-3.5547100000009300E+000,-3.5547100000009300E+000, 1.0602779688409690E+001
-3.5537100000009301E+000,-3.5537100000009301E+000, 1.0602779572627982E+001
-3.5527100000009302E+000,-3.5527100000009302E+000, 1.0602779456859981E+001
-3.5517100000009303E+000,-3.5517100000009303E+000, 1.0602779341083284E+001
-3.5507100000009304E+000,-3.5507100000009304E+000, 1.0602779225299612E+001
-3.5497100000009305E+000,-3.5497100000009305E+000, 1.0602779109526400E+001
-3.5487100000009306E+000,-3.5487100000009306E+000, 1.0602778993742856E+001
-3.5477100000009307E+000,-3.5477100000009307E+000, 1.0602778877979127E+001
-3.5467100000009308E+000,-3.5467100000009308E+000, 1.0602778762192031E+001
-3.5457100000009310E+000,-3.5457100000009310E+000, 1.0602778646407870E+001
-3.5447100000009311E+000,-3.5447100000009311E+000, 1.0602778530636488E+001
-3.5437100000009312E+000,-3.5437100000009312E+000, 1.0602778414866798E+001
-3.5427100000009313E+000,-3.5427100000009313E+000, 1.0602778299073607E+001
-3.5417100000009314E+000,-3.5417100000009314E+000, 1.0602778183295285E+001
-3.5407100000009315E+000,-3.5407100000009315E+000, 1.0602778067512306E+001
-3.5397100000009316E+000,-3.5397100000009316E+000, 1.0602777951735861E+001
-3.5387100000009317E+000,-3.5387100000009317E+000, 1.0602777835948491E+001
-3.5377100000009318E+000,-3.5377100000009318E+000, 1.0602777720174940E+001
-3.5367100000009319E+000,-3.5367100000009319E+000, 1.0602777604401593E+001
-3.5357100000009321E+000,-3.5357100000009321E+000, 1.0602777488604225E+001
-3.5347100000009322E+000,-3.5347100000009322E+000, 1.0602777372821715E+001
-3.5337100000009323E+000,-3.5337100000009323E+000, 1.0602777257048910E+001
-3.5327100000009324E+000,-3.5327100000009324E+000, 1.0602777141254869E+001
-3.5317100000009325E+000,-3.5317100000009325E+000, 1.0602777025469313E+001
-3.5307100000009326E+000,-3.5307100000009326E+000, 1.0602776909686760E+001
-3.5297100000009327E+000,-3.5297100000009327E+000, 1.0602776793894703E+001
-3.5287100000009328E+000,-3.5287100000009328E+000, 1.0602776678104565E+001
-3.5277100000009329E+000,-3.5277100000009329E+000, 1.0602776562329629E+001
-3.5267100000009330E+000,-3.5267100000009330E+000, 1.0602776446534662E+001
-3.5257100000009332E+000,-3.5257100000009332E+000, 1.0602776330761083E+001
-3.5247100000009333E+000,-3.5247100000009333E+000, 1.0602776214962265E+001
-3.5237100000009334E+000,-3.5237100000009334E+000, 1.0602776099180666E+001
-3.5227100000009335E+000,-3.5227100000009335E+000, 1.0602775983381592E+001
-3.5217100000009336E+000,-3.5217100000009336E+000, 1.0602775867595085E+001
-3.5207100000009337E+000,-3.5207100000009337E+000, 1.0602775751801861E+001
-3.5197100000009338E+000,-3.5197100000009338E+000, 1.0602775636016588E+001
-3.5187100000009339E+000,-3.5187100000009339E+000, 1.0602775520225395E+001
-3.5177100000009340E+000,-3.5177100000009340E+000, 1.0602775404415455E+001
-3.5167100000009341E+000,-3.5167100000009341E+000, 1.0602775288628465E+001
-3.5157100000009343E+000,-3.5157100000009343E+000, 1.0602775172841520E+001
-3.5147100000009344E+000,-3.5147100000009344E+000, 1.0602775057052838E+001
-3.5137100000009345E+000,-3.5137100000009345E+000, 1.0602774941248027E+001
-3.5127100000009346E+000,-3.5127100000009346E+000, 1.0602774825451851E+001
-3.5117100000009347E+000,-3.5117100000009347E+000, 1.0602774709657254E+001
-3.5107100000009348E+000,-3.5107100000009348E+000, 1.0602774593860971E+001
-3.5097100000009349E+000,-3.5097100000009349E+000, 1.0602774478072837E+001
-3.5087100000009350E+000,-3.5087100000009350E+000, 1.0602774362270875E+001
-3.5077100000009351E+000,-3.5077100000009351E+000, 1.0602774246473221E+001
-3.5067100000009352E+000,-3.5067100000009352E+000, 1.0602774130669486E+001
-3.5057100000009354E+000,-3.5057100000009354E+000, 1.0602774014880223E+001
-3.5047100000009355E+000,-3.5047100000009355E+000, 1.0602773899087730E+001
-3.5037100000009356E+000,-3.5037100000009356E+000, 1.0602773783289937E+001
-3.5027100000009357E+000,-3.5027100000009357E+000, 1.0602773667472404E+001
-3.5017100000009358E+000,-3.5017100000009358E+000, 1.0602773551680791E+001
-3.5007100000009359E+000,-3.5007100000009359E+000, 1.0602773435880851E+001
-3.4997100000009360E+000,-3.4997100000009360E+000, 1.0602773320081930E+001
-3.4987100000009361E+000,-3.4987100000009361E+000, 1.0602773204280313E+001
-3.4977100000009362E+000,-3.4977100000009362E+000, 1.0602773088474429E+001
-3.4967100000009363E+000,-3.4967100000009363E+000, 1.0602772972677599E+001
-3.4957100000009365E+000,-3.4957100000009365E+000, 1.0602772856866963E+001
-3.4947100000009366E+000,-3.4947100000009366E+000, 1.0602772741063076E+001
-3.4937100000009367E+000,-3.4937100000009367E+000, 1.0602772625261153E+001
-3.4927100000009368E+000,-3.4927100000009368E+000, 1.0602772509456109E+001
-3.4917100000009369E+000,-3.4917100000009369E+000, 1.0602772393646761E+001
-3.4907100000009370E+000,-3.4907100000009370E+000, 1.0602772277844513E+001
-3.4897100000009371E+000,-3.4897100000009371E+000, 1.0602772162031837E+001
-3.4887100000009372E+000,-3.4887100000009372E+000, 1.0602772046224516E+001
-3.4877100000009373E+000,-3.4877100000009373E+000, 1.0602771930421145E+001
-3.4867100000009374E+000,-3.4867100000009374E+000, 1.0602771814611716E+001
-3.4857100000009376E+000,-3.4857100000009376E+000, 1.0602771698803821E+001
-3.4847100000009377E+000,-3.4847100000009377E+000, 1.0602771582978443E+001
-3.4837100000009378E+000,-3.4837100000009378E+000, 1.0602771467182487E+001
-3.4827100000009379E+000,-3.4827100000009379E+000, 1.0602771351371882E+001
-3.4817100000009380E+000,-3.4817100000009380E+000, 1.0602771235559604E+001
-3.4807100000009381E+000,-3.4807100000009381E+000, 1.0602771119742084E+001
-3.4797100000009382E+000,-3.4797100000009382E+000, 1.0602771003939539E+001
-3.4787100000009383E+000,-3.4787100000009383E+000, 1.0602770888124372E+001
-3.4777100000009384E+000,-3.4777100000009384E+000, 1.0602770772313509E+001
-3.4767100000009385E+000,-3.4767100000009385E+000, 1.0602770656495624E+001
-3.4757100000009387E+000,-3.4757100000009387E+000, 1.0602770540688688E+001
-3.4747100000009388E+000,-3.4747100000009388E+000, 1.0602770424869494E+001
-3.4737100000009389E+000,-3.4737100000009389E+000, 1.0602770309056577E+001
-3.4727100000009390E+000,-3.4727100000009390E+000, 1.0602770193240211E+001
-3.4717100000009391E+000,-3.4717100000009391E+000, 1.0602770077427461E+001
-3.4707100000009392E+000,-3.4707100000009392E+000, 1.0602769961610612E+001
-3.4697100000009393E+000,-3.4697100000009393E+000, 1.0602769845788481E+001
-3.4687100000009394E+000,-3.4687100000009394E+000, 1.0602769729978824E+001
-3.4677100000009395E+000,-3.4677100000009395E+000, 1.0602769614160930E+001
-3.4667100000009397E+000,-3.4667100000009397E+000, 1.0602769498336599E+001
-3.4657100000009398E+000,-3.4657100000009398E+000, 1.0602769382518213E+001
-3.4647100000009399E+000,-3.4647100000009399E+000, 1.0602769266698884E+001
-3.4637100000009400E+000,-3.4637100000009400E+000, 1.0602769150885688E+001
-3.4627100000009401E+000,-3.4627100000009401E+000, 1.0602769035048720E+001
-3.4617100000009402E+000,-3.4617100000009402E+000, 1.0602768919238965E+001
-3.4607100000009403E+000,-3.4607100000009403E+000, 1.0602768803419490E+001
-3.4597100000009404E+000,-3.4597100000009404E+000, 1.0602768687584559E+001
-3.4587100000009405E+000,-3.4587100000009405E+000, 1.0602768571762788E+001
-3.4577100000009406E+000,-3.4577100000009406E+000, 1.0602768455939755E+001
-3.4567100000009408E+000,-3.4567100000009408E+000, 1.0602768340123387E+001
-3.4557100000009409E+000,-3.4557100000009409E+000, 1.0602768224299080E+001
-3.4547100000009410E+000,-3.4547100000009410E+000, 1.0602768108470316E+001
-3.4537100000009411E+000,-3.4537100000009411E+000, 1.0602767992646132E+001
-3.4527100000009412E+000,-3.4527100000009412E+000, 1.0602767876819401E+001
-3.4517100000009413E+000,-3.4517100000009413E+000, 1.0602767760989412E+001
-3.4507100000009414E+000,-3.4507100000009414E+000, 1.0602767645166454E+001
-3.4497100000009415E+000,-3.4497100000009415E+000, 1.0602767529338596E+001
-3.4487100000009416E+000,-3.4487100000009416E+000, 1.0602767413504379E+001
-3.4477100000009417E+000,-3.4477100000009417E+000, 1.0602767297680156E+001
-3.4467100000009419E+000,-3.4467100000009419E+000, 1.0602767181843641E+001
-3.4457100000009420E+000,-3.4457100000009420E+000, 1.0602767066029802E+001
-3.4447100000009421E+000,-3.4447100000009421E+000, 1.0602766950190173E+001
-3.4437100000009422E+000,-3.4437100000009422E+000, 1.0602766834354956E+001
-3.4427100000009423E+000,-3.4427100000009423E+000, 1.0602766718539467E+001
-3.4417100000009424E+000,-3.4417100000009424E+000, 1.0602766602712544E+001
-3.4407100000009425E+000,-3.4407100000009425E+000, 1.0602766486855199E+001
-3.4397100000009426E+000,-3.4397100000009426E+000, 1.0602766371029897E+001
-3.4387100000009427E+000,-3.4387100000009427E+000, 1.0602766255204941E+001
-3.4377100000009428E+000,-3.4377100000009428E+000, 1.0602766139362869E+001
-3.4367100000009430E+000,-3.4367100000009430E+000, 1.0602766023528446E+001
-3.4357100000009431E+000,-3.4357100000009431E+000, 1.0602765907694547E+001
-3.4347100000009432E+000,-3.4347100000009432E+000, 1.0602765791859936E+001
-3.4337100000009433E+000,-3.4337100000009433E+000, 1.0602765676030064E+001
-3.4327100000009434E+000,-3.4327100000009434E+000, 1.0602765560183233E+001
-3.4317100000009435E+000,-3.4317100000009435E+000, 1.0602765444356951E+001
-3.4307100000009436E+000,-3.4307100000009436E+000, 1.0602765328529646E+001
-3.4297100000009437E+000,-3.4297100000009437E+000, 1.0602765212677259E+001
-3.4287100000009438E+000,-3.4287100000009438E+000, 1.0602765096842173E+001
-3.4277100000009439E+000,-3.4277100000009439E+000, 1.0602764981002489E+001
-3.4267100000009441E+000,-3.4267100000009441E+000, 1.0602764865157438E+001
-3.4257100000009442E+000,-3.4257100000009442E+000, 1.0602764749319435E+001
-3.4247100000009443E+000,-3.4247100000009443E+000, 1.0602764633473004E+001
-3.4237100000009444E+000,-3.4237100000009444E+000, 1.0602764517644442E+001
-3.4227100000009445E+000,-3.4227100000009445E+000, 1.0602764401796897E+001
-3.4217100000009446E+000,-3.4217100000009446E+000, 1.0602764285946984E+001
-3.4207100000009447E+000,-3.4207100000009447E+000, 1.0602764170116114E+001
-3.4197100000009448E+000,-3.4197100000009448E+000, 1.0602764054280724E+001
-3.4187100000009449E+000,-3.4187100000009449E+000, 1.0602763938430046E+001
-3.4177100000009450E+000,-3.4177100000009450E+000, 1.0602763822592532E+001
-3.4167100000009452E+000,-3.4167100000009452E+000, 1.0602763706738344E+001
-3.4157100000009453E+000,-3.4157100000009453E+000, 1.0602763590893812E+001
-3.4147100000009454E+000,-3.4147100000009454E+000, 1.0602763475054353E+001
-3.4137100000009455E+000,-3.4137100000009455E+000, 1.0602763359198930E+001
-3.4127100000009456E+000,-3.4127100000009456E+000, 1.0602763243357638E+001
-3.4117100000009457E+000,-3.4117100000009457E+000, 1.0602763127493263E+001
-3.4107100000009458E+000,-3.4107100000009458E+000, 1.0602763011657714E+001
-3.4097100000009459E+000,-3.4097100000009459E+000, 1.0602762895813932E+001
-3.4087100000009460E+000,-3.4087100000009460E+000, 1.0602762779963662E+001
-3.4077100000009461E+000,-3.4077100000009461E+000, 1.0602762664102572E+001
-3.4067100000009463E+000,-3.4067100000009463E+000, 1.0602762548267686E+001
-3.4057100000009464E+000,-3.4057100000009464E+000, 1.0602762432413101E+001
-3.4047100000009465E+000,-3.4047100000009465E+000, 1.0602762316568541E+001
-3.4037100000009466E+000,-3.4037100000009466E+000, 1.0602762200703731E+001
-3.4027100000009467E+000,-3.4027100000009467E+000, 1.0602762084866834E+001
-3.4017100000009468E+000,-3.4017100000009468E+000, 1.0602761969022682E+001
-3.4007100000009469E+000,-3.4007100000009469E+000, 1.0602761853152259E+001
-3.3997100000009470E+000,-3.3997100000009470E+000, 1.0602761737299090E+001
-3.3987100000009471E+000,-3.3987100000009471E+000, 1.0602761621440326E+001
-3.3977100000009473E+000,-3.3977100000009473E+000, 1.0602761505594534E+001
-3.3967100000009474E+000,-3.3967100000009474E+000, 1.0602761389741019E+001
-3.3957100000009475E+000,-3.3957100000009475E+000, 1.0602761273875601E+001
-3.3947100000009476E+000,-3.3947100000009476E+000, 1.0602761158027459E+001
-3.3937100000009477E+000,-3.3937100000009477E+000, 1.0602761042170682E+001
-3.3927100000009478E+000,-3.3927100000009478E+000, 1.0602760926319380E+001
-3.3917100000009479E+000,-3.3917100000009479E+000, 1.0602760810450150E+001
-3.3907100000009480E+000,-3.3907100000009480E+000, 1.0602760694604415E+001
-3.3897100000009481E+000,-3.3897100000009481E+000, 1.0602760578728464E+001
-3.3887100000009482E+000,-3.3887100000009482E+000, 1.0602760462873622E+001
-3.3877100000009484E+000,-3.3877100000009484E+000, 1.0602760347028717E+001
-3.3867100000009485E+000,-3.3867100000009485E+000, 1.0602760231161522E+001
-3.3857100000009486E+000,-3.3857100000009486E+000, 1.0602760115294869E+001
-3.3847100000009487E+000,-3.3847100000009487E+000, 1.0602759999422069E+001
-3.3837100000009488E+000,-3.3837100000009488E+000, 1.0602759883573638E+001
-3.3827100000009489E+000,-3.3827100000009489E+000, 1.0602759767715380E+001
-3.3817100000009490E+000,-3.3817100000009490E+000, 1.0602759651858545E+001
-3.3807100000009491E+000,-3.3807100000009491E+000, 1.0602759535995091E+001
-3.3797100000009492E+000,-3.3797100000009492E+000, 1.0602759420114783E+001
-3.3787100000009493E+000,-3.3787100000009493E+000, 1.0602759304249108E+001
-3.3777100000009495E+000,-3.3777100000009495E+000, 1.0602759188397616E+001
-3.3767100000009496E+000,-3.3767100000009496E+000, 1.0602759072536379E+001
-3.3757100000009497E+000,-3.3757100000009497E+000, 1.0602758956658242E+001
-3.3747100000009498E+000,-3.3747100000009498E+000, 1.0602758840798680E+001
-3.3737100000009499E+000,-3.3737100000009499E+000, 1.0602758724926096E+001
-3.3727100000009500E+000,-3.3727100000009500E+000, 1.0602758609063265E+001
-3.3717100000009501E+000,-3.3717100000009501E+000, 1.0602758493196571E+001
-3.3707100000009502E+000,-3.3707100000009502E+000, 1.0602758377335961E+001
-3.3697100000009503E+000,-3.3697100000009503E+000, 1.0602758261461446E+001
-3.3687100000009504E+000,-3.3687100000009504E+000, 1.0602758145583275E+001
-3.3677100000009506E+000,-3.3677100000009506E+000, 1.0602758029712207E+001
-3.3667100000009507E+000,-3.3667100000009507E+000, 1.0602757913845085E+001
-3.3657100000009508E+000,-3.3657100000009508E+000, 1.0602757797981852E+001
-3.3647100000009509E+000,-3.3647100000009509E+000, 1.0602757682104642E+001
-3.3637100000009510E+000,-3.3637100000009510E+000, 1.0602757566236157E+001
-3.3627100000009511E+000,-3.3627100000009511E+000, 1.0602757450350857E+001
-3.3617100000009512E+000,-3.3617100000009512E+000, 1.0602757334475180E+001
-3.3607100000009513E+000,-3.3607100000009513E+000, 1.0602757218608069E+001
-3.3597100000009514E+000,-3.3597100000009514E+000, 1.0602757102742469E+001
-3.3587100000009515E+000,-3.3587100000009515E+000, 1.0602756986859848E+001
-3.3577100000009517E+000,-3.3577100000009517E+000, 1.0602756870976933E+001
-3.3567100000009518E+000,-3.3567100000009518E+000, 1.0602756755106656E+001
-3.3557100000009519E+000,-3.3557100000009519E+000, 1.0602756639232648E+001
-3.3547100000009520E+000,-3.3547100000009520E+000, 1.0602756523366693E+001
-3.3537100000009521E+000,-3.3537100000009521E+000, 1.0602756407483875E+001
-3.3527100000009522E+000,-3.3527100000009522E+000, 1.0602756291603804E+001
-3.3517100000009523E+000,-3.3517100000009523E+000, 1.0602756175728024E+001
-3.3507100000009524E+000,-3.3507100000009524E+000, 1.0602756059846751E+001
-3.3497100000009525E+000,-3.3497100000009525E+000, 1.0602755943964013E+001
-3.3487100000009526E+000,-3.3487100000009526E+000, 1.0602755828094423E+001
-3.3477100000009528E+000,-3.3477100000009528E+000, 1.0602755712209188E+001
-3.3467100000009529E+000,-3.3467100000009529E+000, 1.0602755596318213E+001
-3.3457100000009530E+000,-3.3457100000009530E+000, 1.0602755480444188E+001
-3.3447100000009531E+000,-3.3447100000009531E+000, 1.0602755364569020E+001
-3.3437100000009532E+000,-3.3437100000009532E+000, 1.0602755248680710E+001
-3.3427100000009533E+000,-3.3427100000009533E+000, 1.0602755132801139E+001
-3.3417100000009534E+000,-3.3417100000009534E+000, 1.0602755016915665E+001
-3.3407100000009535E+000,-3.3407100000009535E+000, 1.0602754901028293E+001
-3.3397100000009536E+000,-3.3397100000009536E+000, 1.0602754785142130E+001
-3.3387100000009537E+000,-3.3387100000009537E+000, 1.0602754669253285E+001
-3.3377100000009539E+000,-3.3377100000009539E+000, 1.0602754553389953E+001
-3.3367100000009540E+000,-3.3367100000009540E+000, 1.0602754437489494E+001
-3.3357100000009541E+000,-3.3357100000009541E+000, 1.0602754321600001E+001
-3.3347100000009542E+000,-3.3347100000009542E+000, 1.0602754205710156E+001
-3.3337100000009543E+000,-3.3337100000009543E+000, 1.0602754089826519E+001
-3.3327100000009544E+000,-3.3327100000009544E+000, 1.0602753973944328E+001
-3.3317100000009545E+000,-3.3317100000009545E+000, 1.0602753858045110E+001
-3.3307100000009546E+000,-3.3307100000009546E+000, 1.0602753742166414E+001
-3.3297100000009547E+000,-3.3297100000009547E+000, 1.0602753626275767E+001
-3.3287100000009548E+000,-3.3287100000009548E+000, 1.0602753510386023E+001
-3.3277100000009550E+000,-3.3277100000009550E+000, 1.0602753394499047E+001
-3.3267100000009551E+000,-3.3267100000009551E+000, 1.0602753278612429E+001
-3.3257100000009552E+000,-3.3257100000009552E+000, 1.0602753162698789E+001
-3.3247100000009553E+000,-3.3247100000009553E+000, 1.0602753046798885E+001
-3.3237100000009554E+000,-3.3237100000009554E+000, 1.0602752930919600E+001
-3.3227100000009555E+000,-3.3227100000009555E+000, 1.0602752815034808E+001
-3.3217100000009556E+000,-3.3217100000009556E+000, 1.0602752699137195E+001
-3.3207100000009557E+000,-3.3207100000009557E+000, 1.0602752583235951E+001
-3.3197100000009558E+000,-3.3197100000009558E+000, 1.0602752467333886E+001
-3.3187100000009560E+000,-3.3187100000009560E+000, 1.0602752351445435E+001
-3.3177100000009561E+000,-3.3177100000009561E+000, 1.0602752235552259E+001
-3.3167100000009562E+000,-3.3167100000009562E+000, 1.0602752119650727E+001
-3.3157100000009563E+000,-3.3157100000009563E+000, 1.0602752003770068E+001
-3.3147100000009564E+000,-3.3147100000009564E+000, 1.0602751887856154E+001
-3.3137100000009565E+000,-3.3137100000009565E+000, 1.0602751771951779E+001
-3.3127100000009566E+000,-3.3127100000009566E+000, 1.0602751656062386E+001
-3.3117100000009567E+000,-3.3117100000009567E+000, 1.0602751540174774E+001
-3.3107100000009568E+000,-3.3107100000009568E+000, 1.0602751424275551E+001
-3.3097100000009569E+000,-3.3097100000009569E+000, 1.0602751308355383E+001
-3.3087100000009571E+000,-3.3087100000009571E+000, 1.0602751192465574E+001
-3.3077100000009572E+000,-3.3077100000009572E+000, 1.0602751076562136E+001
-3.3067100000009573E+000,-3.3067100000009573E+000, 1.0602750960658508E+001
-3.3057100000009574E+000,-3.3057100000009574E+000, 1.0602750844765072E+001
-3.3047100000009575E+000,-3.3047100000009575E+000, 1.0602750728866823E+001
-3.3037100000009576E+000,-3.3037100000009576E+000, 1.0602750612933413E+001
-3.3027100000009577E+000,-3.3027100000009577E+000, 1.0602750497041281E+001
-3.3017100000009578E+000,-3.3017100000009578E+000, 1.0602750381155282E+001
-3.3007100000009579E+000,-3.3007100000009579E+000, 1.0602750265253370E+001
-3.2997100000009580E+000,-3.2997100000009580E+000, 1.0602750149338281E+001
-3.2987100000009582E+000,-3.2987100000009582E+000, 1.0602750033415067E+001
-3.2977100000009583E+000,-3.2977100000009583E+000, 1.0602749917521688E+001
-3.2967100000009584E+000,-3.2967100000009584E+000, 1.0602749801611164E+001
-3.2957100000009585E+000,-3.2957100000009585E+000, 1.0602749685704820E+001
-3.2947100000009586E+000,-3.2947100000009586E+000, 1.0602749569806820E+001
-3.2937100000009587E+000,-3.2937100000009587E+000, 1.0602749453900454E+001
-3.2927100000009588E+000,-3.2927100000009588E+000, 1.0602749337982123E+001
-3.2917100000009589E+000,-3.2917100000009589E+000, 1.0602749222079087E+001
-3.2907100000009590E+000,-3.2907100000009590E+000, 1.0602749106161921E+001
-3.2897100000009591E+000,-3.2897100000009591E+000, 1.0602748990260942E+001
-3.2887100000009593E+000,-3.2887100000009593E+000, 1.0602748874345370E+001
-3.2877100000009594E+000,-3.2877100000009594E+000, 1.0602748758430613E+001
-3.2867100000009595E+000,-3.2867100000009595E+000, 1.0602748642514626E+001
-3.2857100000009596E+000,-3.2857100000009596E+000, 1.0602748526603870E+001
-3.2847100000009597E+000,-3.2847100000009597E+000, 1.0602748410693010E+001
-3.2837100000009598E+000,-3.2837100000009598E+000, 1.0602748294793372E+001
-3.2827100000009599E+000,-3.2827100000009599E+000, 1.0602748178870527E+001
-3.2817100000009600E+000,-3.2817100000009600E+000, 1.0602748062934786E+001
-3.2807100000009601E+000,-3.2807100000009601E+000, 1.0602747947032130E+001
-3.2797100000009602E+000,-3.2797100000009602E+000, 1.0602747831128877E+001
-3.2787100000009604E+000,-3.2787100000009604E+000, 1.0602747715210471E+001
-3.2777100000009605E+000,-3.2777100000009605E+000, 1.0602747599300793E+001
-3.2767100000009606E+000,-3.2767100000009606E+000, 1.0602747483364345E+001
-3.2757100000009607E+000,-3.2757100000009607E+000, 1.0602747367452608E+001
-3.2747100000009608E+000,-3.2747100000009608E+000, 1.0602747251535471E+001
-3.2737100000009609E+000,-3.2737100000009609E+000, 1.0602747135615470E+001
-3.2727100000009610E+000,-3.2727100000009610E+000, 1.0602747019708563E+001
-3.2717100000009611E+000,-3.2717100000009611E+000, 1.0602746903769606E+001
-3.2707100000009612E+000,-3.2707100000009612E+000, 1.0602746787837766E+001
-3.2697100000009613E+000,-3.2697100000009613E+000, 1.0602746671938222E+001
-3.2687100000009615E+000,-3.2687100000009615E+000, 1.0602746556020662E+001
-3.2677100000009616E+000,-3.2677100000009616E+000, 1.0602746440094833E+001
-3.2667100000009617E+000,-3.2667100000009617E+000, 1.0602746324169459E+001
-3.2657100000009618E+000,-3.2657100000009618E+000, 1.0602746208246378E+001
-3.2647100000009619E+000,-3.2647100000009619E+000, 1.0602746092331587E+001
-3.2637100000009620E+000,-3.2637100000009620E+000, 1.0602745976400969E+001
-3.2627100000009621E+000,-3.2627100000009621E+000, 1.0602745860484497E+001
-3.2617100000009622E+000,-3.2617100000009622E+000, 1.0602745744556819E+001
-3.2607100000009623E+000,-3.2607100000009623E+000, 1.0602745628620125E+001
-3.2597100000009624E+000,-3.2597100000009624E+000, 1.0602745512691335E+001
-3.2587100000009626E+000,-3.2587100000009626E+000, 1.0602745396772029E+001
-3.2577100000009627E+000,-3.2577100000009627E+000, 1.0602745280856761E+001
-3.2567100000009628E+000,-3.2567100000009628E+000, 1.0602745164920048E+001
-3.2557100000009629E+000,-3.2557100000009629E+000, 1.0602745048992833E+001
-3.2547100000009630E+000,-3.2547100000009630E+000, 1.0602744933049820E+001
-3.2537100000009631E+000,-3.2537100000009631E+000, 1.0602744817128414E+001
-3.2527100000009632E+000,-3.2527100000009632E+000, 1.0602744701192069E+001
-3.2517100000009633E+000,-3.2517100000009633E+000, 1.0602744585272905E+001
-3.2507100000009634E+000,-3.2507100000009634E+000, 1.0602744469347124E+001
-3.2497100000009636E+000,-3.2497100000009636E+000, 1.0602744353409005E+001
-3.2487100000009637E+000,-3.2487100000009637E+000, 1.0602744237476694E+001
-3.2477100000009638E+000,-3.2477100000009638E+000, 1.0602744121546301E+001
-3.2467100000009639E+000,-3.2467100000009639E+000, 1.0602744005623702E+001
-3.2457100000009640E+000,-3.2457100000009640E+000, 1.0602743889679804E+001
-3.2447100000009641E+000,-3.2447100000009641E+000, 1.0602743773744395E+001
-3.2437100000009642E+000,-3.2437100000009642E+000, 1.0602743657805521E+001
-3.2427100000009643E+000,-3.2427100000009643E+000, 1.0602743541870828E+001
-3.2417100000009644E+000,-3.2417100000009644E+000, 1.0602743425945480E+001
-3.2407100000009645E+000,-3.2407100000009645E+000, 1.0602743310010265E+001
-3.2397100000009647E+000,-3.2397100000009647E+000, 1.0602743194066077E+001
-3.2387100000009648E+000,-3.2387100000009648E+000, 1.0602743078117376E+001
-3.2377100000009649E+000,-3.2377100000009649E+000, 1.0602742962191144E+001
-3.2367100000009650E+000,-3.2367100000009650E+000, 1.0602742846259460E+001
-3.2357100000009651E+000,-3.2357100000009651E+000, 1.0602742730322412E+001
-3.2347100000009652E+000,-3.2347100000009652E+000, 1.0602742614384477E+001
-3.2337100000009653E+000,-3.2337100000009653E+000, 1.0602742498441280E+001
-3.2327100000009654E+000,-3.2327100000009654E+000, 1.0602742382502676E+001
-3.2317100000009655E+000,-3.2317100000009655E+000, 1.0602742266551589E+001
-3.2307100000009656E+000,-3.2307100000009656E+000, 1.0602742150616736E+001
-3.2297100000009658E+000,-3.2297100000009658E+000, 1.0602742034677718E+001
-3.2287100000009659E+000,-3.2287100000009659E+000, 1.0602741918729906E+001
-3.2277100000009660E+000,-3.2277100000009660E+000, 1.0602741802793982E+001
-3.2267100000009661E+000,-3.2267100000009661E+000, 1.0602741686839364E+001
-3.2257100000009662E+000,-3.2257100000009662E+000, 1.0602741570904238E+001
-3.2247100000009663E+000,-3.2247100000009663E+000, 1.0602741454958114E+001
-3.2237100000009664E+000,-3.2237100000009664E+000, 1.0602741339012891E+001
-3.2227100000009665E+000,-3.2227100000009665E+000, 1.0602741223070465E+001
-3.2217100000009666E+000,-3.2217100000009666E+000, 1.0602741107118463E+001
-3.2207100000009667E+000,-3.2207100000009667E+000, 1.0602740991179811E+001
-3.2197100000009669E+000,-3.2197100000009669E+000, 1.0602740875235432E+001
-3.2187100000009670E+000,-3.2187100000009670E+000, 1.0602740759289123E+001
-3.2177100000009671E+000,-3.2177100000009671E+000, 1.0602740643339553E+001
-3.2167100000009672E+000,-3.2167100000009672E+000, 1.0602740527377247E+001
-3.2157100000009673E+000,-3.2157100000009673E+000, 1.0602740411441093E+001
-3.2147100000009674E+000,-3.2147100000009674E+000, 1.0602740295495629E+001
-3.2137100000009675E+000,-3.2137100000009675E+000, 1.0602740179541227E+001
-3.2127100000009676E+000,-3.2127100000009676E+000, 1.0602740063582292E+001
-3.2117100000009677E+000,-3.2117100000009677E+000, 1.0602739947641400E+001
-3.2107100000009678E+000,-3.2107100000009678E+000, 1.0602739831682467E+001
-3.2097100000009680E+000,-3.2097100000009680E+000, 1.0602739715733634E+001
-3.2087100000009681E+000,-3.2087100000009681E+000, 1.0602739599775484E+001
-3.2077100000009682E+000,-3.2077100000009682E+000, 1.0602739483837187E+001
-3.2067100000009683E+000,-3.2067100000009683E+000, 1.0602739367873438E+001
-3.2057100000009684E+000,-3.2057100000009684E+000, 1.0602739251914628E+001
-3.2047100000009685E+000,-3.2047100000009685E+000, 1.0602739135967653E+001
-3.2037100000009686E+000,-3.2037100000009686E+000, 1.0602739020019335E+001
-3.2027100000009687E+000,-3.2027100000009687E+000, 1.0602738904057869E+001
-3.2017100000009688E+000,-3.2017100000009688E+000, 1.0602738788106159E+001
-3.2007100000009689E+000,-3.2007100000009689E+000, 1.0602738672151045E+001
-3.1997100000009691E+000,-3.1997100000009691E+000, 1.0602738556176226E+001
-3.1987100000009692E+000,-3.1987100000009692E+000, 1.0602738440230851E+001
-3.1977100000009693E+000,-3.1977100000009693E+000, 1.0602738324269307E+001
-3.1967100000009694E+000,-3.1967100000009694E+000, 1.0602738208318449E+001
-3.1957100000009695E+000,-3.1957100000009695E+000, 1.0602738092350821E+001
-3.1947100000009696E+000,-3.1947100000009696E+000, 1.0602737976386383E+001
-3.1937100000009697E+000,-3.1937100000009697E+000, 1.0602737860431255E+001
-3.1927100000009698E+000,-3.1927100000009698E+000, 1.0602737744462308E+001
-3.1917100000009699E+000,-3.1917100000009699E+000, 1.0602737628512033E+001
-3.1907100000009700E+000,-3.1907100000009700E+000, 1.0602737512543282E+001
-3.1897100000009702E+000,-3.1897100000009702E+000, 1.0602737396588136E+001
-3.1887100000009703E+000,-3.1887100000009703E+000, 1.0602737280615278E+001
-3.1877100000009704E+000,-3.1877100000009704E+000, 1.0602737164660990E+001
-3.1867100000009705E+000,-3.1867100000009705E+000, 1.0602737048689226E+001
-3.1857100000009706E+000,-3.1857100000009706E+000, 1.0602736932725579E+001
-3.1847100000009707E+000,-3.1847100000009707E+000, 1.0602736816761949E+001
-3.1837100000009708E+000,-3.1837100000009708E+000, 1.0602736700798157E+001
-3.1827100000009709E+000,-3.1827100000009709E+000, 1.0602736584834085E+001
-3.1817100000009710E+000,-3.1817100000009710E+000, 1.0602736468865821E+001
-3.1807100000009711E+000,-3.1807100000009711E+000, 1.0602736352895711E+001
-3.1797100000009713E+000,-3.1797100000009713E+000, 1.0602736236935719E+001
-3.1787100000009714E+000,-3.1787100000009714E+000, 1.0602736120974333E+001
-3.1777100000009715E+000,-3.1777100000009715E+000, 1.0602736004999816E+001
-3.1767100000009716E+000,-3.1767100000009716E+000, 1.0602735889026578E+001
-3.1757100000009717E+000,-3.1757100000009717E+000, 1.0602735773057141E+001
-3.1747100000009718E+000,-3.1747100000009718E+000, 1.0602735657073671E+001
-3.1737100000009719E+000,-3.1737100000009719E+000, 1.0602735541115386E+001
-3.1727100000009720E+000,-3.1727100000009720E+000, 1.0602735425139795E+001
-3.1717100000009721E+000,-3.1717100000009721E+000, 1.0602735309177303E+001
-3.1707100000009723E+000,-3.1707100000009723E+000, 1.0602735193191201E+001
-3.1697100000009724E+000,-3.1697100000009724E+000, 1.0602735077224430E+001
-3.1687100000009725E+000,-3.1687100000009725E+000, 1.0602734961255614E+001
-3.1677100000009726E+000,-3.1677100000009726E+000, 1.0602734845276046E+001
-3.1667100000009727E+000,-3.1667100000009727E+000, 1.0602734729295408E+001
-3.1657100000009728E+000,-3.1657100000009728E+000, 1.0602734613329403E+001
-3.1647100000009729E+000,-3.1647100000009729E+000, 1.0602734497348784E+001
-3.1637100000009730E+000,-3.1637100000009730E+000, 1.0602734381376857E+001
-3.1627100000009731E+000,-3.1627100000009731E+000, 1.0602734265406980E+001
-3.1617100000009732E+000,-3.1617100000009732E+000, 1.0602734149425039E+001
-3.1607100000009734E+000,-3.1607100000009734E+000, 1.0602734033444429E+001
-3.1597100000009735E+000,-3.1597100000009735E+000, 1.0602733917475106E+001
-3.1587100000009736E+000,-3.1587100000009736E+000, 1.0602733801487002E+001
-3.1577100000009737E+000,-3.1577100000009737E+000, 1.0602733685514970E+001
-3.1567100000009738E+000,-3.1567100000009738E+000, 1.0602733569529342E+001
-3.1557100000009739E+000,-3.1557100000009739E+000, 1.0602733453551458E+001
-3.1547100000009740E+000,-3.1547100000009740E+000, 1.0602733337581077E+001
-3.1537100000009741E+000,-3.1537100000009741E+000, 1.0602733221594795E+001
-3.1527100000009742E+000,-3.1527100000009742E+000, 1.0602733105609270E+001
-3.1517100000009743E+000,-3.1517100000009743E+000, 1.0602732989632983E+001
-3.1507100000009745E+000,-3.1507100000009745E+000, 1.0602732873652789E+001
-3.1497100000009746E+000,-3.1497100000009746E+000, 1.0602732757669772E+001
-3.1487100000009747E+000,-3.1487100000009747E+000, 1.0602732641682920E+001
-3.1477100000009748E+000,-3.1477100000009748E+000, 1.0602732525693749E+001
-3.1467100000009749E+000,-3.1467100000009749E+000, 1.0602732409714717E+001
-3.1457100000009750E+000,-3.1457100000009750E+000, 1.0602732293718883E+001
-3.1447100000009751E+000,-3.1447100000009751E+000, 1.0602732177735179E+001
-3.1437100000009752E+000,-3.1437100000009752E+000, 1.0602732061757614E+001
-3.1427100000009753E+000,-3.1427100000009753E+000, 1.0602731945755190E+001
-3.1417100000009754E+000,-3.1417100000009754E+000, 1.0602731829775539E+001
-3.1407100000009756E+000,-3.1407100000009756E+000, 1.0602731713795986E+001
-3.1397100000009757E+000,-3.1397100000009757E+000, 1.0602731597799265E+001
-3.1387100000009758E+000,-3.1387100000009758E+000, 1.0602731481813194E+001
-3.1377100000009759E+000,-3.1377100000009759E+000, 1.0602731365826731E+001
-3.1367100000009760E+000,-3.1367100000009760E+000, 1.0602731249838547E+001
-3.1357100000009761E+000,-3.1357100000009761E+000, 1.0602731133839654E+001
-3.1347100000009762E+000,-3.1347100000009762E+000, 1.0602731017849603E+001
-3.1337100000009763E+000,-3.1337100000009763E+000, 1.0602730901848179E+001
-3.1327100000009764E+000,-3.1327100000009764E+000, 1.0602730785877473E+001
-3.1317100000009765E+000,-3.1317100000009765E+000, 1.0602730669878266E+001
-3.1307100000009767E+000,-3.1307100000009767E+000, 1.0602730553884321E+001
-3.1297100000009768E+000,-3.1297100000009768E+000, 1.0602730437890816E+001
-3.1287100000009769E+000,-3.1287100000009769E+000, 1.0602730321895603E+001
-3.1277100000009770E+000,-3.1277100000009770E+000, 1.0602730205900604E+001
-3.1267100000009771E+000,-3.1267100000009771E+000, 1.0602730089900431E+001
-3.1257100000009772E+000,-3.1257100000009772E+000, 1.0602729973909275E+001
-3.1247100000009773E+000,-3.1247100000009773E+000, 1.0602729857905798E+001
-3.1237100000009774E+000,-3.1237100000009774E+000, 1.0602729741913087E+001
-3.1227100000009775E+000,-3.1227100000009775E+000, 1.0602729625929980E+001
-3.1217100000009776E+000,-3.1217100000009776E+000, 1.0602729509921083E+001
-3.1207100000009778E+000,-3.1207100000009778E+000, 1.0602729393914125E+001
-3.1197100000009779E+000,-3.1197100000009779E+000, 1.0602729277934815E+001
-3.1187100000009780E+000,-3.1187100000009780E+000, 1.0602729161926366E+001
-3.1177100000009781E+000,-3.1177100000009781E+000, 1.0602729045920221E+001
-3.1167100000009782E+000,-3.1167100000009782E+000, 1.0602728929919371E+001
-3.1157100000009783E+000,-3.1157100000009783E+000, 1.0602728813916496E+001
-3.1147100000009784E+000,-3.1147100000009784E+000, 1.0602728697927233E+001
-3.1137100000009785E+000,-3.1137100000009785E+000, 1.0602728581927760E+001
-3.1127100000009786E+000,-3.1127100000009786E+000, 1.0602728465919775E+001
-3.1117100000009787E+000,-3.1117100000009787E+000, 1.0602728349917244E+001
-3.1107100000009789E+000,-3.1107100000009789E+000, 1.0602728233905220E+001
-3.1097100000009790E+000,-3.1097100000009790E+000, 1.0602728117894646E+001
-3.1087100000009791E+000,-3.1087100000009791E+000, 1.0602728001905252E+001
-3.1077100000009792E+000,-3.1077100000009792E+000, 1.0602727885905914E+001
-3.1067100000009793E+000,-3.1067100000009793E+000, 1.0602727769895578E+001
-3.1057100000009794E+000,-3.1057100000009794E+000, 1.0602727653891057E+001
-3.1047100000009795E+000,-3.1047100000009795E+000, 1.0602727537886587E+001
-3.1037100000009796E+000,-3.1037100000009796E+000, 1.0602727421867428E+001
-3.1027100000009797E+000,-3.1027100000009797E+000, 1.0602727305865944E+001
-3.1017100000009798E+000,-3.1017100000009798E+000, 1.0602727189857383E+001
-3.1007100000009800E+000,-3.1007100000009800E+000, 1.0602727073845868E+001
-3.0997100000009801E+000,-3.0997100000009801E+000, 1.0602726957834513E+001
-3.0987100000009802E+000,-3.0987100000009802E+000, 1.0602726841832400E+001
-3.0977100000009803E+000,-3.0977100000009803E+000, 1.0602726725817902E+001
-3.0967100000009804E+000,-3.0967100000009804E+000, 1.0602726609800836E+001
-3.0957100000009805E+000,-3.0957100000009805E+000, 1.0602726493797345E+001
-3.0947100000009806E+000,-3.0947100000009806E+000, 1.0602726377781645E+001
-3.0937100000009807E+000,-3.0937100000009807E+000, 1.0602726261775739E+001
-3.0927100000009808E+000,-3.0927100000009808E+000, 1.0602726145758513E+001
-3.0917100000009810E+000,-3.0917100000009810E+000, 1.0602726029750144E+001
-3.0907100000009811E+000,-3.0907100000009811E+000, 1.0602725913732373E+001
-3.0897100000009812E+000,-3.0897100000009812E+000, 1.0602725797726997E+001
-3.0887100000009813E+000,-3.0887100000009813E+000, 1.0602725681692464E+001
-3.0877100000009814E+000,-3.0877100000009814E+000, 1.0602725565696991E+001
-3.0867100000009815E+000,-3.0867100000009815E+000, 1.0602725449675789E+001
-3.0857100000009816E+000,-3.0857100000009816E+000, 1.0602725333654968E+001
-3.0847100000009817E+000,-3.0847100000009817E+000, 1.0602725217634912E+001
-3.0837100000009818E+000,-3.0837100000009818E+000, 1.0602725101617182E+001
-3.0827100000009819E+000,-3.0827100000009819E+000, 1.0602724985601263E+001
-3.0817100000009821E+000,-3.0817100000009821E+000, 1.0602724869576738E+001
-3.0807100000009822E+000,-3.0807100000009822E+000, 1.0602724753574545E+001
-3.0797100000009823E+000,-3.0797100000009823E+000, 1.0602724637548015E+001
-3.0787100000009824E+000,-3.0787100000009824E+000, 1.0602724521517487E+001
-3.0777100000009825E+000,-3.0777100000009825E+000, 1.0602724405502968E+001
-3.0767100000009826E+000,-3.0767100000009826E+000, 1.0602724289488275E+001
-3.0757100000009827E+000,-3.0757100000009827E+000, 1.0602724173472883E+001
-3.0747100000009828E+000,-3.0747100000009828E+000, 1.0602724057434324E+001
-3.0737100000009829E+000,-3.0737100000009829E+000, 1.0602723941427612E+001
-3.0727100000009830E+000,-3.0727100000009830E+000, 1.0602723825394877E+001
-3.0717100000009832E+000,-3.0717100000009832E+000, 1.0602723709367998E+001
-3.0707100000009833E+000,-3.0707100000009833E+000, 1.0602723593353035E+001
-3.0697100000009834E+000,-3.0697100000009834E+000, 1.0602723477335241E+001
-3.0687100000009835E+000,-3.0687100000009835E+000, 1.0602723361298249E+001
-3.0677100000009836E+000,-3.0677100000009836E+000, 1.0602723245257375E+001
-3.0667100000009837E+000,-3.0667100000009837E+000, 1.0602723129246494E+001
-3.0657100000009838E+000,-3.0657100000009838E+000, 1.0602723013222949E+001
-3.0647100000009839E+000,-3.0647100000009839E+000, 1.0602722897190317E+001
-3.0637100000009840E+000,-3.0637100000009840E+000, 1.0602722781166587E+001
-3.0627100000009841E+000,-3.0627100000009841E+000, 1.0602722665131521E+001
-3.0617100000009843E+000,-3.0617100000009843E+000, 1.0602722549098806E+001
-3.0607100000009844E+000,-3.0607100000009844E+000, 1.0602722433073911E+001
-3.0597100000009845E+000,-3.0597100000009845E+000, 1.0602722317062964E+001
-3.0587100000009846E+000,-3.0587100000009846E+000, 1.0602722201016965E+001
-3.0577100000009847E+000,-3.0577100000009847E+000, 1.0602722084980481E+001
-3.0567100000009848E+000,-3.0567100000009848E+000, 1.0602721968949565E+001
-3.0557100000009849E+000,-3.0557100000009849E+000, 1.0602721852920117E+001
-3.0547100000009850E+000,-3.0547100000009850E+000, 1.0602721736898923E+001
-3.0537100000009851E+000,-3.0537100000009851E+000, 1.0602721620851947E+001
-3.0527100000009852E+000,-3.0527100000009852E+000, 1.0602721504819780E+001
-3.0517100000009854E+000,-3.0517100000009854E+000, 1.0602721388787373E+001
-3.0507100000009855E+000,-3.0507100000009855E+000, 1.0602721272746766E+001
-3.0497100000009856E+000,-3.0497100000009856E+000, 1.0602721156719106E+001
-3.0487100000009857E+000,-3.0487100000009857E+000, 1.0602721040676235E+001
-3.0477100000009858E+000,-3.0477100000009858E+000, 1.0602720924652990E+001
-3.0467100000009859E+000,-3.0467100000009859E+000, 1.0602720808587460E+001
-3.0457100000009860E+000,-3.0457100000009860E+000, 1.0602720692570479E+001
-3.0447100000009861E+000,-3.0447100000009861E+000, 1.0602720576531516E+001
-3.0437100000009862E+000,-3.0437100000009862E+000, 1.0602720460502010E+001
-3.0427100000009863E+000,-3.0427100000009863E+000, 1.0602720344457747E+001
-3.0417100000009865E+000,-3.0417100000009865E+000, 1.0602720228414686E+001
-3.0407100000009866E+000,-3.0407100000009866E+000, 1.0602720112378421E+001
-3.0397100000009867E+000,-3.0397100000009867E+000, 1.0602719996337182E+001
-3.0387100000009868E+000,-3.0387100000009868E+000, 1.0602719880291092E+001
-3.0377100000009869E+000,-3.0377100000009869E+000, 1.0602719764252557E+001
-3.0367100000009870E+000,-3.0367100000009870E+000, 1.0602719648216027E+001
-3.0357100000009871E+000,-3.0357100000009871E+000, 1.0602719532169409E+001
-3.0347100000009872E+000,-3.0347100000009872E+000, 1.0602719416134152E+001
-3.0337100000009873E+000,-3.0337100000009873E+000, 1.0602719300080139E+001
-3.0327100000009874E+000,-3.0327100000009874E+000, 1.0602719184038719E+001
-3.0317100000009876E+000,-3.0317100000009876E+000, 1.0602719067992993E+001
-3.0307100000009877E+000,-3.0307100000009877E+000, 1.0602718951948399E+001
-3.0297100000009878E+000,-3.0297100000009878E+000, 1.0602718835904112E+001
-3.0287100000009879E+000,-3.0287100000009879E+000, 1.0602718719841707E+001
-3.0277100000009880E+000,-3.0277100000009880E+000, 1.0602718603819746E+001
-3.0267100000009881E+000,-3.0267100000009881E+000, 1.0602718487765561E+001
-3.0257100000009882E+000,-3.0257100000009882E+000, 1.0602718371703654E+001
-3.0247100000009883E+000,-3.0247100000009883E+000, 1.0602718255666121E+001
-3.0237100000009884E+000,-3.0237100000009884E+000, 1.0602718139611238E+001
-3.0227100000009886E+000,-3.0227100000009886E+000, 1.0602718023565011E+001
-3.0217100000009887E+000,-3.0217100000009887E+000, 1.0602717907524823E+001
-3.0207100000009888E+000,-3.0207100000009888E+000, 1.0602717791477655E+001
-3.0197100000009889E+000,-3.0197100000009889E+000, 1.0602717675409613E+001
-3.0187100000009890E+000,-3.0187100000009890E+000, 1.0602717559355581E+001
-3.0177100000009891E+000,-3.0177100000009891E+000, 1.0602717443316676E+001
-3.0167100000009892E+000,-3.0167100000009892E+000, 1.0602717327271119E+001
-3.0157100000009893E+000,-3.0157100000009893E+000, 1.0602717211219119E+001
-3.0147100000009894E+000,-3.0147100000009894E+000, 1.0602717095158258E+001
-3.0137100000009895E+000,-3.0137100000009895E+000, 1.0602716979101841E+001
-3.0127100000009897E+000,-3.0127100000009897E+000, 1.0602716863047311E+001
-3.0117100000009898E+000,-3.0117100000009898E+000, 1.0602716746992130E+001
-3.0107100000009899E+000,-3.0107100000009899E+000, 1.0602716630941657E+001
-3.0097100000009900E+000,-3.0097100000009900E+000, 1.0602716514887167E+001
-3.0087100000009901E+000,-3.0087100000009901E+000, 1.0602716398821856E+001
-3.0077100000009902E+000,-3.0077100000009902E+000, 1.0602716282764412E+001
-3.0067100000009903E+000,-3.0067100000009903E+000, 1.0602716166710977E+001
-3.0057100000009904E+000,-3.0057100000009904E+000, 1.0602716050662439E+001
-3.0047100000009905E+000,-3.0047100000009905E+000, 1.0602715934592396E+001
-3.0037100000009906E+000,-3.0037100000009906E+000, 1.0602715818519494E+001
-3.0027100000009908E+000,-3.0027100000009908E+000, 1.0602715702472585E+001
-3.0017100000009909E+000,-3.0017100000009909E+000, 1.0602715586408420E+001
-3.0007100000009910E+000,-3.0007100000009910E+000, 1.0602715470358870E+001
-2.9997100000009911E+000,-2.9997100000009911E+000, 1.0602715354297620E+001
-2.9987100000009912E+000,-2.9987100000009912E+000, 1.0602715238238268E+001
-2.9977100000009913E+000,-2.9977100000009913E+000, 1.0602715122153873E+001
-2.9967100000009914E+000,-2.9967100000009914E+000, 1.0602715006104219E+001
-2.9957100000009915E+000,-2.9957100000009915E+000, 1.0602714890042080E+001
-2.9947100000009916E+000,-2.9947100000009916E+000, 1.0602714773979786E+001
-2.9937100000009917E+000,-2.9937100000009917E+000, 1.0602714657922238E+001
-2.9927100000009919E+000,-2.9927100000009919E+000, 1.0602714541837743E+001
-2.9917100000009920E+000,-2.9917100000009920E+000, 1.0602714425774561E+001
-2.9907100000009921E+000,-2.9907100000009921E+000, 1.0602714309725719E+001
-2.9897100000009922E+000,-2.9897100000009922E+000, 1.0602714193649319E+001
-2.9887100000009923E+000,-2.9887100000009923E+000, 1.0602714077596609E+001
-2.9877100000009924E+000,-2.9877100000009924E+000, 1.0602713961512146E+001
-2.9867100000009925E+000,-2.9867100000009925E+000, 1.0602713845441826E+001
-2.9857100000009926E+000,-2.9857100000009926E+000, 1.0602713729370754E+001
-2.9847100000009927E+000,-2.9847100000009927E+000, 1.0602713613317320E+001
-2.9837100000009928E+000,-2.9837100000009928E+000, 1.0602713497255307E+001
-2.9827100000009930E+000,-2.9827100000009930E+000, 1.0602713381175368E+001
-2.9817100000009931E+000,-2.9817100000009931E+000, 1.0602713265097554E+001
-2.9807100000009932E+000,-2.9807100000009932E+000, 1.0602713149035548E+001
-2.9797100000009933E+000,-2.9797100000009933E+000, 1.0602713032963390E+001
-2.9787100000009934E+000,-2.9787100000009934E+000, 1.0602712916880701E+001
-2.9777100000009935E+000,-2.9777100000009935E+000, 1.0602712800817347E+001
-2.9767100000009936E+000,-2.9767100000009936E+000, 1.0602712684744427E+001
-2.9757100000009937E+000,-2.9757100000009937E+000, 1.0602712568665524E+001
-2.9747100000009938E+000,-2.9747100000009938E+000, 1.0602712452597117E+001
-2.9737100000009939E+000,-2.9737100000009939E+000, 1.0602712336529329E+001
-2.9727100000009941E+000,-2.9727100000009941E+000, 1.0602712220438953E+001
-2.9717100000009942E+000,-2.9717100000009942E+000, 1.0602712104373470E+001
-2.9707100000009943E+000,-2.9707100000009943E+000, 1.0602711988293679E+001
-2.9697100000009944E+000,-2.9697100000009944E+000, 1.0602711872221597E+001
-2.9687100000009945E+000,-2.9687100000009945E+000, 1.0602711756130175E+001
-2.9677100000009946E+000,-2.9677100000009946E+000, 1.0602711640062747E+001
-2.9667100000009947E+000,-2.9667100000009947E+000, 1.0602711523997872E+001
-2.9657100000009948E+000,-2.9657100000009948E+000, 1.0602711407896560E+001
-2.9647100000009949E+000,-2.9647100000009949E+000, 1.0602711291820171E+001
-2.9637100000009950E+000,-2.9637100000009950E+000, 1.0602711175743872E+001
-2.9627100000009952E+000,-2.9627100000009952E+000, 1.0602711059672323E+001
-2.9617100000009953E+000,-2.9617100000009953E+000, 1.0602710943576312E+001
-2.9607100000009954E+000,-2.9607100000009954E+000, 1.0602710827495727E+001
-2.9597100000009955E+000,-2.9597100000009955E+000, 1.0602710711407417E+001
-2.9587100000009956E+000,-2.9587100000009956E+000, 1.0602710595339040E+001
-2.9577100000009957E+000,-2.9577100000009957E+000, 1.0602710479252194E+001
-2.9567100000009958E+000,-2.9567100000009958E+000, 1.0602710363173937E+001
-2.9557100000009959E+000,-2.9557100000009959E+000, 1.0602710247096258E+001
-2.9547100000009960E+000,-2.9547100000009960E+000, 1.0602710130991012E+001
-2.9537100000009961E+000,-2.9537100000009961E+000, 1.0602710014911978E+001
-2.9527100000009963E+000,-2.9527100000009963E+000, 1.0602709898831097E+001
-2.9517100000009964E+000,-2.9517100000009964E+000, 1.0602709782732543E+001
-2.9507100000009965E+000,-2.9507100000009965E+000, 1.0602709666665952E+001
-2.9497100000009966E+000,-2.9497100000009966E+000, 1.0602709550568861E+001
-2.9487100000009967E+000,-2.9487100000009967E+000, 1.0602709434483021E+001
-2.9477100000009968E+000,-2.9477100000009968E+000, 1.0602709318393782E+001
-2.9467100000009969E+000,-2.9467100000009969E+000, 1.0602709202311200E+001
-2.9457100000009970E+000,-2.9457100000009970E+000, 1.0602709086218651E+001
-2.9447100000009971E+000,-2.9447100000009971E+000, 1.0602708970119085E+001
-2.9437100000009973E+000,-2.9437100000009973E+000, 1.0602708854032970E+001
-2.9427100000009974E+000,-2.9427100000009974E+000, 1.0602708737945591E+001
-2.9417100000009975E+000,-2.9417100000009975E+000, 1.0602708621857440E+001
-2.9407100000009976E+000,-2.9407100000009976E+000, 1.0602708505763086E+001
-2.9397100000009977E+000,-2.9397100000009977E+000, 1.0602708389669777E+001
-2.9387100000009978E+000,-2.9387100000009978E+000, 1.0602708273584737E+001
-2.9377100000009979E+000,-2.9377100000009979E+000, 1.0602708157480338E+001
-2.9367100000009980E+000,-2.9367100000009980E+000, 1.0602708041385997E+001
-2.9357100000009981E+000,-2.9357100000009981E+000, 1.0602707925300736E+001
-2.9347100000009982E+000,-2.9347100000009982E+000, 1.0602707809209068E+001
-2.9337100000009984E+000,-2.9337100000009984E+000, 1.0602707693097072E+001
-2.9327100000009985E+000,-2.9327100000009985E+000, 1.0602707577008051E+001
-2.9317100000009986E+000,-2.9317100000009986E+000, 1.0602707460911603E+001
-2.9307100000009987E+000,-2.9307100000009987E+000, 1.0602707344811700E+001
-2.9297100000009988E+000,-2.9297100000009988E+000, 1.0602707228712424E+001
-2.9287100000009989E+000,-2.9287100000009989E+000, 1.0602707112622923E+001
-2.9277100000009990E+000,-2.9277100000009990E+000, 1.0602706996521558E+001
-2.9267100000009991E+000,-2.9267100000009991E+000, 1.0602706880423067E+001
-2.9257100000009992E+000,-2.9257100000009992E+000, 1.0602706764327419E+001
-2.9247100000009993E+000,-2.9247100000009993E+000, 1.0602706648222187E+001
-2.9237100000009995E+000,-2.9237100000009995E+000, 1.0602706532124856E+001
-2.9227100000009996E+000,-2.9227100000009996E+000, 1.0602706416021597E+001
-2.9217100000009997E+000,-2.9217100000009997E+000, 1.0602706299909464E+001
-2.9207100000009998E+000,-2.9207100000009998E+000, 1.0602706183814206E+001
-2.9197100000009999E+000,-2.9197100000009999E+000, 1.0602706067703359E+001
-2.9187100000010000E+000,-2.9187100000010000E+000, 1.0602705951613174E+001
-2.9177100000010001E+000,-2.9177100000010001E+000, 1.0602705835503048E+001
-2.9167100000010002E+000,-2.9167100000010002E+000, 1.0602705719399498E+001
-2.9157100000010003E+000,-2.9157100000010003E+000, 1.0602705603292971E+001
-2.9147100000010004E+000,-2.9147100000010004E+000, 1.0602705487191024E+001
-2.9137100000010006E+000,-2.9137100000010006E+000, 1.0602705371095512E+001
-2.9127100000010007E+000,-2.9127100000010007E+000, 1.0602705254970626E+001
-2.9117100000010008E+000,-2.9117100000010008E+000, 1.0602705138872892E+001
-2.9107100000010009E+000,-2.9107100000010009E+000, 1.0602705022763923E+001
-2.9097100000010010E+000,-2.9097100000010010E+000, 1.0602704906650855E+001
-2.9087100000010011E+000,-2.9087100000010011E+000, 1.0602704790542372E+001
-2.9077100000010012E+000,-2.9077100000010012E+000, 1.0602704674444277E+001
-2.9067100000010013E+000,-2.9067100000010013E+000, 1.0602704558327389E+001
-2.9057100000010014E+000,-2.9057100000010014E+000, 1.0602704442209671E+001
-2.9047100000010015E+000,-2.9047100000010015E+000, 1.0602704326100616E+001
-2.9037100000010017E+000,-2.9037100000010017E+000, 1.0602704209994126E+001
-2.9027100000010018E+000,-2.9027100000010018E+000, 1.0602704093880536E+001
-2.9017100000010019E+000,-2.9017100000010019E+000, 1.0602703977766961E+001
-2.9007100000010020E+000,-2.9007100000010020E+000, 1.0602703861657130E+001
-2.8997100000010021E+000,-2.8997100000010021E+000, 1.0602703745547748E+001
-2.8987100000010022E+000,-2.8987100000010022E+000, 1.0602703629433137E+001
-2.8977100000010023E+000,-2.8977100000010023E+000, 1.0602703513319113E+001
-2.8967100000010024E+000,-2.8967100000010024E+000, 1.0602703397211851E+001
-2.8957100000010025E+000,-2.8957100000010025E+000, 1.0602703281089667E+001
-2.8947100000010026E+000,-2.8947100000010026E+000, 1.0602703164966258E+001
-2.8937100000010028E+000,-2.8937100000010028E+000, 1.0602703048850056E+001
-2.8927100000010029E+000,-2.8927100000010029E+000, 1.0602702932734333E+001
-2.8917100000010030E+000,-2.8917100000010030E+000, 1.0602702816628865E+001
-2.8907100000010031E+000,-2.8907100000010031E+000, 1.0602702700502121E+001
-2.8897100000010032E+000,-2.8897100000010032E+000, 1.0602702584388361E+001
-2.8887100000010033E+000,-2.8887100000010033E+000, 1.0602702468255403E+001
-2.8877100000010034E+000,-2.8877100000010034E+000, 1.0602702352146450E+001
-2.8867100000010035E+000,-2.8867100000010035E+000, 1.0602702236031110E+001
-2.8857100000010036E+000,-2.8857100000010036E+000, 1.0602702119909360E+001
-2.8847100000010037E+000,-2.8847100000010037E+000, 1.0602702003788643E+001
-2.8837100000010039E+000,-2.8837100000010039E+000, 1.0602701887650849E+001
-2.8827100000010040E+000,-2.8827100000010040E+000, 1.0602701771542570E+001
-2.8817100000010041E+000,-2.8817100000010041E+000, 1.0602701655408222E+001
-2.8807100000010042E+000,-2.8807100000010042E+000, 1.0602701539302098E+001
-2.8797100000010043E+000,-2.8797100000010043E+000, 1.0602701423172807E+001
-2.8787100000010044E+000,-2.8787100000010044E+000, 1.0602701307046521E+001
-2.8777100000010045E+000,-2.8777100000010045E+000, 1.0602701190908627E+001
-2.8767100000010046E+000,-2.8767100000010046E+000, 1.0602701074796030E+001
-2.8757100000010047E+000,-2.8757100000010047E+000, 1.0602700958677051E+001
-2.8747100000010049E+000,-2.8747100000010049E+000, 1.0602700842538223E+001
-2.8737100000010050E+000,-2.8737100000010050E+000, 1.0602700726413463E+001
-2.8727100000010051E+000,-2.8727100000010051E+000, 1.0602700610286428E+001
-2.8717100000010052E+000,-2.8717100000010052E+000, 1.0602700494172534E+001
-2.8707100000010053E+000,-2.8707100000010053E+000, 1.0602700378033465E+001
-2.8697100000010054E+000,-2.8697100000010054E+000, 1.0602700261900317E+001
-2.8687100000010055E+000,-2.8687100000010055E+000, 1.0602700145787525E+001
-2.8677100000010056E+000,-2.8677100000010056E+000, 1.0602700029652791E+001
-2.8667100000010057E+000,-2.8667100000010057E+000, 1.0602699913511115E+001
-2.8657100000010058E+000,-2.8657100000010058E+000, 1.0602699797383920E+001
-2.8647100000010060E+000,-2.8647100000010060E+000, 1.0602699681267421E+001
-2.8637100000010061E+000,-2.8637100000010061E+000, 1.0602699565114225E+001
-2.8627100000010062E+000,-2.8627100000010062E+000, 1.0602699448996406E+001
-2.8617100000010063E+000,-2.8617100000010063E+000, 1.0602699332856151E+001
-2.8607100000010064E+000,-2.8607100000010064E+000, 1.0602699216716436E+001
-2.8597100000010065E+000,-2.8597100000010065E+000, 1.0602699100595904E+001
-2.8587100000010066E+000,-2.8587100000010066E+000, 1.0602698984448903E+001
-2.8577100000010067E+000,-2.8577100000010067E+000, 1.0602698868314707E+001
-2.8567100000010068E+000,-2.8567100000010068E+000, 1.0602698752184208E+001
-2.8557100000010069E+000,-2.8557100000010069E+000, 1.0602698636044668E+001
-2.8547100000010071E+000,-2.8547100000010071E+000, 1.0602698519919496E+001
-2.8537100000010072E+000,-2.8537100000010072E+000, 1.0602698403765237E+001
-2.8527100000010073E+000,-2.8527100000010073E+000, 1.0602698287638136E+001
-2.8517100000010074E+000,-2.8517100000010074E+000, 1.0602698171493786E+001
-2.8507100000010075E+000,-2.8507100000010075E+000, 1.0602698055363074E+001
-2.8497100000010076E+000,-2.8497100000010076E+000, 1.0602697939209222E+001
-2.8487100000010077E+000,-2.8487100000010077E+000, 1.0602697823084695E+001
-2.8477100000010078E+000,-2.8477100000010078E+000, 1.0602697706935036E+001
-2.8467100000010079E+000,-2.8467100000010079E+000, 1.0602697590794794E+001
-2.8457100000010080E+000,-2.8457100000010080E+000, 1.0602697474658589E+001
-2.8447100000010082E+000,-2.8447100000010082E+000, 1.0602697358519807E+001
-2.8437100000010083E+000,-2.8437100000010083E+000, 1.0602697242380215E+001
-2.8427100000010084E+000,-2.8427100000010084E+000, 1.0602697126221953E+001
-2.8417100000010085E+000,-2.8417100000010085E+000, 1.0602697010092200E+001
-2.8407100000010086E+000,-2.8407100000010086E+000, 1.0602696893950744E+001
-2.8397100000010087E+000,-2.8397100000010087E+000, 1.0602696777785745E+001
-2.8387100000010088E+000,-2.8387100000010088E+000, 1.0602696661651613E+001
-2.8377100000010089E+000,-2.8377100000010089E+000, 1.0602696545506337E+001
-2.8367100000010090E+000,-2.8367100000010090E+000, 1.0602696429365912E+001
-2.8357100000010091E+000,-2.8357100000010091E+000, 1.0602696313217992E+001
-2.8347100000010093E+000,-2.8347100000010093E+000, 1.0602696197067086E+001
-2.8337100000010094E+000,-2.8337100000010094E+000, 1.0602696080926274E+001
-2.8327100000010095E+000,-2.8327100000010095E+000, 1.0602695964770684E+001
-2.8317100000010096E+000,-2.8317100000010096E+000, 1.0602695848621813E+001
-2.8307100000010097E+000,-2.8307100000010097E+000, 1.0602695732473441E+001
-2.8297100000010098E+000,-2.8297100000010098E+000, 1.0602695616334310E+001
-2.8287100000010099E+000,-2.8287100000010099E+000, 1.0602695500176869E+001
-2.8277100000010100E+000,-2.8277100000010100E+000, 1.0602695384024035E+001
-2.8267100000010101E+000,-2.8267100000010101E+000, 1.0602695267869153E+001
-2.8257100000010102E+000,-2.8257100000010102E+000, 1.0602695151711472E+001
-2.8247100000010104E+000,-2.8247100000010104E+000, 1.0602695035562931E+001
-2.8237100000010105E+000,-2.8237100000010105E+000, 1.0602694919420447E+001
-2.8227100000010106E+000,-2.8227100000010106E+000, 1.0602694803258993E+001
-2.8217100000010107E+000,-2.8217100000010107E+000, 1.0602694687106670E+001
-2.8207100000010108E+000,-2.8207100000010108E+000, 1.0602694570953396E+001
-2.8197100000010109E+000,-2.8197100000010109E+000, 1.0602694454801370E+001
-2.8187100000010110E+000,-2.8187100000010110E+000, 1.0602694338643190E+001
-2.8177100000010111E+000,-2.8177100000010111E+000, 1.0602694222487079E+001
-2.8167100000010112E+000,-2.8167100000010112E+000, 1.0602694106337236E+001
-2.8157100000010113E+000,-2.8157100000010113E+000, 1.0602693990176938E+001
-2.8147100000010115E+000,-2.8147100000010115E+000, 1.0602693874012106E+001
-2.8137100000010116E+000,-2.8137100000010116E+000, 1.0602693757860791E+001
-2.8127100000010117E+000,-2.8127100000010117E+000, 1.0602693641703747E+001
-2.8117100000010118E+000,-2.8117100000010118E+000, 1.0602693525536832E+001
-2.8107100000010119E+000,-2.8107100000010119E+000, 1.0602693409378826E+001
-2.8097100000010120E+000,-2.8097100000010120E+000, 1.0602693293219382E+001
-2.8087100000010121E+000,-2.8087100000010121E+000, 1.0602693177067101E+001
-2.8077100000010122E+000,-2.8077100000010122E+000, 1.0602693060891976E+001
-2.8067100000010123E+000,-2.8067100000010123E+000, 1.0602692944735246E+001
-2.8057100000010124E+000,-2.8057100000010124E+000, 1.0602692828578428E+001
-2.8047100000010126E+000,-2.8047100000010126E+000, 1.0602692712404441E+001
-2.8037100000010127E+000,-2.8037100000010127E+000, 1.0602692596244559E+001
-2.8027100000010128E+000,-2.8027100000010128E+000, 1.0602692480084450E+001
-2.8017100000010129E+000,-2.8017100000010129E+000, 1.0602692363919118E+001
-2.8007100000010130E+000,-2.8007100000010130E+000, 1.0602692247754893E+001
-2.7997100000010131E+000,-2.7997100000010131E+000, 1.0602692131582501E+001
-2.7987100000010132E+000,-2.7987100000010132E+000, 1.0602692015428016E+001
-2.7977100000010133E+000,-2.7977100000010133E+000, 1.0602691899261972E+001
-2.7967100000010134E+000,-2.7967100000010134E+000, 1.0602691783086353E+001
-2.7957100000010136E+000,-2.7957100000010136E+000, 1.0602691666925100E+001
-2.7947100000010137E+000,-2.7947100000010137E+000, 1.0602691550754656E+001
-2.7937100000010138E+000,-2.7937100000010138E+000, 1.0602691434582164E+001
-2.7927100000010139E+000,-2.7927100000010139E+000, 1.0602691318414356E+001
-2.7917100000010140E+000,-2.7917100000010140E+000, 1.0602691202256954E+001
-2.7907100000010141E+000,-2.7907100000010141E+000, 1.0602691086079240E+001
-2.7897100000010142E+000,-2.7897100000010142E+000, 1.0602690969907087E+001
-2.7887100000010143E+000,-2.7887100000010143E+000, 1.0602690853732931E+001
-2.7877100000010144E+000,-2.7877100000010144E+000, 1.0602690737572393E+001
-2.7867100000010145E+000,-2.7867100000010145E+000, 1.0602690621399626E+001
-2.7857100000010147E+000,-2.7857100000010147E+000, 1.0602690505211308E+001
-2.7847100000010148E+000,-2.7847100000010148E+000, 1.0602690389057075E+001
-2.7837100000010149E+000,-2.7837100000010149E+000, 1.0602690272863445E+001
-2.7827100000010150E+000,-2.7827100000010150E+000, 1.0602690156704123E+001
-2.7817100000010151E+000,-2.7817100000010151E+000, 1.0602690040526774E+001
-2.7807100000010152E+000,-2.7807100000010152E+000, 1.0602689924340119E+001
-2.7797100000010153E+000,-2.7797100000010153E+000, 1.0602689808168900E+001
-2.7787100000010154E+000,-2.7787100000010154E+000, 1.0602689691988980E+001
-2.7777100000010155E+000,-2.7777100000010155E+000, 1.0602689575825455E+001
-2.7767100000010156E+000,-2.7767100000010156E+000, 1.0602689459646346E+001
-2.7757100000010158E+000,-2.7757100000010158E+000, 1.0602689343475930E+001
-2.7747100000010159E+000,-2.7747100000010159E+000, 1.0602689227287646E+001
-2.7737100000010160E+000,-2.7737100000010160E+000, 1.0602689111103039E+001
-2.7727100000010161E+000,-2.7727100000010161E+000, 1.0602688994924794E+001
-2.7717100000010162E+000,-2.7717100000010162E+000, 1.0602688878755977E+001
-2.7707100000010163E+000,-2.7707100000010163E+000, 1.0602688762586755E+001
-2.7697100000010164E+000,-2.7697100000010164E+000, 1.0602688646390401E+001
-2.7687100000010165E+000,-2.7687100000010165E+000, 1.0602688530204368E+001
-2.7677100000010166E+000,-2.7677100000010166E+000, 1.0602688414011491E+001
-2.7667100000010167E+000,-2.7667100000010167E+000, 1.0602688297847028E+001
-2.7657100000010169E+000,-2.7657100000010169E+000, 1.0602688181655893E+001
-2.7647100000010170E+000,-2.7647100000010170E+000, 1.0602688065478079E+001
-2.7637100000010171E+000,-2.7637100000010171E+000, 1.0602687949288041E+001
-2.7627100000010172E+000,-2.7627100000010172E+000, 1.0602687833097868E+001
-2.7617100000010173E+000,-2.7617100000010173E+000, 1.0602687716921384E+001
-2.7607100000010174E+000,-2.7607100000010174E+000, 1.0602687600733685E+001
-2.7597100000010175E+000,-2.7597100000010175E+000, 1.0602687484550383E+001
-2.7587100000010176E+000,-2.7587100000010176E+000, 1.0602687368369477E+001
-2.7577100000010177E+000,-2.7577100000010177E+000, 1.0602687252177455E+001
-2.7567100000010178E+000,-2.7567100000010178E+000, 1.0602687135983842E+001
-2.7557100000010180E+000,-2.7557100000010180E+000, 1.0602687019786451E+001
-2.7547100000010181E+000,-2.7547100000010181E+000, 1.0602686903605690E+001
-2.7537100000010182E+000,-2.7537100000010182E+000, 1.0602686787427178E+001
-2.7527100000010183E+000,-2.7527100000010183E+000, 1.0602686671235597E+001
-2.7517100000010184E+000,-2.7517100000010184E+000, 1.0602686555035378E+001
-2.7507100000010185E+000,-2.7507100000010185E+000, 1.0602686438851581E+001
-2.7497100000010186E+000,-2.7497100000010186E+000, 1.0602686322654669E+001
-2.7487100000010187E+000,-2.7487100000010187E+000, 1.0602686206464035E+001
-2.7477100000010188E+000,-2.7477100000010188E+000, 1.0602686090271888E+001
-2.7467100000010189E+000,-2.7467100000010189E+000, 1.0602685974074481E+001
-2.7457100000010191E+000,-2.7457100000010191E+000, 1.0602685857887158E+001
-2.7447100000010192E+000,-2.7447100000010192E+000, 1.0602685741690953E+001
-2.7437100000010193E+000,-2.7437100000010193E+000, 1.0602685625499207E+001
-2.7427100000010194E+000,-2.7427100000010194E+000, 1.0602685509314338E+001
-2.7417100000010195E+000,-2.7417100000010195E+000, 1.0602685393110093E+001
-2.7407100000010196E+000,-2.7407100000010196E+000, 1.0602685276900457E+001
-2.7397100000010197E+000,-2.7397100000010197E+000, 1.0602685160722782E+001
-2.7387100000010198E+000,-2.7387100000010198E+000, 1.0602685044513590E+001
-2.7377100000010199E+000,-2.7377100000010199E+000, 1.0602684928324525E+001
-2.7367100000010200E+000,-2.7367100000010200E+000, 1.0602684812122437E+001
-2.7357100000010202E+000,-2.7357100000010202E+000, 1.0602684695915739E+001
-2.7347100000010203E+000,-2.7347100000010203E+000, 1.0602684579720082E+001
-2.7337100000010204E+000,-2.7337100000010204E+000, 1.0602684463525566E+001
-2.7327100000010205E+000,-2.7327100000010205E+000, 1.0602684347325875E+001
-2.7317100000010206E+000,-2.7317100000010206E+000, 1.0602684231128279E+001
-2.7307100000010207E+000,-2.7307100000010207E+000, 1.0602684114912602E+001
-2.7297100000010208E+000,-2.7297100000010208E+000, 1.0602683998718506E+001
-2.7287100000010209E+000,-2.7287100000010209E+000, 1.0602683882508451E+001
-2.7277100000010210E+000,-2.7277100000010210E+000, 1.0602683766312087E+001
-2.7267100000010212E+000,-2.7267100000010212E+000, 1.0602683650108986E+001
-2.7257100000010213E+000,-2.7257100000010213E+000, 1.0602683533915876E+001
-2.7247100000010214E+000,-2.7247100000010214E+000, 1.0602683417695982E+001
-2.7237100000010215E+000,-2.7237100000010215E+000, 1.0602683301489915E+001
-2.7227100000010216E+000,-2.7227100000010216E+000, 1.0602683185299005E+001
-2.7217100000010217E+000,-2.7217100000010217E+000, 1.0602683069082508E+001
-2.7207100000010218E+000,-2.7207100000010218E+000, 1.0602682952882317E+001
-2.7197100000010219E+000,-2.7197100000010219E+000, 1.0602682836669514E+001
-2.7187100000010220E+000,-2.7187100000010220E+000, 1.0602682720465509E+001
-2.7177100000010221E+000,-2.7177100000010221E+000, 1.0602682604250138E+001
-2.7167100000010223E+000,-2.7167100000010223E+000, 1.0602682488038123E+001
-2.7157100000010224E+000,-2.7157100000010224E+000, 1.0602682371845406E+001
-2.7147100000010225E+000,-2.7147100000010225E+000, 1.0602682255615790E+001
-2.7137100000010226E+000,-2.7137100000010226E+000, 1.0602682139421027E+001
-2.7127100000010227E+000,-2.7127100000010227E+000, 1.0602682023206802E+001
-2.7117100000010228E+000,-2.7117100000010228E+000, 1.0602681907002147E+001
-2.7107100000010229E+000,-2.7107100000010229E+000, 1.0602681790787150E+001
-2.7097100000010230E+000,-2.7097100000010230E+000, 1.0602681674570062E+001
-2.7087100000010231E+000,-2.7087100000010231E+000, 1.0602681558358647E+001
-2.7077100000010232E+000,-2.7077100000010232E+000, 1.0602681442146711E+001
-2.7067100000010234E+000,-2.7067100000010234E+000, 1.0602681325926543E+001
-2.7057100000010235E+000,-2.7057100000010235E+000, 1.0602681209723832E+001
-2.7047100000010236E+000,-2.7047100000010236E+000, 1.0602681093516951E+001
-2.7037100000010237E+000,-2.7037100000010237E+000, 1.0602680977271390E+001
-2.7027100000010238E+000,-2.7027100000010238E+000, 1.0602680861064627E+001
-2.7017100000010239E+000,-2.7017100000010239E+000, 1.0602680744861914E+001
-2.7007100000010240E+000,-2.7007100000010240E+000, 1.0602680628633214E+001
-2.6997100000010241E+000,-2.6997100000010241E+000, 1.0602680512429327E+001
-2.6987100000010242E+000,-2.6987100000010242E+000, 1.0602680396201134E+001
-2.6977100000010243E+000,-2.6977100000010243E+000, 1.0602680279983845E+001
-2.6967100000010245E+000,-2.6967100000010245E+000, 1.0602680163764703E+001
-2.6957100000010246E+000,-2.6957100000010246E+000, 1.0602680047544276E+001
-2.6947100000010247E+000,-2.6947100000010247E+000, 1.0602679931326046E+001
-2.6937100000010248E+000,-2.6937100000010248E+000, 1.0602679815104731E+001
-2.6927100000010249E+000,-2.6927100000010249E+000, 1.0602679698880541E+001
-2.6917100000010250E+000,-2.6917100000010250E+000, 1.0602679582659036E+001
-2.6907100000010251E+000,-2.6907100000010251E+000, 1.0602679466438875E+001
-2.6897100000010252E+000,-2.6897100000010252E+000, 1.0602679350222511E+001
-2.6887100000010253E+000,-2.6887100000010253E+000, 1.0602679234002547E+001
-2.6877100000010254E+000,-2.6877100000010254E+000, 1.0602679117765843E+001
-2.6867100000010256E+000,-2.6867100000010256E+000, 1.0602679001535778E+001
-2.6857100000010257E+000,-2.6857100000010257E+000, 1.0602678885311724E+001
-2.6847100000010258E+000,-2.6847100000010258E+000, 1.0602678769095068E+001
-2.6837100000010259E+000,-2.6837100000010259E+000, 1.0602678652875472E+001
-2.6827100000010260E+000,-2.6827100000010260E+000, 1.0602678536648543E+001
-2.6817100000010261E+000,-2.6817100000010261E+000, 1.0602678420420682E+001
-2.6807100000010262E+000,-2.6807100000010262E+000, 1.0602678304195525E+001
-2.6797100000010263E+000,-2.6797100000010263E+000, 1.0602678187961766E+001
-2.6787100000010264E+000,-2.6787100000010264E+000, 1.0602678071741430E+001
-2.6777100000010265E+000,-2.6777100000010265E+000, 1.0602677955508867E+001
-2.6767100000010267E+000,-2.6767100000010267E+000, 1.0602677839263738E+001
-2.6757100000010268E+000,-2.6757100000010268E+000, 1.0602677723034361E+001
-2.6747100000010269E+000,-2.6747100000010269E+000, 1.0602677606811271E+001
-2.6737100000010270E+000,-2.6737100000010270E+000, 1.0602677490593145E+001
-2.6727100000010271E+000,-2.6727100000010271E+000, 1.0602677374347072E+001
-2.6717100000010272E+000,-2.6717100000010272E+000, 1.0602677258129713E+001
-2.6707100000010273E+000,-2.6707100000010273E+000, 1.0602677141885689E+001
-2.6697100000010274E+000,-2.6697100000010274E+000, 1.0602677025644006E+001
-2.6687100000010275E+000,-2.6687100000010275E+000, 1.0602676909426116E+001
-2.6677100000010276E+000,-2.6677100000010276E+000, 1.0602676793190822E+001
-2.6667100000010278E+000,-2.6667100000010278E+000, 1.0602676676961750E+001
-2.6657100000010279E+000,-2.6657100000010279E+000, 1.0602676560708710E+001
-2.6647100000010280E+000,-2.6647100000010280E+000, 1.0602676444482050E+001
-2.6637100000010281E+000,-2.6637100000010281E+000, 1.0602676328249062E+001
-2.6627100000010282E+000,-2.6627100000010282E+000, 1.0602676212007141E+001
-2.6617100000010283E+000,-2.6617100000010283E+000, 1.0602676095774191E+001
-2.6607100000010284E+000,-2.6607100000010284E+000, 1.0602675979518889E+001
-2.6597100000010285E+000,-2.6597100000010285E+000, 1.0602675863289511E+001
-2.6587100000010286E+000,-2.6587100000010286E+000, 1.0602675747049307E+001
-2.6577100000010287E+000,-2.6577100000010287E+000, 1.0602675630822459E+001
-2.6567100000010289E+000,-2.6567100000010289E+000, 1.0602675514574399E+001
-2.6557100000010290E+000,-2.6557100000010290E+000, 1.0602675398337878E+001
-2.6547100000010291E+000,-2.6547100000010291E+000, 1.0602675282089031E+001
-2.6537100000010292E+000,-2.6537100000010292E+000, 1.0602675165848048E+001
-2.6527100000010293E+000,-2.6527100000010293E+000, 1.0602675049603087E+001
-2.6517100000010294E+000,-2.6517100000010294E+000, 1.0602674933373725E+001
-2.6507100000010295E+000,-2.6507100000010295E+000, 1.0602674817134673E+001
-2.6497100000010296E+000,-2.6497100000010296E+000, 1.0602674700884119E+001
-2.6487100000010297E+000,-2.6487100000010297E+000, 1.0602674584640411E+001
-2.6477100000010299E+000,-2.6477100000010299E+000, 1.0602674468385246E+001
-2.6467100000010300E+000,-2.6467100000010300E+000, 1.0602674352149903E+001
-2.6457100000010301E+000,-2.6457100000010301E+000, 1.0602674235899059E+001
-2.6447100000010302E+000,-2.6447100000010302E+000, 1.0602674119657918E+001
-2.6437100000010303E+000,-2.6437100000010303E+000, 1.0602674003408392E+001
-2.6427100000010304E+000,-2.6427100000010304E+000, 1.0602673887168326E+001
-2.6417100000010305E+000,-2.6417100000010305E+000, 1.0602673770914411E+001
-2.6407100000010306E+000,-2.6407100000010306E+000, 1.0602673654673739E+001
-2.6397100000010307E+000,-2.6397100000010307E+000, 1.0602673538408395E+001
-2.6387100000010308E+000,-2.6387100000010308E+000, 1.0602673422153444E+001
-2.6377100000010310E+000,-2.6377100000010310E+000, 1.0602673305911562E+001
-2.6367100000010311E+000,-2.6367100000010311E+000, 1.0602673189659416E+001
-2.6357100000010312E+000,-2.6357100000010312E+000, 1.0602673073414174E+001
-2.6347100000010313E+000,-2.6347100000010313E+000, 1.0602672957161461E+001
-2.6337100000010314E+000,-2.6337100000010314E+000, 1.0602672840916730E+001
-2.6327100000010315E+000,-2.6327100000010315E+000, 1.0602672724655122E+001
-2.6317100000010316E+000,-2.6317100000010316E+000, 1.0602672608399686E+001
-2.6307100000010317E+000,-2.6307100000010317E+000, 1.0602672492146205E+001
-2.6297100000010318E+000,-2.6297100000010318E+000, 1.0602672375909520E+001
-2.6287100000010319E+000,-2.6287100000010319E+000, 1.0602672259655222E+001
-2.6277100000010321E+000,-2.6277100000010321E+000, 1.0602672143377198E+001
-2.6267100000010322E+000,-2.6267100000010322E+000, 1.0602672027137483E+001
-2.6257100000010323E+000,-2.6257100000010323E+000, 1.0602671910884409E+001
-2.6247100000010324E+000,-2.6247100000010324E+000, 1.0602671794623149E+001
-2.6237100000010325E+000,-2.6237100000010325E+000, 1.0602671678360906E+001
-2.6227100000010326E+000,-2.6227100000010326E+000, 1.0602671562112356E+001
-2.6217100000010327E+000,-2.6217100000010327E+000, 1.0602671445837133E+001
-2.6207100000010328E+000,-2.6207100000010328E+000, 1.0602671329594159E+001
-2.6197100000010329E+000,-2.6197100000010329E+000, 1.0602671213325637E+001
-2.6187100000010330E+000,-2.6187100000010330E+000, 1.0602671097080437E+001
-2.6177100000010332E+000,-2.6177100000010332E+000, 1.0602670980808862E+001
-2.6167100000010333E+000,-2.6167100000010333E+000, 1.0602670864545701E+001
-2.6157100000010334E+000,-2.6157100000010334E+000, 1.0602670748292011E+001
-2.6147100000010335E+000,-2.6147100000010335E+000, 1.0602670632032428E+001
-2.6137100000010336E+000,-2.6137100000010336E+000, 1.0602670515764462E+001
-2.6127100000010337E+000,-2.6127100000010337E+000, 1.0602670399510432E+001
-2.6117100000010338E+000,-2.6117100000010338E+000, 1.0602670283223272E+001
-2.6107100000010339E+000,-2.6107100000010339E+000, 1.0602670166972629E+001
-2.6097100000010340E+000,-2.6097100000010340E+000, 1.0602670050702040E+001
-2.6087100000010341E+000,-2.6087100000010341E+000, 1.0602669934448521E+001
-2.6077100000010343E+000,-2.6077100000010343E+000, 1.0602669818173897E+001
-2.6067100000010344E+000,-2.6067100000010344E+000, 1.0602669701907786E+001
-2.6057100000010345E+000,-2.6057100000010345E+000, 1.0602669585647739E+001
-2.6047100000010346E+000,-2.6047100000010346E+000, 1.0602669469377702E+001
-2.6037100000010347E+000,-2.6037100000010347E+000, 1.0602669353121524E+001
-2.6027100000010348E+000,-2.6027100000010348E+000, 1.0602669236851140E+001
-2.6017100000010349E+000,-2.6017100000010349E+000, 1.0602669120578081E+001
-2.6007100000010350E+000,-2.6007100000010350E+000, 1.0602669004291229E+001
-2.5997100000010351E+000,-2.5997100000010351E+000, 1.0602668888031591E+001
-2.5987100000010352E+000,-2.5987100000010352E+000, 1.0602668771763685E+001
-2.5977100000010354E+000,-2.5977100000010354E+000, 1.0602668655506706E+001
-2.5967100000010355E+000,-2.5967100000010355E+000, 1.0602668539217481E+001
-2.5957100000010356E+000,-2.5957100000010356E+000, 1.0602668422960356E+001
-2.5947100000010357E+000,-2.5947100000010357E+000, 1.0602668306679650E+001
-2.5937100000010358E+000,-2.5937100000010358E+000, 1.0602668190401884E+001
-2.5927100000010359E+000,-2.5927100000010359E+000, 1.0602668074140961E+001
-2.5917100000010360E+000,-2.5917100000010360E+000, 1.0602667957859918E+001
-2.5907100000010361E+000,-2.5907100000010361E+000, 1.0602667841584468E+001
-2.5897100000010362E+000,-2.5897100000010362E+000, 1.0602667725307974E+001
-2.5887100000010363E+000,-2.5887100000010363E+000, 1.0602667609030226E+001
-2.5877100000010365E+000,-2.5877100000010365E+000, 1.0602667492766654E+001
-2.5867100000010366E+000,-2.5867100000010366E+000, 1.0602667376486355E+001
-2.5857100000010367E+000,-2.5857100000010367E+000, 1.0602667260209293E+001
-2.5847100000010368E+000,-2.5847100000010368E+000, 1.0602667143929603E+001
-2.5837100000010369E+000,-2.5837100000010369E+000, 1.0602667027645117E+001
-2.5827100000010370E+000,-2.5827100000010370E+000, 1.0602666911369219E+001
-2.5817100000010371E+000,-2.5817100000010371E+000, 1.0602666795099321E+001
-2.5807100000010372E+000,-2.5807100000010372E+000, 1.0602666678809005E+001
-2.5797100000010373E+000,-2.5797100000010373E+000, 1.0602666562525222E+001
-2.5787100000010375E+000,-2.5787100000010375E+000, 1.0602666446254901E+001
-2.5777100000010376E+000,-2.5777100000010376E+000, 1.0602666329963862E+001
-2.5767100000010377E+000,-2.5767100000010377E+000, 1.0602666213680891E+001
-2.5757100000010378E+000,-2.5757100000010378E+000, 1.0602666097403924E+001
-2.5747100000010379E+000,-2.5747100000010379E+000, 1.0602665981125927E+001
-2.5737100000010380E+000,-2.5737100000010380E+000, 1.0602665864836684E+001
-2.5727100000010381E+000,-2.5727100000010381E+000, 1.0602665748554344E+001
-2.5717100000010382E+000,-2.5717100000010382E+000, 1.0602665632266035E+001
-2.5707100000010383E+000,-2.5707100000010383E+000, 1.0602665515998691E+001
-2.5697100000010384E+000,-2.5697100000010384E+000, 1.0602665399692960E+001
-2.5687100000010386E+000,-2.5687100000010386E+000, 1.0602665283412637E+001
-2.5677100000010387E+000,-2.5677100000010387E+000, 1.0602665167132432E+001
-2.5667100000010388E+000,-2.5667100000010388E+000, 1.0602665050836027E+001
-2.5657100000010389E+000,-2.5657100000010389E+000, 1.0602664934549361E+001
-2.5647100000010390E+000,-2.5647100000010390E+000, 1.0602664818259290E+001
-2.5637100000010391E+000,-2.5637100000010391E+000, 1.0602664701986788E+001
-2.5627100000010392E+000,-2.5627100000010392E+000, 1.0602664585687741E+001
-2.5617100000010393E+000,-2.5617100000010393E+000, 1.0602664469397057E+001
-2.5607100000010394E+000,-2.5607100000010394E+000, 1.0602664353109422E+001
-2.5597100000010395E+000,-2.5597100000010395E+000, 1.0602664236813174E+001
-2.5587100000010397E+000,-2.5587100000010397E+000, 1.0602664120525885E+001
-2.5577100000010398E+000,-2.5577100000010398E+000, 1.0602664004238182E+001
-2.5567100000010399E+000,-2.5567100000010399E+000, 1.0602663887938746E+001
-2.5557100000010400E+000,-2.5557100000010400E+000, 1.0602663771653651E+001
-2.5547100000010401E+000,-2.5547100000010401E+000, 1.0602663655363809E+001
-2.5537100000010402E+000,-2.5537100000010402E+000, 1.0602663539053660E+001
-2.5527100000010403E+000,-2.5527100000010403E+000, 1.0602663422769005E+001
-2.5517100000010404E+000,-2.5517100000010404E+000, 1.0602663306464047E+001
-2.5507100000010405E+000,-2.5507100000010405E+000, 1.0602663190180596E+001
-2.5497100000010406E+000,-2.5497100000010406E+000, 1.0602663073887207E+001
-2.5487100000010408E+000,-2.5487100000010408E+000, 1.0602662957587231E+001
-2.5477100000010409E+000,-2.5477100000010409E+000, 1.0602662841300770E+001
-2.5467100000010410E+000,-2.5467100000010410E+000, 1.0602662725002093E+001
-2.5457100000010411E+000,-2.5457100000010411E+000, 1.0602662608696285E+001
-2.5447100000010412E+000,-2.5447100000010412E+000, 1.0602662492385548E+001
-2.5437100000010413E+000,-2.5437100000010413E+000, 1.0602662376092317E+001
-2.5427100000010414E+000,-2.5427100000010414E+000, 1.0602662259786999E+001
-2.5417100000010415E+000,-2.5417100000010415E+000, 1.0602662143495996E+001
-2.5407100000010416E+000,-2.5407100000010416E+000, 1.0602662027210215E+001
-2.5397100000010417E+000,-2.5397100000010417E+000, 1.0602661910901970E+001
-2.5387100000010419E+000,-2.5387100000010419E+000, 1.0602661794593258E+001
-2.5377100000010420E+000,-2.5377100000010420E+000, 1.0602661678291277E+001
-2.5367100000010421E+000,-2.5367100000010421E+000, 1.0602661561994722E+001
-2.5357100000010422E+000,-2.5357100000010422E+000, 1.0602661445690675E+001
-2.5347100000010423E+000,-2.5347100000010423E+000, 1.0602661329389148E+001
-2.5337100000010424E+000,-2.5337100000010424E+000, 1.0602661213082486E+001
-2.5327100000010425E+000,-2.5327100000010425E+000, 1.0602661096773950E+001
-2.5317100000010426E+000,-2.5317100000010426E+000, 1.0602660980473049E+001
-2.5307100000010427E+000,-2.5307100000010427E+000, 1.0602660864166728E+001
-2.5297100000010428E+000,-2.5297100000010428E+000, 1.0602660747861437E+001
-2.5287100000010430E+000,-2.5287100000010430E+000, 1.0602660631551036E+001
-2.5277100000010431E+000,-2.5277100000010431E+000, 1.0602660515239696E+001
-2.5267100000010432E+000,-2.5267100000010432E+000, 1.0602660398943057E+001
-2.5257100000010433E+000,-2.5257100000010433E+000, 1.0602660282616785E+001
-2.5247100000010434E+000,-2.5247100000010434E+000, 1.0602660166318186E+001
-2.5237100000010435E+000,-2.5237100000010435E+000, 1.0602660050009799E+001
-2.5227100000010436E+000,-2.5227100000010436E+000, 1.0602659933701901E+001
-2.5217100000010437E+000,-2.5217100000010437E+000, 1.0602659817389268E+001
-2.5207100000010438E+000,-2.5207100000010438E+000, 1.0602659701076250E+001
-2.5197100000010439E+000,-2.5197100000010439E+000, 1.0602659584767999E+001
-2.5187100000010441E+000,-2.5187100000010441E+000, 1.0602659468440226E+001
-2.5177100000010442E+000,-2.5177100000010442E+000, 1.0602659352139979E+001
-2.5167100000010443E+000,-2.5167100000010443E+000, 1.0602659235824433E+001
-2.5157100000010444E+000,-2.5157100000010444E+000, 1.0602659119525160E+001
-2.5147100000010445E+000,-2.5147100000010445E+000, 1.0602659003202717E+001
-2.5137100000010446E+000,-2.5137100000010446E+000, 1.0602658886877826E+001
-2.5127100000010447E+000,-2.5127100000010447E+000, 1.0602658770570518E+001
-2.5117100000010448E+000,-2.5117100000010448E+000, 1.0602658654243173E+001
-2.5107100000010449E+000,-2.5107100000010449E+000, 1.0602658537943309E+001
-2.5097100000010450E+000,-2.5097100000010450E+000, 1.0602658421621731E+001
-2.5087100000010452E+000,-2.5087100000010452E+000, 1.0602658305298663E+001
-2.5077100000010453E+000,-2.5077100000010453E+000, 1.0602658188989814E+001
-2.5067100000010454E+000,-2.5067100000010454E+000, 1.0602658072672209E+001
-2.5057100000010455E+000,-2.5057100000010455E+000, 1.0602657956353589E+001
-2.5047100000010456E+000,-2.5047100000010456E+000, 1.0602657840035224E+001
-2.5037100000010457E+000,-2.5037100000010457E+000, 1.0602657723716600E+001
-2.5027100000010458E+000,-2.5027100000010458E+000, 1.0602657607386794E+001
-2.5017100000010459E+000,-2.5017100000010459E+000, 1.0602657491064864E+001
-2.5007100000010460E+000,-2.5007100000010460E+000, 1.0602657374744455E+001
-2.4997100000010462E+000,-2.4997100000010462E+000, 1.0602657258430350E+001
-2.4987100000010463E+000,-2.4987100000010463E+000, 1.0602657142105745E+001
-2.4977100000010464E+000,-2.4977100000010464E+000, 1.0602657025788542E+001
-2.4967100000010465E+000,-2.4967100000010465E+000, 1.0602656909460402E+001
-2.4957100000010466E+000,-2.4957100000010466E+000, 1.0602656793139632E+001
-2.4947100000010467E+000,-2.4947100000010467E+000, 1.0602656676803926E+001
-2.4937100000010468E+000,-2.4937100000010468E+000, 1.0602656560483938E+001
-2.4927100000010469E+000,-2.4927100000010469E+000, 1.0602656444155800E+001
-2.4917100000010470E+000,-2.4917100000010470E+000, 1.0602656327836577E+001
-2.4907100000010471E+000,-2.4907100000010471E+000, 1.0602656211504994E+001
-2.4897100000010473E+000,-2.4897100000010473E+000, 1.0602656095175242E+001
-2.4887100000010474E+000,-2.4887100000010474E+000, 1.0602655978858305E+001
-2.4877100000010475E+000,-2.4877100000010475E+000, 1.0602655862520091E+001
-2.4867100000010476E+000,-2.4867100000010476E+000, 1.0602655746197939E+001
-2.4857100000010477E+000,-2.4857100000010477E+000, 1.0602655629862612E+001
-2.4847100000010478E+000,-2.4847100000010478E+000, 1.0602655513534584E+001
-2.4837100000010479E+000,-2.4837100000010479E+000, 1.0602655397199602E+001
-2.4827100000010480E+000,-2.4827100000010480E+000, 1.0602655280877109E+001
-2.4817100000010481E+000,-2.4817100000010481E+000, 1.0602655164548821E+001
-2.4807100000010482E+000,-2.4807100000010482E+000, 1.0602655048212625E+001
-2.4797100000010484E+000,-2.4797100000010484E+000, 1.0602654931874451E+001
-2.4787100000010485E+000,-2.4787100000010485E+000, 1.0602654815542463E+001
-2.4777100000010486E+000,-2.4777100000010486E+000, 1.0602654699214957E+001
-2.4767100000010487E+000,-2.4767100000010487E+000, 1.0602654582881854E+001
-2.4757100000010488E+000,-2.4757100000010488E+000, 1.0602654466545363E+001
-2.4747100000010489E+000,-2.4747100000010489E+000, 1.0602654350207031E+001
-2.4737100000010490E+000,-2.4737100000010490E+000, 1.0602654233871867E+001
-2.4727100000010491E+000,-2.4727100000010491E+000, 1.0602654117536634E+001
-2.4717100000010492E+000,-2.4717100000010492E+000, 1.0602654001212599E+001
-2.4707100000010493E+000,-2.4707100000010493E+000, 1.0602653884871753E+001
-2.4697100000010495E+000,-2.4697100000010495E+000, 1.0602653768518667E+001
-2.4687100000010496E+000,-2.4687100000010496E+000, 1.0602653652188364E+001
-2.4677100000010497E+000,-2.4677100000010497E+000, 1.0602653535845146E+001
-2.4667100000010498E+000,-2.4667100000010498E+000, 1.0602653419510711E+001
-2.4657100000010499E+000,-2.4657100000010499E+000, 1.0602653303174844E+001
-2.4647100000010500E+000,-2.4647100000010500E+000, 1.0602653186824796E+001
-2.4637100000010501E+000,-2.4637100000010501E+000, 1.0602653070475485E+001
-2.4627100000010502E+000,-2.4627100000010502E+000, 1.0602652954137941E+001
-2.4617100000010503E+000,-2.4617100000010503E+000, 1.0602652837805568E+001
-2.4607100000010504E+000,-2.4607100000010504E+000, 1.0602652721467138E+001
-2.4597100000010506E+000,-2.4597100000010506E+000, 1.0602652605134276E+001
-2.4587100000010507E+000,-2.4587100000010507E+000, 1.0602652488789859E+001
-2.4577100000010508E+000,-2.4577100000010508E+000, 1.0602652372432392E+001
-2.4567100000010509E+000,-2.4567100000010509E+000, 1.0602652256086719E+001
-2.4557100000010510E+000,-2.4557100000010510E+000, 1.0602652139749695E+001
-2.4547100000010511E+000,-2.4547100000010511E+000, 1.0602652023411242E+001
-2.4537100000010512E+000,-2.4537100000010512E+000, 1.0602651907035597E+001
-2.4527100000010513E+000,-2.4527100000010513E+000, 1.0602651790699362E+001
-2.4517100000010514E+000,-2.4517100000010514E+000, 1.0602651674353245E+001
-2.4507100000010515E+000,-2.4507100000010515E+000, 1.0602651558007102E+001
-2.4497100000010517E+000,-2.4497100000010517E+000, 1.0602651441660178E+001
-2.4487100000010518E+000,-2.4487100000010518E+000, 1.0602651325311543E+001
-2.4477100000010519E+000,-2.4477100000010519E+000, 1.0602651208954118E+001
-2.4467100000010520E+000,-2.4467100000010520E+000, 1.0602651092604669E+001
-2.4457100000010521E+000,-2.4457100000010521E+000, 1.0602650976265718E+001
-2.4447100000010522E+000,-2.4447100000010522E+000, 1.0602650859919889E+001
-2.4437100000010523E+000,-2.4437100000010523E+000, 1.0602650743573109E+001
-2.4427100000010524E+000,-2.4427100000010524E+000, 1.0602650627210119E+001
-2.4417100000010525E+000,-2.4417100000010525E+000, 1.0602650510853326E+001
-2.4407100000010526E+000,-2.4407100000010526E+000, 1.0602650394504996E+001
-2.4397100000010528E+000,-2.4397100000010528E+000, 1.0602650278149726E+001
-2.4387100000010529E+000,-2.4387100000010529E+000, 1.0602650161804510E+001
-2.4377100000010530E+000,-2.4377100000010530E+000, 1.0602650045448886E+001
-2.4367100000010531E+000,-2.4367100000010531E+000, 1.0602649929076735E+001
-2.4357100000010532E+000,-2.4357100000010532E+000, 1.0602649812734217E+001
-2.4347100000010533E+000,-2.4347100000010533E+000, 1.0602649696382004E+001
-2.4337100000010534E+000,-2.4337100000010534E+000, 1.0602649580022248E+001
-2.4327100000010535E+000,-2.4327100000010535E+000, 1.0602649463665987E+001
-2.4317100000010536E+000,-2.4317100000010536E+000, 1.0602649347297643E+001
-2.4307100000010537E+000,-2.4307100000010537E+000, 1.0602649230955123E+001
-2.4297100000010539E+000,-2.4297100000010539E+000, 1.0602649114587294E+001
-2.4287100000010540E+000,-2.4287100000010540E+000, 1.0602648998234354E+001
-2.4277100000010541E+000,-2.4277100000010541E+000, 1.0602648881883638E+001
-2.4267100000010542E+000,-2.4267100000010542E+000, 1.0602648765516333E+001
-2.4257100000010543E+000,-2.4257100000010543E+000, 1.0602648649141269E+001
-2.4247100000010544E+000,-2.4247100000010544E+000, 1.0602648532795142E+001
-2.4237100000010545E+000,-2.4237100000010545E+000, 1.0602648416432782E+001
-2.4227100000010546E+000,-2.4227100000010546E+000, 1.0602648300071152E+001
-2.4217100000010547E+000,-2.4217100000010547E+000, 1.0602648183707828E+001
-2.4207100000010549E+000,-2.4207100000010549E+000, 1.0602648067342688E+001
-2.4197100000010550E+000,-2.4197100000010550E+000, 1.0602647950974305E+001
-2.4187100000010551E+000,-2.4187100000010551E+000, 1.0602647834605552E+001
-2.4177100000010552E+000,-2.4177100000010552E+000, 1.0602647718255529E+001
-2.4167100000010553E+000,-2.4167100000010553E+000, 1.0602647601882465E+001
-2.4157100000010554E+000,-2.4157100000010554E+000, 1.0602647485506402E+001
-2.4147100000010555E+000,-2.4147100000010555E+000, 1.0602647369151942E+001
-2.4137100000010556E+000,-2.4137100000010556E+000, 1.0602647252785506E+001
-2.4127100000010557E+000,-2.4127100000010557E+000, 1.0602647136415442E+001
-2.4117100000010558E+000,-2.4117100000010558E+000, 1.0602647020054539E+001
-2.4107100000010560E+000,-2.4107100000010560E+000, 1.0602646903683212E+001
-2.4097100000010561E+000,-2.4097100000010561E+000, 1.0602646787311794E+001
-2.4087100000010562E+000,-2.4087100000010562E+000, 1.0602646670945145E+001
-2.4077100000010563E+000,-2.4077100000010563E+000, 1.0602646554568462E+001
-2.4067100000010564E+000,-2.4067100000010564E+000, 1.0602646438208156E+001
-2.4057100000010565E+000,-2.4057100000010565E+000, 1.0602646321836671E+001
-2.4047100000010566E+000,-2.4047100000010566E+000, 1.0602646205457136E+001
-2.4037100000010567E+000,-2.4037100000010567E+000, 1.0602646089093568E+001
-2.4027100000010568E+000,-2.4027100000010568E+000, 1.0602645972709821E+001
-2.4017100000010569E+000,-2.4017100000010569E+000, 1.0602645856333174E+001
-2.4007100000010571E+000,-2.4007100000010571E+000, 1.0602645739977472E+001
-2.3997100000010572E+000,-2.3997100000010572E+000, 1.0602645623572862E+001
-2.3987100000010573E+000,-2.3987100000010573E+000, 1.0602645507205803E+001
-2.3977100000010574E+000,-2.3977100000010574E+000, 1.0602645390844739E+001
-2.3967100000010575E+000,-2.3967100000010575E+000, 1.0602645274475663E+001
-2.3957100000010576E+000,-2.3957100000010576E+000, 1.0602645158087636E+001
-2.3947100000010577E+000,-2.3947100000010577E+000, 1.0602645041722703E+001
-2.3937100000010578E+000,-2.3937100000010578E+000, 1.0602644925338861E+001
-2.3927100000010579E+000,-2.3927100000010579E+000, 1.0602644808953649E+001
-2.3917100000010580E+000,-2.3917100000010580E+000, 1.0602644692586630E+001
-2.3907100000010582E+000,-2.3907100000010582E+000, 1.0602644576210489E+001
-2.3897100000010583E+000,-2.3897100000010583E+000, 1.0602644459817355E+001
-2.3887100000010584E+000,-2.3887100000010584E+000, 1.0602644343431884E+001
-2.3877100000010585E+000,-2.3877100000010585E+000, 1.0602644227061941E+001
-2.3867100000010586E+000,-2.3867100000010586E+000, 1.0602644110687278E+001
-2.3857100000010587E+000,-2.3857100000010587E+000, 1.0602643994295262E+001
-2.3847100000010588E+000,-2.3847100000010588E+000, 1.0602643877911939E+001
-2.3837100000010589E+000,-2.3837100000010589E+000, 1.0602643761521186E+001
-2.3827100000010590E+000,-2.3827100000010590E+000, 1.0602643645141921E+001
-2.3817100000010591E+000,-2.3817100000010591E+000, 1.0602643528764300E+001
-2.3807100000010593E+000,-2.3807100000010593E+000, 1.0602643412382999E+001
-2.3797100000010594E+000,-2.3797100000010594E+000, 1.0602643296000888E+001
-2.3787100000010595E+000,-2.3787100000010595E+000, 1.0602643179621989E+001
-2.3777100000010596E+000,-2.3777100000010596E+000, 1.0602643063219505E+001
-2.3767100000010597E+000,-2.3767100000010597E+000, 1.0602642946835475E+001
-2.3757100000010598E+000,-2.3757100000010598E+000, 1.0602642830451348E+001
-2.3747100000010599E+000,-2.3747100000010599E+000, 1.0602642714076421E+001
-2.3737100000010600E+000,-2.3737100000010600E+000, 1.0602642597691133E+001
-2.3727100000010601E+000,-2.3727100000010601E+000, 1.0602642481281311E+001
-2.3717100000010602E+000,-2.3717100000010602E+000, 1.0602642364893393E+001
-2.3707100000010604E+000,-2.3707100000010604E+000, 1.0602642248515444E+001
-2.3697100000010605E+000,-2.3697100000010605E+000, 1.0602642132132605E+001
-2.3687100000010606E+000,-2.3687100000010606E+000, 1.0602642015731440E+001
-2.3677100000010607E+000,-2.3677100000010607E+000, 1.0602641899342881E+001
-2.3667100000010608E+000,-2.3667100000010608E+000, 1.0602641782944538E+001
-2.3657100000010609E+000,-2.3657100000010609E+000, 1.0602641666550134E+001
-2.3647100000010610E+000,-2.3647100000010610E+000, 1.0602641550167592E+001
-2.3637100000010611E+000,-2.3637100000010611E+000, 1.0602641433783726E+001
-2.3627100000010612E+000,-2.3627100000010612E+000, 1.0602641317383638E+001
-2.3617100000010613E+000,-2.3617100000010613E+000, 1.0602641200976276E+001
-2.3607100000010615E+000,-2.3607100000010615E+000, 1.0602641084584899E+001
-2.3597100000010616E+000,-2.3597100000010616E+000, 1.0602640968203293E+001
-2.3587100000010617E+000,-2.3587100000010617E+000, 1.0602640851795861E+001
-2.3577100000010618E+000,-2.3577100000010618E+000, 1.0602640735414266E+001
-2.3567100000010619E+000,-2.3567100000010619E+000, 1.0602640619010883E+001
-2.3557100000010620E+000,-2.3557100000010620E+000, 1.0602640502601520E+001
-2.3547100000010621E+000,-2.3547100000010621E+000, 1.0602640386206710E+001
-2.3537100000010622E+000,-2.3537100000010622E+000, 1.0602640269820629E+001
-2.3527100000010623E+000,-2.3527100000010623E+000, 1.0602640153417646E+001
-2.3517100000010625E+000,-2.3517100000010625E+000, 1.0602640037009884E+001
-2.3507100000010626E+000,-2.3507100000010626E+000, 1.0602639920618680E+001
-2.3497100000010627E+000,-2.3497100000010627E+000, 1.0602639804212357E+001
-2.3487100000010628E+000,-2.3487100000010628E+000, 1.0602639687815262E+001
-2.3477100000010629E+000,-2.3477100000010629E+000, 1.0602639571407266E+001
-2.3467100000010630E+000,-2.3467100000010630E+000, 1.0602639455016655E+001
-2.3457100000010631E+000,-2.3457100000010631E+000, 1.0602639338606894E+001
-2.3447100000010632E+000,-2.3447100000010632E+000, 1.0602639222192813E+001
-2.3437100000010633E+000,-2.3437100000010633E+000, 1.0602639105796825E+001
-2.3427100000010634E+000,-2.3427100000010634E+000, 1.0602638989394674E+001
-2.3417100000010636E+000,-2.3417100000010636E+000, 1.0602638872994110E+001
-2.3407100000010637E+000,-2.3407100000010637E+000, 1.0602638756587389E+001
-2.3397100000010638E+000,-2.3397100000010638E+000, 1.0602638640170740E+001
-2.3387100000010639E+000,-2.3387100000010639E+000, 1.0602638523769512E+001
-2.3377100000010640E+000,-2.3377100000010640E+000, 1.0602638407366076E+001
-2.3367100000010641E+000,-2.3367100000010641E+000, 1.0602638290965301E+001
-2.3357100000010642E+000,-2.3357100000010642E+000, 1.0602638174555908E+001
-2.3347100000010643E+000,-2.3347100000010643E+000, 1.0602638058132055E+001
-2.3337100000010644E+000,-2.3337100000010644E+000, 1.0602637941736919E+001
-2.3327100000010645E+000,-2.3327100000010645E+000, 1.0602637825333503E+001
-2.3317100000010647E+000,-2.3317100000010647E+000, 1.0602637708920113E+001
-2.3307100000010648E+000,-2.3307100000010648E+000, 1.0602637592516643E+001
-2.3297100000010649E+000,-2.3297100000010649E+000, 1.0602637476089814E+001
-2.3287100000010650E+000,-2.3287100000010650E+000, 1.0602637359682937E+001
-2.3277100000010651E+000,-2.3277100000010651E+000, 1.0602637243272012E+001
-2.3267100000010652E+000,-2.3267100000010652E+000, 1.0602637126864709E+001
-2.3257100000010653E+000,-2.3257100000010653E+000, 1.0602637010456814E+001
-2.3247100000010654E+000,-2.3247100000010654E+000, 1.0602636894028171E+001
-2.3237100000010655E+000,-2.3237100000010655E+000, 1.0602636777620077E+001
-2.3227100000010656E+000,-2.3227100000010656E+000, 1.0602636661204457E+001
-2.3217100000010658E+000,-2.3217100000010658E+000, 1.0602636544787872E+001
-2.3207100000010659E+000,-2.3207100000010659E+000, 1.0602636428377000E+001
-2.3197100000010660E+000,-2.3197100000010660E+000, 1.0602636311960126E+001
-2.3187100000010661E+000,-2.3187100000010661E+000, 1.0602636195542271E+001
-2.3177100000010662E+000,-2.3177100000010662E+000, 1.0602636079119179E+001
-2.3167100000010663E+000,-2.3167100000010663E+000, 1.0602635962710687E+001
-2.3157100000010664E+000,-2.3157100000010664E+000, 1.0602635846298922E+001
-2.3147100000010665E+000,-2.3147100000010665E+000, 1.0602635729883815E+001
-2.3137100000010666E+000,-2.3137100000010666E+000, 1.0602635613444928E+001
-2.3127100000010667E+000,-2.3127100000010667E+000, 1.0602635497023012E+001
-2.3117100000010669E+000,-2.3117100000010669E+000, 1.0602635380599899E+001
-2.3107100000010670E+000,-2.3107100000010670E+000, 1.0602635264190507E+001
-2.3097100000010671E+000,-2.3097100000010671E+000, 1.0602635147769830E+001
-2.3087100000010672E+000,-2.3087100000010672E+000, 1.0602635031340093E+001
-2.3077100000010673E+000,-2.3077100000010673E+000, 1.0602634914915811E+001
-2.3067100000010674E+000,-2.3067100000010674E+000, 1.0602634798496963E+001
-2.3057100000010675E+000,-2.3057100000010675E+000, 1.0602634682077593E+001
-2.3047100000010676E+000,-2.3047100000010676E+000, 1.0602634565650447E+001
-2.3037100000010677E+000,-2.3037100000010677E+000, 1.0602634449221322E+001
-2.3027100000010678E+000,-2.3027100000010678E+000, 1.0602634332811377E+001
-2.3017100000010680E+000,-2.3017100000010680E+000, 1.0602634216365924E+001
-2.3007100000010681E+000,-2.3007100000010681E+000, 1.0602634099953942E+001
-2.2997100000010682E+000,-2.2997100000010682E+000, 1.0602633983522924E+001
-2.2987100000010683E+000,-2.2987100000010683E+000, 1.0602633867100010E+001
-2.2977100000010684E+000,-2.2977100000010684E+000, 1.0602633750673146E+001
-2.2967100000010685E+000,-2.2967100000010685E+000, 1.0602633634232451E+001
-2.2957100000010686E+000,-2.2957100000010686E+000, 1.0602633517816992E+001
-2.2947100000010687E+000,-2.2947100000010687E+000, 1.0602633401390682E+001
-2.2937100000010688E+000,-2.2937100000010688E+000, 1.0602633284963286E+001
-2.2927100000010689E+000,-2.2927100000010689E+000, 1.0602633168535121E+001
-2.2917100000010691E+000,-2.2917100000010691E+000, 1.0602633052097218E+001
-2.2907100000010692E+000,-2.2907100000010692E+000, 1.0602632935662760E+001
-2.2897100000010693E+000,-2.2897100000010693E+000, 1.0602632819226667E+001
-2.2887100000010694E+000,-2.2887100000010694E+000, 1.0602632702801785E+001
-2.2877100000010695E+000,-2.2877100000010695E+000, 1.0602632586363566E+001
-2.2867100000010696E+000,-2.2867100000010696E+000, 1.0602632469936129E+001
-2.2857100000010697E+000,-2.2857100000010697E+000, 1.0602632353491895E+001
-2.2847100000010698E+000,-2.2847100000010698E+000, 1.0602632237057319E+001
-2.2837100000010699E+000,-2.2837100000010699E+000, 1.0602632120628847E+001
-2.2827100000010700E+000,-2.2827100000010700E+000, 1.0602632004202302E+001
-2.2817100000010702E+000,-2.2817100000010702E+000, 1.0602631887758150E+001
-2.2807100000010703E+000,-2.2807100000010703E+000, 1.0602631771313208E+001
-2.2797100000010704E+000,-2.2797100000010704E+000, 1.0602631654879454E+001
-2.2787100000010705E+000,-2.2787100000010705E+000, 1.0602631538452837E+001
-2.2777100000010706E+000,-2.2777100000010706E+000, 1.0602631422002766E+001
-2.2767100000010707E+000,-2.2767100000010707E+000, 1.0602631305562175E+001
-2.2757100000010708E+000,-2.2757100000010708E+000, 1.0602631189135645E+001
-2.2747100000010709E+000,-2.2747100000010709E+000, 1.0602631072684382E+001
-2.2737100000010710E+000,-2.2737100000010710E+000, 1.0602630956258015E+001
-2.2727100000010712E+000,-2.2727100000010712E+000, 1.0602630839811292E+001
-2.2717100000010713E+000,-2.2717100000010713E+000, 1.0602630723357185E+001
-2.2707100000010714E+000,-2.2707100000010714E+000, 1.0602630606935026E+001
-2.2697100000010715E+000,-2.2697100000010715E+000, 1.0602630490472789E+001
-2.2687100000010716E+000,-2.2687100000010716E+000, 1.0602630374040425E+001
-2.2677100000010717E+000,-2.2677100000010717E+000, 1.0602630257598335E+001
-2.2667100000010718E+000,-2.2667100000010718E+000, 1.0602630141160681E+001
-2.2657100000010719E+000,-2.2657100000010719E+000, 1.0602630024717971E+001
-2.2647100000010720E+000,-2.2647100000010720E+000, 1.0602629908263374E+001
-2.2637100000010721E+000,-2.2637100000010721E+000, 1.0602629791824111E+001
-2.2627100000010723E+000,-2.2627100000010723E+000, 1.0602629675376168E+001
-2.2617100000010724E+000,-2.2617100000010724E+000, 1.0602629558924685E+001
-2.2607100000010725E+000,-2.2607100000010725E+000, 1.0602629442475861E+001
-2.2597100000010726E+000,-2.2597100000010726E+000, 1.0602629326033860E+001
-2.2587100000010727E+000,-2.2587100000010727E+000, 1.0602629209583885E+001
-2.2577100000010728E+000,-2.2577100000010728E+000, 1.0602629093134922E+001
-2.2567100000010729E+000,-2.2567100000010729E+000, 1.0602628976694243E+001
-2.2557100000010730E+000,-2.2557100000010730E+000, 1.0602628860246618E+001
-2.2547100000010731E+000,-2.2547100000010731E+000, 1.0602628743790024E+001
-2.2537100000010732E+000,-2.2537100000010732E+000, 1.0602628627341439E+001
-2.2527100000010734E+000,-2.2527100000010734E+000, 1.0602628510883362E+001
-2.2517100000010735E+000,-2.2517100000010735E+000, 1.0602628394442215E+001
-2.2507100000010736E+000,-2.2507100000010736E+000, 1.0602628277987428E+001
-2.2497100000010737E+000,-2.2497100000010737E+000, 1.0602628161530449E+001
-2.2487100000010738E+000,-2.2487100000010738E+000, 1.0602628045073686E+001
-2.2477100000010739E+000,-2.2477100000010739E+000, 1.0602627928621686E+001
-2.2467100000010740E+000,-2.2467100000010740E+000, 1.0602627812172607E+001
-2.2457100000010741E+000,-2.2457100000010741E+000, 1.0602627695713906E+001
-2.2447100000010742E+000,-2.2447100000010742E+000, 1.0602627579247663E+001
-2.2437100000010743E+000,-2.2437100000010743E+000, 1.0602627462801427E+001
-2.2427100000010745E+000,-2.2427100000010745E+000, 1.0602627346340608E+001
-2.2417100000010746E+000,-2.2417100000010746E+000, 1.0602627229894075E+001
-2.2407100000010747E+000,-2.2407100000010747E+000, 1.0602627113424331E+001
-2.2397100000010748E+000,-2.2397100000010748E+000, 1.0602626996966055E+001
-2.2387100000010749E+000,-2.2387100000010749E+000, 1.0602626880509931E+001
-2.2377100000010750E+000,-2.2377100000010750E+000, 1.0602626764057131E+001
-2.2367100000010751E+000,-2.2367100000010751E+000, 1.0602626647599729E+001
-2.2357100000010752E+000,-2.2357100000010752E+000, 1.0602626531137943E+001
-2.2347100000010753E+000,-2.2347100000010753E+000, 1.0602626414670784E+001
-2.2337100000010754E+000,-2.2337100000010754E+000, 1.0602626298211710E+001
-2.2327100000010756E+000,-2.2327100000010756E+000, 1.0602626181752170E+001
-2.2317100000010757E+000,-2.2317100000010757E+000, 1.0602626065291874E+001
-2.2307100000010758E+000,-2.2307100000010758E+000, 1.0602625948815378E+001
-2.2297100000010759E+000,-2.2297100000010759E+000, 1.0602625832364051E+001
-2.2287100000010760E+000,-2.2287100000010760E+000, 1.0602625715902857E+001
-2.2277100000010761E+000,-2.2277100000010761E+000, 1.0602625599428627E+001
-2.2267100000010762E+000,-2.2267100000010762E+000, 1.0602625482975160E+001
-2.2257100000010763E+000,-2.2257100000010763E+000, 1.0602625366499741E+001
-2.2247100000010764E+000,-2.2247100000010764E+000, 1.0602625250033796E+001
-2.2237100000010765E+000,-2.2237100000010765E+000, 1.0602625133571971E+001
-2.2227100000010767E+000,-2.2227100000010767E+000, 1.0602625017105034E+001
-2.2217100000010768E+000,-2.2217100000010768E+000, 1.0602624900643693E+001
-2.2207100000010769E+000,-2.2207100000010769E+000, 1.0602624784169812E+001
-2.2197100000010770E+000,-2.2197100000010770E+000, 1.0602624667704783E+001
-2.2187100000010771E+000,-2.2187100000010771E+000, 1.0602624551240332E+001
-2.2177100000010772E+000,-2.2177100000010772E+000, 1.0602624434759662E+001
-2.2167100000010773E+000,-2.2167100000010773E+000, 1.0602624318297721E+001
-2.2157100000010774E+000,-2.2157100000010774E+000, 1.0602624201829176E+001
-2.2147100000010775E+000,-2.2147100000010775E+000, 1.0602624085356174E+001
-2.2137100000010776E+000,-2.2137100000010776E+000, 1.0602623968881321E+001
-2.2127100000010778E+000,-2.2127100000010778E+000, 1.0602623852406644E+001
-2.2117100000010779E+000,-2.2117100000010779E+000, 1.0602623735946725E+001
-2.2107100000010780E+000,-2.2107100000010780E+000, 1.0602623619462113E+001
-2.2097100000010781E+000,-2.2097100000010781E+000, 1.0602623502988425E+001
-2.2087100000010782E+000,-2.2087100000010782E+000, 1.0602623386515374E+001
-2.2077100000010783E+000,-2.2077100000010783E+000, 1.0602623270038123E+001
-2.2067100000010784E+000,-2.2067100000010784E+000, 1.0602623153562490E+001
-2.2057100000010785E+000,-2.2057100000010785E+000, 1.0602623037096155E+001
-2.2047100000010786E+000,-2.2047100000010786E+000, 1.0602622920612450E+001
-2.2037100000010788E+000,-2.2037100000010788E+000, 1.0602622804135411E+001
-2.2027100000010789E+000,-2.2027100000010789E+000, 1.0602622687653357E+001
-2.2017100000010790E+000,-2.2017100000010790E+000, 1.0602622571180435E+001
-2.2007100000010791E+000,-2.2007100000010791E+000, 1.0602622454706049E+001
-2.1997100000010792E+000,-2.1997100000010792E+000, 1.0602622338229898E+001
-2.1987100000010793E+000,-2.1987100000010793E+000, 1.0602622221744946E+001
-2.1977100000010794E+000,-2.1977100000010794E+000, 1.0602622105264494E+001
-2.1967100000010795E+000,-2.1967100000010795E+000, 1.0602621988774949E+001
-2.1957100000010796E+000,-2.1957100000010796E+000, 1.0602621872303855E+001
-2.1947100000010797E+000,-2.1947100000010797E+000, 1.0602621755827659E+001
-2.1937100000010799E+000,-2.1937100000010799E+000, 1.0602621639340082E+001
-2.1927100000010800E+000,-2.1927100000010800E+000, 1.0602621522853878E+001
-2.1917100000010801E+000,-2.1917100000010801E+000, 1.0602621406368007E+001
-2.1907100000010802E+000,-2.1907100000010802E+000, 1.0602621289892367E+001
-2.1897100000010803E+000,-2.1897100000010803E+000, 1.0602621173402389E+001
-2.1887100000010804E+000,-2.1887100000010804E+000, 1.0602621056926171E+001
-2.1877100000010805E+000,-2.1877100000010805E+000, 1.0602620940427716E+001
-2.1867100000010806E+000,-2.1867100000010806E+000, 1.0602620823942260E+001
-2.1857100000010807E+000,-2.1857100000010807E+000, 1.0602620707461002E+001
-2.1847100000010808E+000,-2.1847100000010808E+000, 1.0602620590979184E+001
-2.1837100000010810E+000,-2.1837100000010810E+000, 1.0602620474497577E+001
-2.1827100000010811E+000,-2.1827100000010811E+000, 1.0602620358004268E+001
-2.1817100000010812E+000,-2.1817100000010812E+000, 1.0602620241519807E+001
-2.1807100000010813E+000,-2.1807100000010813E+000, 1.0602620125016971E+001
-2.1797100000010814E+000,-2.1797100000010814E+000, 1.0602620008530753E+001
-2.1787100000010815E+000,-2.1787100000010815E+000, 1.0602619892044363E+001
-2.1777100000010816E+000,-2.1777100000010816E+000, 1.0602619775553736E+001
-2.1767100000010817E+000,-2.1767100000010817E+000, 1.0602619659069219E+001
-2.1757100000010818E+000,-2.1757100000010818E+000, 1.0602619542566211E+001
-2.1747100000010819E+000,-2.1747100000010819E+000, 1.0602619426087335E+001
-2.1737100000010821E+000,-2.1737100000010821E+000, 1.0602619309578557E+001
-2.1727100000010822E+000,-2.1727100000010822E+000, 1.0602619193096022E+001
-2.1717100000010823E+000,-2.1717100000010823E+000, 1.0602619076601137E+001
-2.1707100000010824E+000,-2.1707100000010824E+000, 1.0602618960097633E+001
-2.1697100000010825E+000,-2.1697100000010825E+000, 1.0602618843610598E+001
-2.1687100000010826E+000,-2.1687100000010826E+000, 1.0602618727110366E+001
-2.1677100000010827E+000,-2.1677100000010827E+000, 1.0602618610616465E+001
-2.1667100000010828E+000,-2.1667100000010828E+000, 1.0602618494121057E+001
-2.1657100000010829E+000,-2.1657100000010829E+000, 1.0602618377630346E+001
-2.1647100000010830E+000,-2.1647100000010830E+000, 1.0602618261128100E+001
-2.1637100000010832E+000,-2.1637100000010832E+000, 1.0602618144636697E+001
-2.1627100000010833E+000,-2.1627100000010833E+000, 1.0602618028136453E+001
-2.1617100000010834E+000,-2.1617100000010834E+000, 1.0602617911640664E+001
-2.1607100000010835E+000,-2.1607100000010835E+000, 1.0602617795131801E+001
-2.1597100000010836E+000,-2.1597100000010836E+000, 1.0602617678627315E+001
-2.1587100000010837E+000,-2.1587100000010837E+000, 1.0602617562141166E+001
-2.1577100000010838E+000,-2.1577100000010838E+000, 1.0602617445632955E+001
-2.1567100000010839E+000,-2.1567100000010839E+000, 1.0602617329134240E+001
-2.1557100000010840E+000,-2.1557100000010840E+000, 1.0602617212623150E+001
-2.1547100000010841E+000,-2.1547100000010841E+000, 1.0602617096127871E+001
-2.1537100000010843E+000,-2.1537100000010843E+000, 1.0602616979620908E+001
-2.1527100000010844E+000,-2.1527100000010844E+000, 1.0602616863118349E+001
-2.1517100000010845E+000,-2.1517100000010845E+000, 1.0602616746622683E+001
-2.1507100000010846E+000,-2.1507100000010846E+000, 1.0602616630115499E+001
-2.1497100000010847E+000,-2.1497100000010847E+000, 1.0602616513607234E+001
-2.1487100000010848E+000,-2.1487100000010848E+000, 1.0602616397092673E+001
-2.1477100000010849E+000,-2.1477100000010849E+000, 1.0602616280581735E+001
-2.1467100000010850E+000,-2.1467100000010850E+000, 1.0602616164095604E+001
-2.1457100000010851E+000,-2.1457100000010851E+000, 1.0602616047590590E+001
-2.1447100000010852E+000,-2.1447100000010852E+000, 1.0602615931076731E+001
-2.1437100000010854E+000,-2.1437100000010854E+000, 1.0602615814560366E+001
-2.1427100000010855E+000,-2.1427100000010855E+000, 1.0602615698055647E+001
-2.1417100000010856E+000,-2.1417100000010856E+000, 1.0602615581545118E+001
-2.1407100000010857E+000,-2.1407100000010857E+000, 1.0602615465035640E+001
-2.1397100000010858E+000,-2.1397100000010858E+000, 1.0602615348524484E+001
-2.1387100000010859E+000,-2.1387100000010859E+000, 1.0602615232002538E+001
-2.1377100000010860E+000,-2.1377100000010860E+000, 1.0602615115494013E+001
-2.1367100000010861E+000,-2.1367100000010861E+000, 1.0602614998984166E+001
-2.1357100000010862E+000,-2.1357100000010862E+000, 1.0602614882487551E+001
-2.1347100000010863E+000,-2.1347100000010863E+000, 1.0602614765975661E+001
-2.1337100000010865E+000,-2.1337100000010865E+000, 1.0602614649453526E+001
-2.1327100000010866E+000,-2.1327100000010866E+000, 1.0602614532933343E+001
-2.1317100000010867E+000,-2.1317100000010867E+000, 1.0602614416425965E+001
-2.1307100000010868E+000,-2.1307100000010868E+000, 1.0602614299902790E+001
-2.1297100000010869E+000,-2.1297100000010869E+000, 1.0602614183403848E+001
-2.1287100000010870E+000,-2.1287100000010870E+000, 1.0602614066868526E+001
-2.1277100000010871E+000,-2.1277100000010871E+000, 1.0602613950355225E+001
-2.1267100000010872E+000,-2.1267100000010872E+000, 1.0602613833831445E+001
-2.1257100000010873E+000,-2.1257100000010873E+000, 1.0602613717337029E+001
-2.1247100000010875E+000,-2.1247100000010875E+000, 1.0602613600822380E+001
-2.1237100000010876E+000,-2.1237100000010876E+000, 1.0602613484293883E+001
-2.1227100000010877E+000,-2.1227100000010877E+000, 1.0602613367758661E+001
-2.1217100000010878E+000,-2.1217100000010878E+000, 1.0602613251248982E+001
-2.1207100000010879E+000,-2.1207100000010879E+000, 1.0602613134728424E+001
-2.1197100000010880E+000,-2.1197100000010880E+000, 1.0602613018206773E+001
-2.1187100000010881E+000,-2.1187100000010881E+000, 1.0602612901699839E+001
-2.1177100000010882E+000,-2.1177100000010882E+000, 1.0602612785168178E+001
-2.1167100000010883E+000,-2.1167100000010883E+000, 1.0602612668637470E+001
-2.1157100000010884E+000,-2.1157100000010884E+000, 1.0602612552121560E+001
-2.1147100000010886E+000,-2.1147100000010886E+000, 1.0602612435596408E+001
-2.1137100000010887E+000,-2.1137100000010887E+000, 1.0602612319075700E+001
-2.1127100000010888E+000,-2.1127100000010888E+000, 1.0602612202542449E+001
-2.1117100000010889E+000,-2.1117100000010889E+000, 1.0602612086015515E+001
-2.1107100000010890E+000,-2.1107100000010890E+000, 1.0602611969497049E+001
-2.1097100000010891E+000,-2.1097100000010891E+000, 1.0602611852967167E+001
-2.1087100000010892E+000,-2.1087100000010892E+000, 1.0602611736447182E+001
-2.1077100000010893E+000,-2.1077100000010893E+000, 1.0602611619921250E+001
-2.1067100000010894E+000,-2.1067100000010894E+000, 1.0602611503385422E+001
-2.1057100000010895E+000,-2.1057100000010895E+000, 1.0602611386851043E+001
-2.1047100000010897E+000,-2.1047100000010897E+000, 1.0602611270331458E+001
-2.1037100000010898E+000,-2.1037100000010898E+000, 1.0602611153804638E+001
-2.1027100000010899E+000,-2.1027100000010899E+000, 1.0602611037279329E+001
-2.1017100000010900E+000,-2.1017100000010900E+000, 1.0602610920747880E+001
-2.1007100000010901E+000,-2.1007100000010901E+000, 1.0602610804198479E+001
-2.0997100000010902E+000,-2.0997100000010902E+000, 1.0602610687680235E+001
-2.0987100000010903E+000,-2.0987100000010903E+000, 1.0602610571152292E+001
-2.0977100000010904E+000,-2.0977100000010904E+000, 1.0602610454619803E+001
-2.0967100000010905E+000,-2.0967100000010905E+000, 1.0602610338086956E+001
-2.0957100000010906E+000,-2.0957100000010906E+000, 1.0602610221549341E+001
-2.0947100000010908E+000,-2.0947100000010908E+000, 1.0602610105018830E+001
-2.0937100000010909E+000,-2.0937100000010909E+000, 1.0602609988474869E+001
-2.0927100000010910E+000,-2.0927100000010910E+000, 1.0602609871953691E+001
-2.0917100000010911E+000,-2.0917100000010911E+000, 1.0602609755414020E+001
-2.0907100000010912E+000,-2.0907100000010912E+000, 1.0602609638860550E+001
-2.0897100000010913E+000,-2.0897100000010913E+000, 1.0602609522335857E+001
-2.0887100000010914E+000,-2.0887100000010914E+000, 1.0602609405812384E+001
-2.0877100000010915E+000,-2.0877100000010915E+000, 1.0602609289269763E+001
-2.0867100000010916E+000,-2.0867100000010916E+000, 1.0602609172731238E+001
-2.0857100000010917E+000,-2.0857100000010917E+000, 1.0602609056195128E+001
-2.0847100000010919E+000,-2.0847100000010919E+000, 1.0602608939656374E+001
-2.0837100000010920E+000,-2.0837100000010920E+000, 1.0602608823101290E+001
-2.0827100000010921E+000,-2.0827100000010921E+000, 1.0602608706562961E+001
-2.0817100000010922E+000,-2.0817100000010922E+000, 1.0602608590032915E+001
-2.0807100000010923E+000,-2.0807100000010923E+000, 1.0602608473481439E+001
-2.0797100000010924E+000,-2.0797100000010924E+000, 1.0602608356935002E+001
-2.0787100000010925E+000,-2.0787100000010925E+000, 1.0602608240401510E+001
-2.0777100000010926E+000,-2.0777100000010926E+000, 1.0602608123852221E+001
-2.0767100000010927E+000,-2.0767100000010927E+000, 1.0602608007311682E+001
-2.0757100000010928E+000,-2.0757100000010928E+000, 1.0602607890774188E+001
-2.0747100000010930E+000,-2.0747100000010930E+000, 1.0602607774215581E+001
-2.0737100000010931E+000,-2.0737100000010931E+000, 1.0602607657679009E+001
-2.0727100000010932E+000,-2.0727100000010932E+000, 1.0602607541128492E+001
-2.0717100000010933E+000,-2.0717100000010933E+000, 1.0602607424599700E+001
-2.0707100000010934E+000,-2.0707100000010934E+000, 1.0602607308057451E+001
-2.0697100000010935E+000,-2.0697100000010935E+000, 1.0602607191496539E+001
-2.0687100000010936E+000,-2.0687100000010936E+000, 1.0602607074946260E+001
-2.0677100000010937E+000,-2.0677100000010937E+000, 1.0602606958393590E+001
-2.0667100000010938E+000,-2.0667100000010938E+000, 1.0602606841860096E+001
-2.0657100000010939E+000,-2.0657100000010939E+000, 1.0602606725311027E+001
-2.0647100000010941E+000,-2.0647100000010941E+000, 1.0602606608747248E+001
-2.0637100000010942E+000,-2.0637100000010942E+000, 1.0602606492197697E+001
-2.0627100000010943E+000,-2.0627100000010943E+000, 1.0602606375651398E+001
-2.0617100000010944E+000,-2.0617100000010944E+000, 1.0602606259098973E+001
-2.0607100000010945E+000,-2.0607100000010945E+000, 1.0602606142546627E+001
-2.0597100000010946E+000,-2.0597100000010946E+000, 1.0602606026004537E+001
-2.0587100000010947E+000,-2.0587100000010947E+000, 1.0602605909444557E+001
-2.0577100000010948E+000,-2.0577100000010948E+000, 1.0602605792876261E+001
-2.0567100000010949E+000,-2.0567100000010949E+000, 1.0602605676329480E+001
-2.0557100000010951E+000,-2.0557100000010951E+000, 1.0602605559773655E+001
-2.0547100000010952E+000,-2.0547100000010952E+000, 1.0602605443232260E+001
-2.0537100000010953E+000,-2.0537100000010953E+000, 1.0602605326667691E+001
-2.0527100000010954E+000,-2.0527100000010954E+000, 1.0602605210111065E+001
-2.0517100000010955E+000,-2.0517100000010955E+000, 1.0602605093555496E+001
-2.0507100000010956E+000,-2.0507100000010956E+000, 1.0602604977000219E+001
-2.0497100000010957E+000,-2.0497100000010957E+000, 1.0602604860448725E+001
-2.0487100000010958E+000,-2.0487100000010958E+000, 1.0602604743898629E+001
-2.0477100000010959E+000,-2.0477100000010959E+000, 1.0602604627316836E+001
-2.0467100000010960E+000,-2.0467100000010960E+000, 1.0602604510756770E+001
-2.0457100000010962E+000,-2.0457100000010962E+000, 1.0602604394208697E+001
-2.0447100000010963E+000,-2.0447100000010963E+000, 1.0602604277651272E+001
-2.0437100000010964E+000,-2.0437100000010964E+000, 1.0602604161087827E+001
-2.0427100000010965E+000,-2.0427100000010965E+000, 1.0602604044527446E+001
-2.0417100000010966E+000,-2.0417100000010966E+000, 1.0602603927960914E+001
-2.0407100000010967E+000,-2.0407100000010967E+000, 1.0602603811384993E+001
-2.0397100000010968E+000,-2.0397100000010968E+000, 1.0602603694832986E+001
-2.0387100000010969E+000,-2.0387100000010969E+000, 1.0602603578279073E+001
-2.0377100000010970E+000,-2.0377100000010970E+000, 1.0602603461704334E+001
-2.0367100000010971E+000,-2.0367100000010971E+000, 1.0602603345133684E+001
-2.0357100000010973E+000,-2.0357100000010973E+000, 1.0602603228577941E+001
-2.0347100000010974E+000,-2.0347100000010974E+000, 1.0602603112010954E+001
-2.0337100000010975E+000,-2.0337100000010975E+000, 1.0602602995450859E+001
-2.0327100000010976E+000,-2.0327100000010976E+000, 1.0602602878890265E+001
-2.0317100000010977E+000,-2.0317100000010977E+000, 1.0602602762321927E+001
-2.0307100000010978E+000,-2.0307100000010978E+000, 1.0602602645742602E+001
-2.0297100000010979E+000,-2.0297100000010979E+000, 1.0602602529180183E+001
-2.0287100000010980E+000,-2.0287100000010980E+000, 1.0602602412613081E+001
-2.0277100000010981E+000,-2.0277100000010981E+000, 1.0602602296041605E+001
-2.0267100000010982E+000,-2.0267100000010982E+000, 1.0602602179466254E+001
-2.0257100000010984E+000,-2.0257100000010984E+000, 1.0602602062903038E+001
-2.0247100000010985E+000,-2.0247100000010985E+000, 1.0602601946321993E+001
-2.0237100000010986E+000,-2.0237100000010986E+000, 1.0602601829751643E+001
-2.0227100000010987E+000,-2.0227100000010987E+000, 1.0602601713189873E+001
-2.0217100000010988E+000,-2.0217100000010988E+000, 1.0602601596607681E+001
-2.0207100000010989E+000,-2.0207100000010989E+000, 1.0602601480033087E+001
-2.0197100000010990E+000,-2.0197100000010990E+000, 1.0602601363464505E+001
-2.0187100000010991E+000,-2.0187100000010991E+000, 1.0602601246898878E+001
-2.0177100000010992E+000,-2.0177100000010992E+000, 1.0602601130324633E+001
-2.0167100000010993E+000,-2.0167100000010993E+000, 1.0602601013756374E+001
-2.0157100000010995E+000,-2.0157100000010995E+000, 1.0602600897169571E+001
-2.0147100000010996E+000,-2.0147100000010996E+000, 1.0602600780586920E+001
-2.0137100000010997E+000,-2.0137100000010997E+000, 1.0602600664019196E+001
-2.0127100000010998E+000,-2.0127100000010998E+000, 1.0602600547443712E+001
-2.0117100000010999E+000,-2.0117100000010999E+000, 1.0602600430863754E+001
-2.0107100000011000E+000,-2.0107100000011000E+000, 1.0602600314283899E+001
-2.0097100000011001E+000,-2.0097100000011001E+000, 1.0602600197707829E+001
-2.0087100000011002E+000,-2.0087100000011002E+000, 1.0602600081133637E+001
-2.0077100000011003E+000,-2.0077100000011003E+000, 1.0602599964550800E+001
-2.0067100000011004E+000,-2.0067100000011004E+000, 1.0602599847975958E+001
-2.0057100000011006E+000,-2.0057100000011006E+000, 1.0602599731390598E+001
-2.0047100000011007E+000,-2.0047100000011007E+000, 1.0602599614800685E+001
-2.0037100000011008E+000,-2.0037100000011008E+000, 1.0602599498219920E+001
-2.0027100000011009E+000,-2.0027100000011009E+000, 1.0602599381641175E+001
-2.0017100000011010E+000,-2.0017100000011010E+000, 1.0602599265059281E+001
-2.0007100000011011E+000,-2.0007100000011011E+000, 1.0602599148465583E+001
-1.9997100000011012E+000,-1.9997100000011012E+000, 1.0602599031889730E+001
-1.9987100000011013E+000,-1.9987100000011013E+000, 1.0602598915303728E+001
-1.9977100000011014E+000,-1.9977100000011014E+000, 1.0602598798725168E+001
-1.9967100000011015E+000,-1.9967100000011015E+000, 1.0602598682141123E+001
-1.9957100000011017E+000,-1.9957100000011017E+000, 1.0602598565555670E+001
-1.9947100000011018E+000,-1.9947100000011018E+000, 1.0602598448961951E+001
-1.9937100000011019E+000,-1.9937100000011019E+000, 1.0602598332377198E+001
-1.9927100000011020E+000,-1.9927100000011020E+000, 1.0602598215786536E+001
-1.9917100000011021E+000,-1.9917100000011021E+000, 1.0602598099195921E+001
-1.9907100000011022E+000,-1.9907100000011022E+000, 1.0602597982614569E+001
-1.9897100000011023E+000,-1.9897100000011023E+000, 1.0602597866021839E+001
-1.9887100000011024E+000,-1.9887100000011024E+000, 1.0602597749432464E+001
-1.9877100000011025E+000,-1.9877100000011025E+000, 1.0602597632836472E+001
-1.9867100000011026E+000,-1.9867100000011026E+000, 1.0602597516257550E+001
-1.9857100000011028E+000,-1.9857100000011028E+000, 1.0602597399669920E+001
-1.9847100000011029E+000,-1.9847100000011029E+000, 1.0602597283065316E+001
-1.9837100000011030E+000,-1.9837100000011030E+000, 1.0602597166489383E+001
-1.9827100000011031E+000,-1.9827100000011031E+000, 1.0602597049879698E+001
-1.9817100000011032E+000,-1.9817100000011032E+000, 1.0602596933285652E+001
-1.9807100000011033E+000,-1.9807100000011033E+000, 1.0602596816696881E+001
-1.9797100000011034E+000,-1.9797100000011034E+000, 1.0602596700106568E+001
-1.9787100000011035E+000,-1.9787100000011035E+000, 1.0602596583507443E+001
-1.9777100000011036E+000,-1.9777100000011036E+000, 1.0602596466909830E+001
-1.9767100000011038E+000,-1.9767100000011038E+000, 1.0602596350317016E+001
-1.9757100000011039E+000,-1.9757100000011039E+000, 1.0602596233724642E+001
-1.9747100000011040E+000,-1.9747100000011040E+000, 1.0602596117119532E+001
-1.9737100000011041E+000,-1.9737100000011041E+000, 1.0602596000525271E+001
-1.9727100000011042E+000,-1.9727100000011042E+000, 1.0602595883936150E+001
-1.9717100000011043E+000,-1.9717100000011043E+000, 1.0602595767327966E+001
-1.9707100000011044E+000,-1.9707100000011044E+000, 1.0602595650736916E+001
-1.9697100000011045E+000,-1.9697100000011045E+000, 1.0602595534140194E+001
-1.9687100000011046E+000,-1.9687100000011046E+000, 1.0602595417527056E+001
-1.9677100000011047E+000,-1.9677100000011047E+000, 1.0602595300918665E+001
-1.9667100000011049E+000,-1.9667100000011049E+000, 1.0602595184333167E+001
-1.9657100000011050E+000,-1.9657100000011050E+000, 1.0602595067729705E+001
-1.9647100000011051E+000,-1.9647100000011051E+000, 1.0602594951133408E+001
-1.9637100000011052E+000,-1.9637100000011052E+000, 1.0602594834526649E+001
-1.9627100000011053E+000,-1.9627100000011053E+000, 1.0602594717923267E+001
-1.9617100000011054E+000,-1.9617100000011054E+000, 1.0602594601314799E+001
-1.9607100000011055E+000,-1.9607100000011055E+000, 1.0602594484704419E+001
-1.9597100000011056E+000,-1.9597100000011056E+000, 1.0602594368109749E+001
-1.9587100000011057E+000,-1.9587100000011057E+000, 1.0602594251497360E+001
-1.9577100000011058E+000,-1.9577100000011058E+000, 1.0602594134894670E+001
-1.9567100000011060E+000,-1.9567100000011060E+000, 1.0602594018287034E+001
-1.9557100000011061E+000,-1.9557100000011061E+000, 1.0602593901669536E+001
-1.9547100000011062E+000,-1.9547100000011062E+000, 1.0602593785068963E+001
-1.9537100000011063E+000,-1.9537100000011063E+000, 1.0602593668470201E+001
-1.9527100000011064E+000,-1.9527100000011064E+000, 1.0602593551858787E+001
-1.9517100000011065E+000,-1.9517100000011065E+000, 1.0602593435245227E+001
-1.9507100000011066E+000,-1.9507100000011066E+000, 1.0602593318642871E+001
-1.9497100000011067E+000,-1.9497100000011067E+000, 1.0602593202035626E+001
-1.9487100000011068E+000,-1.9487100000011068E+000, 1.0602593085412000E+001
-1.9477100000011069E+000,-1.9477100000011069E+000, 1.0602592968817085E+001
-1.9467100000011071E+000,-1.9467100000011071E+000, 1.0602592852184928E+001
-1.9457100000011072E+000,-1.9457100000011072E+000, 1.0602592735579279E+001
-1.9447100000011073E+000,-1.9447100000011073E+000, 1.0602592618969286E+001
-1.9437100000011074E+000,-1.9437100000011074E+000, 1.0602592502360901E+001
-1.9427100000011075E+000,-1.9427100000011075E+000, 1.0602592385751846E+001
-1.9417100000011076E+000,-1.9417100000011076E+000, 1.0602592269122047E+001
-1.9407100000011077E+000,-1.9407100000011077E+000, 1.0602592152515321E+001
-1.9397100000011078E+000,-1.9397100000011078E+000, 1.0602592035911609E+001
-1.9387100000011079E+000,-1.9387100000011079E+000, 1.0602591919277813E+001
-1.9377100000011080E+000,-1.9377100000011080E+000, 1.0602591802665239E+001
-1.9367100000011082E+000,-1.9367100000011082E+000, 1.0602591686038179E+001
-1.9357100000011083E+000,-1.9357100000011083E+000, 1.0602591569428869E+001
-1.9347100000011084E+000,-1.9347100000011084E+000, 1.0602591452808412E+001
-1.9337100000011085E+000,-1.9337100000011085E+000, 1.0602591336198884E+001
-1.9327100000011086E+000,-1.9327100000011086E+000, 1.0602591219572471E+001
-1.9317100000011087E+000,-1.9317100000011087E+000, 1.0602591102963757E+001
-1.9307100000011088E+000,-1.9307100000011088E+000, 1.0602590986331405E+001
-1.9297100000011089E+000,-1.9297100000011089E+000, 1.0602590869722054E+001
-1.9287100000011090E+000,-1.9287100000011090E+000, 1.0602590753084698E+001
-1.9277100000011091E+000,-1.9277100000011091E+000, 1.0602590636473719E+001
-1.9267100000011093E+000,-1.9267100000011093E+000, 1.0602590519850871E+001
-1.9257100000011094E+000,-1.9257100000011094E+000, 1.0602590403219887E+001
-1.9247100000011095E+000,-1.9247100000011095E+000, 1.0602590286606910E+001
-1.9237100000011096E+000,-1.9237100000011096E+000, 1.0602590169982788E+001
-1.9227100000011097E+000,-1.9227100000011097E+000, 1.0602590053343070E+001
-1.9217100000011098E+000,-1.9217100000011098E+000, 1.0602589936731622E+001
-1.9207100000011099E+000,-1.9207100000011099E+000, 1.0602589820095346E+001
-1.9197100000011100E+000,-1.9197100000011100E+000, 1.0602589703488523E+001
-1.9187100000011101E+000,-1.9187100000011101E+000, 1.0602589586848959E+001
-1.9177100000011102E+000,-1.9177100000011102E+000, 1.0602589470229063E+001
-1.9167100000011104E+000,-1.9167100000011104E+000, 1.0602589353598590E+001
-1.9157100000011105E+000,-1.9157100000011105E+000, 1.0602589236970026E+001
-1.9147100000011106E+000,-1.9147100000011106E+000, 1.0602589120337825E+001
-1.9137100000011107E+000,-1.9137100000011107E+000, 1.0602589003715764E+001
-1.9127100000011108E+000,-1.9127100000011108E+000, 1.0602588887080767E+001
-1.9117100000011109E+000,-1.9117100000011109E+000, 1.0602588770452627E+001
-1.9107100000011110E+000,-1.9107100000011110E+000, 1.0602588653830493E+001
-1.9097100000011111E+000,-1.9097100000011111E+000, 1.0602588537186827E+001
-1.9087100000011112E+000,-1.9087100000011112E+000, 1.0602588420559712E+001
-1.9077100000011114E+000,-1.9077100000011114E+000, 1.0602588303934395E+001
-1.9067100000011115E+000,-1.9067100000011115E+000, 1.0602588187303930E+001
-1.9057100000011116E+000,-1.9057100000011116E+000, 1.0602588070666073E+001
-1.9047100000011117E+000,-1.9047100000011117E+000, 1.0602587954027207E+001
-1.9037100000011118E+000,-1.9037100000011118E+000, 1.0602587837397595E+001
-1.9027100000011119E+000,-1.9027100000011119E+000, 1.0602587720754052E+001
-1.9017100000011120E+000,-1.9017100000011120E+000, 1.0602587604123800E+001
-1.9007100000011121E+000,-1.9007100000011121E+000, 1.0602587487497782E+001
-1.8997100000011122E+000,-1.8997100000011122E+000, 1.0602587370839172E+001
-1.8987100000011123E+000,-1.8987100000011123E+000, 1.0602587254212736E+001
-1.8977100000011125E+000,-1.8977100000011125E+000, 1.0602587137583644E+001
-1.8967100000011126E+000,-1.8967100000011126E+000, 1.0602587020949194E+001
-1.8957100000011127E+000,-1.8957100000011127E+000, 1.0602586904293887E+001
-1.8947100000011128E+000,-1.8947100000011128E+000, 1.0602586787673626E+001
-1.8937100000011129E+000,-1.8937100000011129E+000, 1.0602586671022801E+001
-1.8927100000011130E+000,-1.8927100000011130E+000, 1.0602586554385727E+001
-1.8917100000011131E+000,-1.8917100000011131E+000, 1.0602586437741886E+001
-1.8907100000011132E+000,-1.8907100000011132E+000, 1.0602586321097091E+001
-1.8897100000011133E+000,-1.8897100000011133E+000, 1.0602586204452516E+001
-1.8887100000011134E+000,-1.8887100000011134E+000, 1.0602586087807227E+001
-1.8877100000011136E+000,-1.8877100000011136E+000, 1.0602585971176687E+001
-1.8867100000011137E+000,-1.8867100000011137E+000, 1.0602585854523886E+001
-1.8857100000011138E+000,-1.8857100000011138E+000, 1.0602585737896133E+001
-1.8847100000011139E+000,-1.8847100000011139E+000, 1.0602585621241964E+001
-1.8837100000011140E+000,-1.8837100000011140E+000, 1.0602585504598208E+001
-1.8827100000011141E+000,-1.8827100000011141E+000, 1.0602585387943023E+001
-1.8817100000011142E+000,-1.8817100000011142E+000, 1.0602585271312254E+001
-1.8807100000011143E+000,-1.8807100000011143E+000, 1.0602585154659588E+001
-1.8797100000011144E+000,-1.8797100000011144E+000, 1.0602585038003907E+001
-1.8787100000011145E+000,-1.8787100000011145E+000, 1.0602584921365453E+001
-1.8777100000011147E+000,-1.8777100000011147E+000, 1.0602584804721269E+001
-1.8767100000011148E+000,-1.8767100000011148E+000, 1.0602584688072714E+001
-1.8757100000011149E+000,-1.8757100000011149E+000, 1.0602584571424755E+001
-1.8747100000011150E+000,-1.8747100000011150E+000, 1.0602584454774609E+001
-1.8737100000011151E+000,-1.8737100000011151E+000, 1.0602584338132644E+001
-1.8727100000011152E+000,-1.8727100000011152E+000, 1.0602584221464719E+001
-1.8717100000011153E+000,-1.8717100000011153E+000, 1.0602584104818712E+001
-1.8707100000011154E+000,-1.8707100000011154E+000, 1.0602583988169187E+001
-1.8697100000011155E+000,-1.8697100000011155E+000, 1.0602583871526317E+001
-1.8687100000011156E+000,-1.8687100000011156E+000, 1.0602583754859930E+001
-1.8677100000011158E+000,-1.8677100000011158E+000, 1.0602583638215036E+001
-1.8667100000011159E+000,-1.8667100000011159E+000, 1.0602583521556124E+001
-1.8657100000011160E+000,-1.8657100000011160E+000, 1.0602583404902500E+001
-1.8647100000011161E+000,-1.8647100000011161E+000, 1.0602583288246345E+001
-1.8637100000011162E+000,-1.8637100000011162E+000, 1.0602583171593370E+001
-1.8627100000011163E+000,-1.8627100000011163E+000, 1.0602582997586849E+001
-1.8617100000011164E+000,-1.8617100000011164E+000, 1.0602582668252944E+001
-1.8607100000011165E+000,-1.8607100000011165E+000, 1.0602582182480107E+001
-1.8597100000011166E+000,-1.8597100000011166E+000, 1.0602581540856876E+001
-1.8587100000011167E+000,-1.8587100000011167E+000, 1.0602580743938702E+001
-1.8577100000011169E+000,-1.8577100000011169E+000, 1.0602579792299512E+001
-1.8567100000011170E+000,-1.8567100000011170E+000, 1.0602578686465536E+001
-1.8557100000011171E+000,-1.8557100000011171E+000, 1.0602577427001073E+001
-1.8547100000011172E+000,-1.8547100000011172E+000, 1.0602576014451929E+001
-1.8537100000011173E+000,-1.8537100000011173E+000, 1.0602574449360000E+001
-1.8527100000011174E+000,-1.8527100000011174E+000, 1.0602572732230799E+001
-1.8517100000011175E+000,-1.8517100000011175E+000, 1.0602570863605500E+001
-1.8507100000011176E+000,-1.8507100000011176E+000, 1.0602568843995105E+001
-1.8497100000011177E+000,-1.8497100000011177E+000, 1.0602566673928139E+001
-1.8487100000011178E+000,-1.8487100000011178E+000, 1.0602564353882467E+001
-1.8477100000011180E+000,-1.8477100000011180E+000, 1.0602561884379135E+001
-1.8467100000011181E+000,-1.8467100000011181E+000, 1.0602559265908647E+001
-1.8457100000011182E+000,-1.8457100000011182E+000, 1.0602556498962798E+001
-1.8447100000011183E+000,-1.8447100000011183E+000, 1.0602553584019971E+001
-1.8437100000011184E+000,-1.8437100000011184E+000, 1.0602550521590551E+001
-1.8427100000011185E+000,-1.8427100000011185E+000, 1.0602547312091469E+001
-1.8417100000011186E+000,-1.8417100000011186E+000, 1.0602543956029606E+001
-1.8407100000011187E+000,-1.8407100000011187E+000, 1.0602540453856344E+001
-1.8397100000011188E+000,-1.8397100000011188E+000, 1.0602536806024357E+001
-1.8387100000011189E+000,-1.8387100000011189E+000, 1.0602533013016389E+001
-1.8377100000011191E+000,-1.8377100000011191E+000, 1.0602529075247281E+001
-1.8367100000011192E+000,-1.8367100000011192E+000, 1.0602524993159241E+001
-1.8357100000011193E+000,-1.8357100000011193E+000, 1.0602520767219625E+001
-1.8347100000011194E+000,-1.8347100000011194E+000, 1.0602516397833174E+001
-1.8337100000011195E+000,-1.8337100000011195E+000, 1.0602511885427754E+001
-1.8327100000011196E+000,-1.8327100000011196E+000, 1.0602507230459869E+001
-1.8317100000011197E+000,-1.8317100000011197E+000, 1.0602502433300380E+001
-1.8307100000011198E+000,-1.8307100000011198E+000, 1.0602497494394829E+001
-1.8297100000011199E+000,-1.8297100000011199E+000, 1.0602492414141878E+001
-1.8287100000011201E+000,-1.8287100000011201E+000, 1.0602487192942370E+001
-1.8277100000011202E+000,-1.8277100000011202E+000, 1.0602481831199132E+001
-1.8267100000011203E+000,-1.8267100000011203E+000, 1.0602476329309749E+001
-1.8257100000011204E+000,-1.8257100000011204E+000, 1.0602470687661960E+001
-1.8247100000011205E+000,-1.8247100000011205E+000, 1.0602464906644148E+001
-1.8237100000011206E+000,-1.8237100000011206E+000, 1.0602458986617357E+001
-1.8227100000011207E+000,-1.8227100000011207E+000, 1.0602452927975790E+001
-1.8217100000011208E+000,-1.8217100000011208E+000, 1.0602446731112643E+001
-1.8207100000011209E+000,-1.8207100000011209E+000, 1.0602440396358759E+001
-1.8197100000011210E+000,-1.8197100000011210E+000, 1.0602433924092004E+001
-1.8187100000011212E+000,-1.8187100000011212E+000, 1.0602427314689328E+001
-1.8177100000011213E+000,-1.8177100000011213E+000, 1.0602420568468723E+001
-1.8167100000011214E+000,-1.8167100000011214E+000, 1.0602413685810644E+001
-1.8157100000011215E+000,-1.8157100000011215E+000, 1.0602406667053279E+001
-1.8147100000011216E+000,-1.8147100000011216E+000, 1.0602399512555083E+001
-1.8137100000011217E+000,-1.8137100000011217E+000, 1.0602392222616867E+001
-1.8127100000011218E+000,-1.8127100000011218E+000, 1.0602384797604500E+001
-1.8117100000011219E+000,-1.8117100000011219E+000, 1.0602377237843672E+001
-1.8107100000011220E+000,-1.8107100000011220E+000, 1.0602369543650887E+001
-1.8097100000011221E+000,-1.8097100000011221E+000, 1.0602361715374588E+001
-1.8087100000011223E+000,-1.8087100000011223E+000, 1.0602353753293839E+001
-1.8077100000011224E+000,-1.8077100000011224E+000, 1.0602345657761102E+001
-1.8067100000011225E+000,-1.8067100000011225E+000, 1.0602337429067859E+001
-1.8057100000011226E+000,-1.8057100000011226E+000, 1.0602329067516262E+001
-1.8047100000011227E+000,-1.8047100000011227E+000, 1.0602320573422164E+001
-1.8037100000011228E+000,-1.8037100000011228E+000, 1.0602311947082752E+001
-1.8027100000011229E+000,-1.8027100000011229E+000, 1.0602303188805976E+001
-1.8017100000011230E+000,-1.8017100000011230E+000, 1.0602294298857229E+001
-1.8007100000011231E+000,-1.8007100000011231E+000, 1.0602285277541746E+001
-1.7997100000011232E+000,-1.7997100000011232E+000, 1.0602276125144448E+001
-1.7987100000011234E+000,-1.7987100000011234E+000, 1.0602266841941763E+001
-1.7977100000011235E+000,-1.7977100000011235E+000, 1.0602257428227725E+001
-1.7967100000011236E+000,-1.7967100000011236E+000, 1.0602247884262809E+001
-1.7957100000011237E+000,-1.7957100000011237E+000, 1.0602238210301982E+001
-1.7947100000011238E+000,-1.7947100000011238E+000, 1.0602228406642819E+001
-1.7937100000011239E+000,-1.7937100000011239E+000, 1.0602218473534048E+001
-1.7927100000011240E+000,-1.7927100000011240E+000, 1.0602208411260882E+001
-1.7917100000011241E+000,-1.7917100000011241E+000, 1.0602198220037646E+001
-1.7907100000011242E+000,-1.7907100000011242E+000, 1.0602187900137361E+001
-1.7897100000011243E+000,-1.7897100000011243E+000, 1.0602177451807940E+001
-1.7887100000011245E+000,-1.7887100000011245E+000, 1.0602166875315044E+001
-1.7877100000011246E+000,-1.7877100000011246E+000, 1.0602156170889693E+001
-1.7867100000011247E+000,-1.7867100000011247E+000, 1.0602145338775308E+001
-1.7857100000011248E+000,-1.7857100000011248E+000, 1.0602134379187529E+001
-1.7847100000011249E+000,-1.7847100000011249E+000, 1.0602123292401416E+001
-1.7837100000011250E+000,-1.7837100000011250E+000, 1.0602112078617662E+001
-1.7827100000011251E+000,-1.7827100000011251E+000, 1.0602100738062701E+001
-1.7817100000011252E+000,-1.7817100000011252E+000, 1.0602089270958018E+001
-1.7807100000011253E+000,-1.7807100000011253E+000, 1.0602077677559146E+001
-1.7797100000011254E+000,-1.7797100000011254E+000, 1.0602065958047028E+001
-1.7787100000011256E+000,-1.7787100000011256E+000, 1.0602054112662746E+001
-1.7777100000011257E+000,-1.7777100000011257E+000, 1.0602042141605432E+001
-1.7767100000011258E+000,-1.7767100000011258E+000, 1.0602030045092086E+001
-1.7757100000011259E+000,-1.7757100000011259E+000, 1.0602017823310595E+001
-1.7747100000011260E+000,-1.7747100000011260E+000, 1.0602005476489682E+001
-1.7737100000011261E+000,-1.7737100000011261E+000, 1.0601993004797942E+001
-1.7727100000011262E+000,-1.7727100000011262E+000, 1.0601980408456196E+001
-1.7717100000011263E+000,-1.7717100000011263E+000, 1.0601967687669950E+001
-1.7707100000011264E+000,-1.7707100000011264E+000, 1.0601954842581758E+001
-1.7697100000011265E+000,-1.7697100000011265E+000, 1.0601941873436846E+001
-1.7687100000011267E+000,-1.7687100000011267E+000, 1.0601928780392402E+001
-1.7677100000011268E+000,-1.7677100000011268E+000, 1.0601915563629460E+001
-1.7667100000011269E+000,-1.7667100000011269E+000, 1.0601902223333074E+001
-1.7657100000011270E+000,-1.7657100000011270E+000, 1.0601888759679603E+001
-1.7647100000011271E+000,-1.7647100000011271E+000, 1.0601875172827590E+001
-1.7637100000011272E+000,-1.7637100000011272E+000, 1.0601861462974083E+001
-1.7627100000011273E+000,-1.7627100000011273E+000, 1.0601847630278343E+001
-1.7617100000011274E+000,-1.7617100000011274E+000, 1.0601833674909500E+001
-1.7607100000011275E+000,-1.7607100000011275E+000, 1.0601819597007335E+001
-1.7597100000011276E+000,-1.7597100000011276E+000, 1.0601805396763542E+001
-1.7587100000011278E+000,-1.7587100000011278E+000, 1.0601791074304213E+001
-1.7577100000011279E+000,-1.7577100000011279E+000, 1.0601776629815397E+001
-1.7567100000011280E+000,-1.7567100000011280E+000, 1.0601762063436873E+001
-1.7557100000011281E+000,-1.7557100000011281E+000, 1.0601747375303699E+001
-1.7547100000011282E+000,-1.7547100000011282E+000, 1.0601732565571417E+001
-1.7537100000011283E+000,-1.7537100000011283E+000, 1.0601717634404544E+001
-1.7527100000011284E+000,-1.7527100000011284E+000, 1.0601702581904940E+001
-1.7517100000011285E+000,-1.7517100000011285E+000, 1.0601687408256607E+001
-1.7507100000011286E+000,-1.7507100000011286E+000, 1.0601672113550604E+001
-1.7497100000011288E+000,-1.7497100000011288E+000, 1.0601656697955249E+001
-1.7487100000011289E+000,-1.7487100000011289E+000, 1.0601641161569328E+001
-1.7477100000011290E+000,-1.7477100000011290E+000, 1.0601625504550016E+001
-1.7467100000011291E+000,-1.7467100000011291E+000, 1.0601609727030187E+001
-1.7457100000011292E+000,-1.7457100000011292E+000, 1.0601593829089961E+001
-1.7447100000011293E+000,-1.7447100000011293E+000, 1.0601577810893286E+001
-1.7437100000011294E+000,-1.7437100000011294E+000, 1.0601561672545351E+001
-1.7427100000011295E+000,-1.7427100000011295E+000, 1.0601545414146184E+001
-1.7417100000011296E+000,-1.7417100000011296E+000, 1.0601529035822796E+001
-1.7407100000011297E+000,-1.7407100000011297E+000, 1.0601512537686478E+001
-1.7397100000011299E+000,-1.7397100000011299E+000, 1.0601495919835582E+001
-1.7387100000011300E+000,-1.7387100000011300E+000, 1.0601479182394121E+001
-1.7377100000011301E+000,-1.7377100000011301E+000, 1.0601462325457847E+001
-1.7367100000011302E+000,-1.7367100000011302E+000, 1.0601445349108642E+001
-1.7357100000011303E+000,-1.7357100000011303E+000, 1.0601428253461316E+001
-1.7347100000011304E+000,-1.7347100000011304E+000, 1.0601411038617290E+001
-1.7337100000011305E+000,-1.7337100000011305E+000, 1.0601393704658207E+001
-1.7327100000011306E+000,-1.7327100000011306E+000, 1.0601376251700316E+001
-1.7317100000011307E+000,-1.7317100000011307E+000, 1.0601358679798699E+001
-1.7307100000011308E+000,-1.7307100000011308E+000, 1.0601340989071391E+001
-1.7297100000011310E+000,-1.7297100000011310E+000, 1.0601323179564323E+001
-1.7287100000011311E+000,-1.7287100000011311E+000, 1.0601305251388659E+001
-1.7277100000011312E+000,-1.7277100000011312E+000, 1.0601287204625265E+001
-1.7267100000011313E+000,-1.7267100000011313E+000, 1.0601269039343158E+001
-1.7257100000011314E+000,-1.7257100000011314E+000, 1.0601250755612121E+001
-1.7247100000011315E+000,-1.7247100000011315E+000, 1.0601232353513348E+001
-1.7237100000011316E+000,-1.7237100000011316E+000, 1.0601213833115136E+001
-1.7227100000011317E+000,-1.7227100000011317E+000, 1.0601195194486895E+001
-1.7217100000011318E+000,-1.7217100000011318E+000, 1.0601176437681527E+001
-1.7207100000011319E+000,-1.7207100000011319E+000, 1.0601157562771455E+001
-1.7197100000011321E+000,-1.7197100000011321E+000, 1.0601138569833136E+001
-1.7187100000011322E+000,-1.7187100000011322E+000, 1.0601119458913882E+001
-1.7177100000011323E+000,-1.7177100000011323E+000, 1.0601100230047109E+001
-1.7167100000011324E+000,-1.7167100000011324E+000, 1.0601080883327942E+001
-1.7157100000011325E+000,-1.7157100000011325E+000, 1.0601061418779974E+001
-1.7147100000011326E+000,-1.7147100000011326E+000, 1.0601041836477599E+001
-1.7137100000011327E+000,-1.7137100000011327E+000, 1.0601022136435960E+001
-1.7127100000011328E+000,-1.7127100000011328E+000, 1.0601002318731538E+001
-1.7117100000011329E+000,-1.7117100000011329E+000, 1.0600982383378659E+001
-1.7107100000011330E+000,-1.7107100000011330E+000, 1.0600962330443885E+001
-1.7097100000011332E+000,-1.7097100000011332E+000, 1.0600942159955656E+001
-1.7087100000011333E+000,-1.7087100000011333E+000, 1.0600921871949568E+001
-1.7077100000011334E+000,-1.7077100000011334E+000, 1.0600901466458266E+001
-1.7067100000011335E+000,-1.7067100000011335E+000, 1.0600880943523613E+001
-1.7057100000011336E+000,-1.7057100000011336E+000, 1.0600860303170734E+001
-1.7047100000011337E+000,-1.7047100000011337E+000, 1.0600839545430844E+001
-1.7037100000011338E+000,-1.7037100000011338E+000, 1.0600818670316446E+001
-1.7027100000011339E+000,-1.7027100000011339E+000, 1.0600797677855978E+001
-1.7017100000011340E+000,-1.7017100000011340E+000, 1.0600776568103328E+001
-1.7007100000011341E+000,-1.7007100000011341E+000, 1.0600755341036423E+001
-1.6997100000011343E+000,-1.6997100000011343E+000, 1.0600733996674037E+001
-1.6987100000011344E+000,-1.6987100000011344E+000, 1.0600712535062021E+001
-1.6977100000011345E+000,-1.6977100000011345E+000, 1.0600690956196063E+001
-1.6967100000011346E+000,-1.6967100000011346E+000, 1.0600669260066848E+001
-1.6957100000011347E+000,-1.6957100000011347E+000, 1.0600647446715890E+001
-1.6947100000011348E+000,-1.6947100000011348E+000, 1.0600625516145380E+001
-1.6937100000011349E+000,-1.6937100000011349E+000, 1.0600603468332453E+001
-1.6927100000011350E+000,-1.6927100000011350E+000, 1.0600581303316488E+001
-1.6917100000011351E+000,-1.6917100000011351E+000, 1.0600559021078727E+001
-1.6907100000011352E+000,-1.6907100000011352E+000, 1.0600536621617469E+001
-1.6897100000011354E+000,-1.6897100000011354E+000, 1.0600514104928294E+001
-1.6887100000011355E+000,-1.6887100000011355E+000, 1.0600491471011686E+001
-1.6877100000011356E+000,-1.6877100000011356E+000, 1.0600468719844244E+001
-1.6867100000011357E+000,-1.6867100000011357E+000, 1.0600445851441643E+001
-1.6857100000011358E+000,-1.6857100000011358E+000, 1.0600422865778558E+001
-1.6847100000011359E+000,-1.6847100000011359E+000, 1.0600399762828436E+001
-1.6837100000011360E+000,-1.6837100000011360E+000, 1.0600376542583653E+001
-1.6827100000011361E+000,-1.6827100000011361E+000, 1.0600353205039733E+001
-1.6817100000011362E+000,-1.6817100000011362E+000, 1.0600329750164697E+001
-1.6807100000011364E+000,-1.6807100000011364E+000, 1.0600306177925729E+001
-1.6797100000011365E+000,-1.6797100000011365E+000, 1.0600282488325210E+001
-1.6787100000011366E+000,-1.6787100000011366E+000, 1.0600258681313806E+001
-1.6777100000011367E+000,-1.6777100000011367E+000, 1.0600234756876990E+001
-1.6767100000011368E+000,-1.6767100000011368E+000, 1.0600210714954017E+001
-1.6757100000011369E+000,-1.6757100000011369E+000, 1.0600186555548323E+001
-1.6747100000011370E+000,-1.6747100000011370E+000, 1.0600162278613787E+001
-1.6737100000011371E+000,-1.6737100000011371E+000, 1.0600137884106026E+001
-1.6727100000011372E+000,-1.6727100000011372E+000, 1.0600113372001609E+001
-1.6717100000011373E+000,-1.6717100000011373E+000, 1.0600088742246799E+001
-1.6707100000011375E+000,-1.6707100000011375E+000, 1.0600063994786320E+001
-1.6697100000011376E+000,-1.6697100000011376E+000, 1.0600039129594546E+001
-1.6687100000011377E+000,-1.6687100000011377E+000, 1.0600014146628684E+001
-1.6677100000011378E+000,-1.6677100000011378E+000, 1.0599989045827410E+001
-1.6667100000011379E+000,-1.6667100000011379E+000, 1.0599963827134664E+001
-1.6657100000011380E+000,-1.6657100000011380E+000, 1.0599938490510752E+001
-1.6647100000011381E+000,-1.6647100000011381E+000, 1.0599913035900839E+001
-1.6637100000011382E+000,-1.6637100000011382E+000, 1.0599887463224942E+001
-1.6627100000011383E+000,-1.6627100000011383E+000, 1.0599861772451760E+001
-1.6617100000011384E+000,-1.6617100000011384E+000, 1.0599835963509879E+001
-1.6607100000011386E+000,-1.6607100000011386E+000, 1.0599810036315613E+001
-1.6597100000011387E+000,-1.6597100000011387E+000, 1.0599783990844857E+001
-1.6587100000011388E+000,-1.6587100000011388E+000, 1.0599757826993967E+001
-1.6577100000011389E+000,-1.6577100000011389E+000, 1.0599731544706499E+001
-1.6567100000011390E+000,-1.6567100000011390E+000, 1.0599705143913241E+001
-1.6557100000011391E+000,-1.6557100000011391E+000, 1.0599678624531110E+001
-1.6547100000011392E+000,-1.6547100000011392E+000, 1.0599651986501126E+001
-1.6537100000011393E+000,-1.6537100000011393E+000, 1.0599625229729547E+001
-1.6527100000011394E+000,-1.6527100000011394E+000, 1.0599598354150078E+001
-1.6517100000011395E+000,-1.6517100000011395E+000, 1.0599571359661391E+001
-1.6507100000011397E+000,-1.6507100000011397E+000, 1.0599544246199338E+001
-1.6497100000011398E+000,-1.6497100000011398E+000, 1.0599517013659238E+001
-1.6487100000011399E+000,-1.6487100000011399E+000, 1.0599489661964764E+001
-1.6477100000011400E+000,-1.6477100000011400E+000, 1.0599462191034277E+001
-1.6467100000011401E+000,-1.6467100000011401E+000, 1.0599434600758959E+001
-1.6457100000011402E+000,-1.6457100000011402E+000, 1.0599406891054983E+001
-1.6447100000011403E+000,-1.6447100000011403E+000, 1.0599379061817208E+001
-1.6437100000011404E+000,-1.6437100000011404E+000, 1.0599351112958253E+001
-1.6427100000011405E+000,-1.6427100000011405E+000, 1.0599323044357966E+001
-1.6417100000011406E+000,-1.6417100000011406E+000, 1.0599294855941146E+001
-1.6407100000011408E+000,-1.6407100000011408E+000, 1.0599266547584437E+001
-1.6397100000011409E+000,-1.6397100000011409E+000, 1.0599238119188788E+001
-1.6387100000011410E+000,-1.6387100000011410E+000, 1.0599209570632324E+001
-1.6377100000011411E+000,-1.6377100000011411E+000, 1.0599180901827543E+001
-1.6367100000011412E+000,-1.6367100000011412E+000, 1.0599152112639242E+001
-1.6357100000011413E+000,-1.6357100000011413E+000, 1.0599123202965647E+001
-1.6347100000011414E+000,-1.6347100000011414E+000, 1.0599094172688718E+001
-1.6337100000011415E+000,-1.6337100000011415E+000, 1.0599065021688295E+001
-1.6327100000011416E+000,-1.6327100000011416E+000, 1.0599035749831978E+001
-1.6317100000011417E+000,-1.6317100000011417E+000, 1.0599006357012758E+001
-1.6307100000011419E+000,-1.6307100000011419E+000, 1.0598976843102418E+001
-1.6297100000011420E+000,-1.6297100000011420E+000, 1.0598947207948919E+001
-1.6287100000011421E+000,-1.6287100000011421E+000, 1.0598917451457444E+001
-1.6277100000011422E+000,-1.6277100000011422E+000, 1.0598887573478493E+001
-1.6267100000011423E+000,-1.6267100000011423E+000, 1.0598857573878041E+001
-1.6257100000011424E+000,-1.6257100000011424E+000, 1.0598827452532714E+001
-1.6247100000011425E+000,-1.6247100000011425E+000, 1.0598797209279237E+001
-1.6237100000011426E+000,-1.6237100000011426E+000, 1.0598766844005642E+001
-1.6227100000011427E+000,-1.6227100000011427E+000, 1.0598736356553825E+001
-1.6217100000011428E+000,-1.6217100000011428E+000, 1.0598705746777735E+001
-1.6207100000011430E+000,-1.6207100000011430E+000, 1.0598675014535601E+001
-1.6197100000011431E+000,-1.6197100000011431E+000, 1.0598644159676654E+001
-1.6187100000011432E+000,-1.6187100000011432E+000, 1.0598613182048549E+001
-1.6177100000011433E+000,-1.6177100000011433E+000, 1.0598582081498842E+001
-1.6167100000011434E+000,-1.6167100000011434E+000, 1.0598550857878582E+001
-1.6157100000011435E+000,-1.6157100000011435E+000, 1.0598519511028787E+001
-1.6147100000011436E+000,-1.6147100000011436E+000, 1.0598488040771974E+001
-1.6137100000011437E+000,-1.6137100000011437E+000, 1.0598456446961842E+001
-1.6127100000011438E+000,-1.6127100000011438E+000, 1.0598424729443019E+001
-1.6117100000011439E+000,-1.6117100000011439E+000, 1.0598392888037557E+001
-1.6107100000011441E+000,-1.6107100000011441E+000, 1.0598360922574491E+001
-1.6097100000011442E+000,-1.6097100000011442E+000, 1.0598328832887820E+001
-1.6087100000011443E+000,-1.6087100000011443E+000, 1.0598296618793750E+001
-1.6077100000011444E+000,-1.6077100000011444E+000, 1.0598264280131948E+001
-1.6067100000011445E+000,-1.6067100000011445E+000, 1.0598231816724970E+001
-1.6057100000011446E+000,-1.6057100000011446E+000, 1.0598199228378739E+001
-1.6047100000011447E+000,-1.6047100000011447E+000, 1.0598166514921795E+001
-1.6037100000011448E+000,-1.6037100000011448E+000, 1.0598133676179405E+001
-1.6027100000011449E+000,-1.6027100000011449E+000, 1.0598100711942738E+001
-1.6017100000011451E+000,-1.6017100000011451E+000, 1.0598067622033966E+001
-1.6007100000011452E+000,-1.6007100000011452E+000, 1.0598034406266962E+001
-1.5997100000011453E+000,-1.5997100000011453E+000, 1.0598001064435664E+001
-1.5987100000011454E+000,-1.5987100000011454E+000, 1.0597967596362974E+001
-1.5977100000011455E+000,-1.5977100000011455E+000, 1.0597934001829387E+001
-1.5967100000011456E+000,-1.5967100000011456E+000, 1.0597900280658129E+001
-1.5957100000011457E+000,-1.5957100000011457E+000, 1.0597866432633237E+001
-1.5947100000011458E+000,-1.5947100000011458E+000, 1.0597832457542008E+001
-1.5937100000011459E+000,-1.5937100000011459E+000, 1.0597798355197915E+001
-1.5927100000011460E+000,-1.5927100000011460E+000, 1.0597764125373127E+001
-1.5917100000011462E+000,-1.5917100000011462E+000, 1.0597729767864115E+001
-1.5907100000011463E+000,-1.5907100000011463E+000, 1.0597695282448232E+001
-1.5897100000011464E+000,-1.5897100000011464E+000, 1.0597660668938836E+001
-1.5887100000011465E+000,-1.5887100000011465E+000, 1.0597625927060291E+001
-1.5877100000011466E+000,-1.5877100000011466E+000, 1.0597591056643004E+001
-1.5867100000011467E+000,-1.5867100000011467E+000, 1.0597556057445804E+001
-1.5857100000011468E+000,-1.5857100000011468E+000, 1.0597520929244066E+001
-1.5847100000011469E+000,-1.5847100000011469E+000, 1.0597485671801513E+001
-1.5837100000011470E+000,-1.5837100000011470E+000, 1.0597450284891689E+001
-1.5827100000011471E+000,-1.5827100000011471E+000, 1.0597414768282784E+001
-1.5817100000011473E+000,-1.5817100000011473E+000, 1.0597379121735692E+001
-1.5807100000011474E+000,-1.5807100000011474E+000, 1.0597343345017265E+001
-1.5797100000011475E+000,-1.5797100000011475E+000, 1.0597307437875408E+001
-1.5787100000011476E+000,-1.5787100000011476E+000, 1.0597271400094424E+001
-1.5777100000011477E+000,-1.5777100000011477E+000, 1.0597235231397796E+001
-1.5767100000011478E+000,-1.5767100000011478E+000, 1.0597198931534368E+001
-1.5757100000011479E+000,-1.5757100000011479E+000, 1.0597162500287130E+001
-1.5747100000011480E+000,-1.5747100000011480E+000, 1.0597125937372640E+001
-1.5737100000011481E+000,-1.5737100000011481E+000, 1.0597089242550108E+001
-1.5727100000011482E+000,-1.5727100000011482E+000, 1.0597052415557036E+001
-1.5717100000011484E+000,-1.5717100000011484E+000, 1.0597015456126735E+001
-1.5707100000011485E+000,-1.5707100000011485E+000, 1.0596978363991820E+001
-1.5697100000011486E+000,-1.5697100000011486E+000, 1.0596941138911607E+001
-1.5687100000011487E+000,-1.5687100000011487E+000, 1.0596903780590051E+001
-1.5677100000011488E+000,-1.5677100000011488E+000, 1.0596866288774654E+001
-1.5667100000011489E+000,-1.5667100000011489E+000, 1.0596828663177259E+001
-1.5657100000011490E+000,-1.5657100000011490E+000, 1.0596790903524093E+001
-1.5647100000011491E+000,-1.5647100000011491E+000, 1.0596753009534392E+001
-1.5637100000011492E+000,-1.5637100000011492E+000, 1.0596714980932108E+001
-1.5627100000011493E+000,-1.5627100000011493E+000, 1.0596676817433856E+001
-1.5617100000011495E+000,-1.5617100000011495E+000, 1.0596638518738773E+001
-1.5607100000011496E+000,-1.5607100000011496E+000, 1.0596600084573495E+001
-1.5597100000011497E+000,-1.5597100000011497E+000, 1.0596561514633526E+001
-1.5587100000011498E+000,-1.5587100000011498E+000, 1.0596522808628860E+001
-1.5577100000011499E+000,-1.5577100000011499E+000, 1.0596483966265364E+001
-1.5567100000011500E+000,-1.5567100000011500E+000, 1.0596444987222881E+001
-1.5557100000011501E+000,-1.5557100000011501E+000, 1.0596405871219869E+001
-1.5547100000011502E+000,-1.5547100000011502E+000, 1.0596366617942218E+001
-1.5537100000011503E+000,-1.5537100000011503E+000, 1.0596327227076539E+001
-1.5527100000011504E+000,-1.5527100000011504E+000, 1.0596287698305131E+001
-1.5517100000011506E+000,-1.5517100000011506E+000, 1.0596248031331701E+001
-1.5507100000011507E+000,-1.5507100000011507E+000, 1.0596208225820334E+001
-1.5497100000011508E+000,-1.5497100000011508E+000, 1.0596168281459709E+001
-1.5487100000011509E+000,-1.5487100000011509E+000, 1.0596128197910113E+001
-1.5477100000011510E+000,-1.5477100000011510E+000, 1.0596087974871880E+001
-1.5467100000011511E+000,-1.5467100000011511E+000, 1.0596047611996989E+001
-1.5457100000011512E+000,-1.5457100000011512E+000, 1.0596007108944967E+001
-1.5447100000011513E+000,-1.5447100000011513E+000, 1.0595966465403780E+001
-1.5437100000011514E+000,-1.5437100000011514E+000, 1.0595925681018542E+001
-1.5427100000011515E+000,-1.5427100000011515E+000, 1.0595884755447884E+001
-1.5417100000011517E+000,-1.5417100000011517E+000, 1.0595843688354396E+001
-1.5407100000011518E+000,-1.5407100000011518E+000, 1.0595802479380575E+001
-1.5397100000011519E+000,-1.5397100000011519E+000, 1.0595761128193569E+001
-1.5387100000011520E+000,-1.5387100000011520E+000, 1.0595719634414939E+001
-1.5377100000011521E+000,-1.5377100000011521E+000, 1.0595677997694548E+001
-1.5367100000011522E+000,-1.5367100000011522E+000, 1.0595636217693242E+001
-1.5357100000011523E+000,-1.5357100000011523E+000, 1.0595594294025593E+001
-1.5347100000011524E+000,-1.5347100000011524E+000, 1.0595552226333865E+001
-1.5337100000011525E+000,-1.5337100000011525E+000, 1.0595510014248182E+001
-1.5327100000011527E+000,-1.5327100000011527E+000, 1.0595467657388445E+001
-1.5317100000011528E+000,-1.5317100000011528E+000, 1.0595425155391700E+001
-1.5307100000011529E+000,-1.5307100000011529E+000, 1.0595382507865807E+001
-1.5297100000011530E+000,-1.5297100000011530E+000, 1.0595339714432807E+001
-1.5287100000011531E+000,-1.5287100000011531E+000, 1.0595296774708324E+001
-1.5277100000011532E+000,-1.5277100000011532E+000, 1.0595253688305824E+001
-1.5267100000011533E+000,-1.5267100000011533E+000, 1.0595210454833826E+001
-1.5257100000011534E+000,-1.5257100000011534E+000, 1.0595167073879777E+001
-1.5247100000011535E+000,-1.5247100000011535E+000, 1.0595123545076262E+001
-1.5237100000011536E+000,-1.5237100000011536E+000, 1.0595079867985916E+001
-1.5227100000011538E+000,-1.5227100000011538E+000, 1.0595036042235481E+001
-1.5217100000011539E+000,-1.5217100000011539E+000, 1.0594992067385357E+001
-1.5207100000011540E+000,-1.5207100000011540E+000, 1.0594947943048671E+001
-1.5197100000011541E+000,-1.5197100000011541E+000, 1.0594903668779533E+001
-1.5187100000011542E+000,-1.5187100000011542E+000, 1.0594859244188818E+001
-1.5177100000011543E+000,-1.5177100000011543E+000, 1.0594814668836388E+001
-1.5167100000011544E+000,-1.5167100000011544E+000, 1.0594769942304978E+001
-1.5157100000011545E+000,-1.5157100000011545E+000, 1.0594725064155421E+001
-1.5147100000011546E+000,-1.5147100000011546E+000, 1.0594680033953543E+001
-1.5137100000011547E+000,-1.5137100000011547E+000, 1.0594634851269090E+001
-1.5127100000011549E+000,-1.5127100000011549E+000, 1.0594589515659182E+001
-1.5117100000011550E+000,-1.5117100000011550E+000, 1.0594544026671640E+001
-1.5107100000011551E+000,-1.5107100000011551E+000, 1.0594498383860211E+001
-1.5097100000011552E+000,-1.5097100000011552E+000, 1.0594452586771734E+001
-1.5087100000011553E+000,-1.5087100000011553E+000, 1.0594406634964157E+001
-1.5077100000011554E+000,-1.5077100000011554E+000, 1.0594360527953363E+001
-1.5067100000011555E+000,-1.5067100000011555E+000, 1.0594314265291315E+001
-1.5057100000011556E+000,-1.5057100000011556E+000, 1.0594267846508284E+001
-1.5047100000011557E+000,-1.5047100000011557E+000, 1.0594221271134815E+001
-1.5037100000011558E+000,-1.5037100000011558E+000, 1.0594174538692620E+001
-1.5027100000011560E+000,-1.5027100000011560E+000, 1.0594127648694982E+001
-1.5017100000011561E+000,-1.5017100000011561E+000, 1.0594080600658598E+001
-1.5007100000011562E+000,-1.5007100000011562E+000, 1.0594033394110111E+001
-1.4997100000011563E+000,-1.4997100000011563E+000, 1.0593986028560238E+001
-1.4987100000011564E+000,-1.4987100000011564E+000, 1.0593938503486168E+001
-1.4977100000011565E+000,-1.4977100000011565E+000, 1.0593890818418412E+001
-1.4967100000011566E+000,-1.4967100000011566E+000, 1.0593842972838722E+001
-1.4957100000011567E+000,-1.4957100000011567E+000, 1.0593794966227419E+001
-1.4947100000011568E+000,-1.4947100000011568E+000, 1.0593746798089814E+001
-1.4937100000011569E+000,-1.4937100000011569E+000, 1.0593698467920996E+001
-1.4927100000011571E+000,-1.4927100000011571E+000, 1.0593649975182901E+001
-1.4917100000011572E+000,-1.4917100000011572E+000, 1.0593601319341554E+001
-1.4907100000011573E+000,-1.4907100000011573E+000, 1.0593552499893516E+001
-1.4897100000011574E+000,-1.4897100000011574E+000, 1.0593503516269388E+001
-1.4887100000011575E+000,-1.4887100000011575E+000, 1.0593454367974797E+001
-1.4877100000011576E+000,-1.4877100000011576E+000, 1.0593405054433854E+001
-1.4867100000011577E+000,-1.4867100000011577E+000, 1.0593355575118229E+001
-1.4857100000011578E+000,-1.4857100000011578E+000, 1.0593305929469231E+001
-1.4847100000011579E+000,-1.4847100000011579E+000, 1.0593256116923259E+001
-1.4837100000011580E+000,-1.4837100000011580E+000, 1.0593206136931437E+001
-1.4827100000011582E+000,-1.4827100000011582E+000, 1.0593155988932923E+001
-1.4817100000011583E+000,-1.4817100000011583E+000, 1.0593105672351980E+001
-1.4807100000011584E+000,-1.4807100000011584E+000, 1.0593055186612412E+001
-1.4797100000011585E+000,-1.4797100000011585E+000, 1.0593004531133136E+001
-1.4787100000011586E+000,-1.4787100000011586E+000, 1.0592953705330871E+001
-1.4777100000011587E+000,-1.4777100000011587E+000, 1.0592902708636668E+001
-1.4767100000011588E+000,-1.4767100000011588E+000, 1.0592851540429564E+001
-1.4757100000011589E+000,-1.4757100000011589E+000, 1.0592800200111222E+001
-1.4747100000011590E+000,-1.4747100000011590E+000, 1.0592748687109099E+001
-1.4737100000011591E+000,-1.4737100000011591E+000, 1.0592697000784350E+001
-1.4727100000011593E+000,-1.4727100000011593E+000, 1.0592645140540487E+001
-1.4717100000011594E+000,-1.4717100000011594E+000, 1.0592593105745557E+001
-1.4707100000011595E+000,-1.4707100000011595E+000, 1.0592540895798692E+001
-1.4697100000011596E+000,-1.4697100000011596E+000, 1.0592488510046834E+001
-1.4687100000011597E+000,-1.4687100000011597E+000, 1.0592435947870296E+001
-1.4677100000011598E+000,-1.4677100000011598E+000, 1.0592383208635580E+001
-1.4667100000011599E+000,-1.4667100000011599E+000, 1.0592330291676364E+001
-1.4657100000011600E+000,-1.4657100000011600E+000, 1.0592277196364806E+001
-1.4647100000011601E+000,-1.4647100000011601E+000, 1.0592223922033435E+001
-1.4637100000011602E+000,-1.4637100000011602E+000, 1.0592170468037176E+001
-1.4627100000011604E+000,-1.4627100000011604E+000, 1.0592116833688644E+001
-1.4617100000011605E+000,-1.4617100000011605E+000, 1.0592063018342309E+001
-1.4607100000011606E+000,-1.4607100000011606E+000, 1.0592009021286943E+001
-1.4597100000011607E+000,-1.4597100000011607E+000, 1.0591954841882673E+001
-1.4587100000011608E+000,-1.4587100000011608E+000, 1.0591900479413033E+001
-1.4577100000011609E+000,-1.4577100000011609E+000, 1.0591845933179300E+001
-1.4567100000011610E+000,-1.4567100000011610E+000, 1.0591791202523639E+001
-1.4557100000011611E+000,-1.4557100000011611E+000, 1.0591736286687539E+001
-1.4547100000011612E+000,-1.4547100000011612E+000, 1.0591681184989579E+001
-1.4537100000011614E+000,-1.4537100000011614E+000, 1.0591625896704842E+001
-1.4527100000011615E+000,-1.4527100000011615E+000, 1.0591570421126670E+001
-1.4517100000011616E+000,-1.4517100000011616E+000, 1.0591514757494586E+001
-1.4507100000011617E+000,-1.4507100000011617E+000, 1.0591458905100039E+001
-1.4497100000011618E+000,-1.4497100000011618E+000, 1.0591402863197054E+001
-1.4487100000011619E+000,-1.4487100000011619E+000, 1.0591346631026976E+001
-1.4477100000011620E+000,-1.4477100000011620E+000, 1.0591290207854330E+001
-1.4467100000011621E+000,-1.4467100000011621E+000, 1.0591233592899986E+001
-1.4457100000011622E+000,-1.4457100000011622E+000, 1.0591176785408351E+001
-1.4447100000011623E+000,-1.4447100000011623E+000, 1.0591119784615685E+001
-1.4437100000011625E+000,-1.4437100000011625E+000, 1.0591062589719654E+001
-1.4427100000011626E+000,-1.4427100000011626E+000, 1.0591005199944100E+001
-1.4417100000011627E+000,-1.4417100000011627E+000, 1.0590947614508794E+001
-1.4407100000011628E+000,-1.4407100000011628E+000, 1.0590889832609982E+001
-1.4397100000011629E+000,-1.4397100000011629E+000, 1.0590831853425785E+001
-1.4387100000011630E+000,-1.4387100000011630E+000, 1.0590773676173573E+001
-1.4377100000011631E+000,-1.4377100000011631E+000, 1.0590715300001769E+001
-1.4367100000011632E+000,-1.4367100000011632E+000, 1.0590656724106971E+001
-1.4357100000011633E+000,-1.4357100000011633E+000, 1.0590597947633558E+001
-1.4347100000011634E+000,-1.4347100000011634E+000, 1.0590538969774771E+001
-1.4337100000011636E+000,-1.4337100000011636E+000, 1.0590479789652006E+001
-1.4327100000011637E+000,-1.4327100000011637E+000, 1.0590420406429320E+001
-1.4317100000011638E+000,-1.4317100000011638E+000, 1.0590360819223317E+001
-1.4307100000011639E+000,-1.4307100000011639E+000, 1.0590301027193467E+001
-1.4297100000011640E+000,-1.4297100000011640E+000, 1.0590241029441131E+001
-1.4287100000011641E+000,-1.4287100000011641E+000, 1.0590180825096761E+001
-1.4277100000011642E+000,-1.4277100000011642E+000, 1.0590120413251514E+001
-1.4267100000011643E+000,-1.4267100000011643E+000, 1.0590059793024826E+001
-1.4257100000011644E+000,-1.4257100000011644E+000, 1.0589998963496463E+001
-1.4247100000011645E+000,-1.4247100000011645E+000, 1.0589937923754254E+001
-1.4237100000011647E+000,-1.4237100000011647E+000, 1.0589876672882095E+001
-1.4227100000011648E+000,-1.4227100000011648E+000, 1.0589815209936111E+001
-1.4217100000011649E+000,-1.4217100000011649E+000, 1.0589753533990139E+001
-1.4207100000011650E+000,-1.4207100000011650E+000, 1.0589691644093357E+001
-1.4197100000011651E+000,-1.4197100000011651E+000, 1.0589629539277855E+001
-1.4187100000011652E+000,-1.4187100000011652E+000, 1.0589567218611165E+001
-1.4177100000011653E+000,-1.4177100000011653E+000, 1.0589504681084911E+001
-1.4167100000011654E+000,-1.4167100000011654E+000, 1.0589441925747209E+001
-1.4157100000011655E+000,-1.4157100000011655E+000, 1.0589378951580192E+001
-1.4147100000011656E+000,-1.4147100000011656E+000, 1.0589315757617189E+001
-1.4137100000011658E+000,-1.4137100000011658E+000, 1.0589252342841096E+001
-1.4127100000011659E+000,-1.4127100000011659E+000, 1.0589188706230217E+001
-1.4117100000011660E+000,-1.4117100000011660E+000, 1.0589124846763861E+001
-1.4107100000011661E+000,-1.4107100000011661E+000, 1.0589060763408593E+001
-1.4097100000011662E+000,-1.4097100000011662E+000, 1.0588996455127337E+001
-1.4087100000011663E+000,-1.4087100000011663E+000, 1.0588931920857615E+001
-1.4077100000011664E+000,-1.4077100000011664E+000, 1.0588867159564238E+001
-1.4067100000011665E+000,-1.4067100000011665E+000, 1.0588802170143349E+001
-1.4057100000011666E+000,-1.4057100000011666E+000, 1.0588736951529320E+001
-1.4047100000011667E+000,-1.4047100000011667E+000, 1.0588671502647374E+001
-1.4037100000011669E+000,-1.4037100000011669E+000, 1.0588605822375731E+001
-1.4027100000011670E+000,-1.4027100000011670E+000, 1.0588539909618675E+001
-1.4017100000011671E+000,-1.4017100000011671E+000, 1.0588473763268716E+001
-1.4007100000011672E+000,-1.4007100000011672E+000, 1.0588407382166107E+001
-1.3997100000011673E+000,-1.3997100000011673E+000, 1.0588340765202666E+001
-1.3987100000011674E+000,-1.3987100000011674E+000, 1.0588273911201139E+001
-1.3977100000011675E+000,-1.3977100000011675E+000, 1.0588206819027814E+001
-1.3967100000011676E+000,-1.3967100000011676E+000, 1.0588139487508178E+001
-1.3957100000011677E+000,-1.3957100000011677E+000, 1.0588071915450747E+001
-1.3947100000011678E+000,-1.3947100000011678E+000, 1.0588004101670984E+001
-1.3937100000011680E+000,-1.3937100000011680E+000, 1.0587936044961429E+001
-1.3927100000011681E+000,-1.3927100000011681E+000, 1.0587867744128825E+001
-1.3917100000011682E+000,-1.3917100000011682E+000, 1.0587799197924680E+001
-1.3907100000011683E+000,-1.3907100000011683E+000, 1.0587730405122032E+001
-1.3897100000011684E+000,-1.3897100000011684E+000, 1.0587661364473758E+001
-1.3887100000011685E+000,-1.3887100000011685E+000, 1.0587592074731326E+001
-1.3877100000011686E+000,-1.3877100000011686E+000, 1.0587522534619209E+001
-1.3867100000011687E+000,-1.3867100000011687E+000, 1.0587452742846981E+001
-1.3857100000011688E+000,-1.3857100000011688E+000, 1.0587382698139093E+001
-1.3847100000011690E+000,-1.3847100000011690E+000, 1.0587312399171676E+001
-1.3837100000011691E+000,-1.3837100000011691E+000, 1.0587241844648352E+001
-1.3827100000011692E+000,-1.3827100000011692E+000, 1.0587171033212918E+001
-1.3817100000011693E+000,-1.3817100000011693E+000, 1.0587099963555840E+001
-1.3807100000011694E+000,-1.3807100000011694E+000, 1.0587028634299063E+001
-1.3797100000011695E+000,-1.3797100000011695E+000, 1.0586957044075263E+001
-1.3787100000011696E+000,-1.3787100000011696E+000, 1.0586885191525171E+001
-1.3777100000011697E+000,-1.3777100000011697E+000, 1.0586813075226678E+001
-1.3767100000011698E+000,-1.3767100000011698E+000, 1.0586740693795022E+001
-1.3757100000011699E+000,-1.3757100000011699E+000, 1.0586668045811313E+001
-1.3747100000011701E+000,-1.3747100000011701E+000, 1.0586595129828289E+001
-1.3737100000011702E+000,-1.3737100000011702E+000, 1.0586521944411329E+001
-1.3727100000011703E+000,-1.3727100000011703E+000, 1.0586448488097021E+001
-1.3717100000011704E+000,-1.3717100000011704E+000, 1.0586374759408853E+001
-1.3707100000011705E+000,-1.3707100000011705E+000, 1.0586300756855087E+001
-1.3697100000011706E+000,-1.3697100000011706E+000, 1.0586226478935684E+001
-1.3687100000011707E+000,-1.3687100000011707E+000, 1.0586151924140495E+001
-1.3677100000011708E+000,-1.3677100000011708E+000, 1.0586077090932783E+001
-1.3667100000011709E+000,-1.3667100000011709E+000, 1.0586001977782177E+001
-1.3657100000011710E+000,-1.3657100000011710E+000, 1.0585926583083261E+001
-1.3647100000011712E+000,-1.3647100000011712E+000, 1.0585850905306106E+001
-1.3637100000011713E+000,-1.3637100000011713E+000, 1.0585774942826051E+001
-1.3627100000011714E+000,-1.3627100000011714E+000, 1.0585698694047895E+001
-1.3617100000011715E+000,-1.3617100000011715E+000, 1.0585622157360415E+001
-1.3607100000011716E+000,-1.3607100000011716E+000, 1.0585545331108309E+001
-1.3597100000011717E+000,-1.3597100000011717E+000, 1.0585468213627573E+001
-1.3587100000011718E+000,-1.3587100000011718E+000, 1.0585390803271693E+001
-1.3577100000011719E+000,-1.3577100000011719E+000, 1.0585313098330280E+001
-1.3567100000011720E+000,-1.3567100000011720E+000, 1.0585235097105064E+001
-1.3557100000011721E+000,-1.3557100000011721E+000, 1.0585156797881242E+001
-1.3547100000011723E+000,-1.3547100000011723E+000, 1.0585078198901385E+001
-1.3537100000011724E+000,-1.3537100000011724E+000, 1.0584999298427444E+001
-1.3527100000011725E+000,-1.3527100000011725E+000, 1.0584920094688080E+001
-1.3517100000011726E+000,-1.3517100000011726E+000, 1.0584840585856945E+001
-1.3507100000011727E+000,-1.3507100000011727E+000, 1.0584760770153077E+001
-1.3497100000011728E+000,-1.3497100000011728E+000, 1.0584680645751417E+001
-1.3487100000011729E+000,-1.3487100000011729E+000, 1.0584600210777845E+001
-1.3477100000011730E+000,-1.3477100000011730E+000, 1.0584519463398349E+001
-1.3467100000011731E+000,-1.3467100000011731E+000, 1.0584438401694522E+001
-1.3457100000011732E+000,-1.3457100000011732E+000, 1.0584357023784925E+001
-1.3447100000011734E+000,-1.3447100000011734E+000, 1.0584275327737551E+001
-1.3437100000011735E+000,-1.3437100000011735E+000, 1.0584193311602226E+001
-1.3427100000011736E+000,-1.3427100000011736E+000, 1.0584110973426569E+001
-1.3417100000011737E+000,-1.3417100000011737E+000, 1.0584028311223028E+001
-1.3407100000011738E+000,-1.3407100000011738E+000, 1.0583945322980195E+001
-1.3397100000011739E+000,-1.3397100000011739E+000, 1.0583862006672657E+001
-1.3387100000011740E+000,-1.3387100000011740E+000, 1.0583778360253815E+001
-1.3377100000011741E+000,-1.3377100000011741E+000, 1.0583694381650973E+001
-1.3367100000011742E+000,-1.3367100000011742E+000, 1.0583610068790012E+001
-1.3357100000011743E+000,-1.3357100000011743E+000, 1.0583525419541214E+001
-1.3347100000011745E+000,-1.3347100000011745E+000, 1.0583440431774077E+001
-1.3337100000011746E+000,-1.3337100000011746E+000, 1.0583355103318972E+001
-1.3327100000011747E+000,-1.3327100000011747E+000, 1.0583269432022698E+001
-1.3317100000011748E+000,-1.3317100000011748E+000, 1.0583183415662935E+001
-1.3307100000011749E+000,-1.3307100000011749E+000, 1.0583097052014887E+001
-1.3297100000011750E+000,-1.3297100000011750E+000, 1.0583010338827123E+001
-1.3287100000011751E+000,-1.3287100000011751E+000, 1.0582923273817450E+001
-1.3277100000011752E+000,-1.3277100000011752E+000, 1.0582835854693510E+001
-1.3267100000011753E+000,-1.3267100000011753E+000, 1.0582748079127695E+001
-1.3257100000011754E+000,-1.3257100000011754E+000, 1.0582659944770262E+001
-1.3247100000011756E+000,-1.3247100000011756E+000, 1.0582571449240028E+001
-1.3237100000011757E+000,-1.3237100000011757E+000, 1.0582482590135283E+001
-1.3227100000011758E+000,-1.3227100000011758E+000, 1.0582393365033967E+001
-1.3217100000011759E+000,-1.3217100000011759E+000, 1.0582303771467139E+001
-1.3207100000011760E+000,-1.3207100000011760E+000, 1.0582213806961795E+001
-1.3197100000011761E+000,-1.3197100000011761E+000, 1.0582123469006893E+001
-1.3187100000011762E+000,-1.3187100000011762E+000, 1.0582032755056876E+001
-1.3177100000011763E+000,-1.3177100000011763E+000, 1.0581941662549347E+001
-1.3167100000011764E+000,-1.3167100000011764E+000, 1.0581850188889277E+001
-1.3157100000011765E+000,-1.3157100000011765E+000, 1.0581758331450121E+001
-1.3147100000011767E+000,-1.3147100000011767E+000, 1.0581666087574035E+001
-1.3137100000011768E+000,-1.3137100000011768E+000, 1.0581573454584266E+001
-1.3127100000011769E+000,-1.3127100000011769E+000, 1.0581480429757013E+001
-1.3117100000011770E+000,-1.3117100000011770E+000, 1.0581387010349285E+001
-1.3107100000011771E+000,-1.3107100000011771E+000, 1.0581293193579301E+001
-1.3097100000011772E+000,-1.3097100000011772E+000, 1.0581198976644851E+001
-1.3087100000011773E+000,-1.3087100000011773E+000, 1.0581104356701784E+001
-1.3077100000011774E+000,-1.3077100000011774E+000, 1.0581009330866937E+001
-1.3067100000011775E+000,-1.3067100000011775E+000, 1.0580913896240544E+001
-1.3057100000011777E+000,-1.3057100000011777E+000, 1.0580818049872233E+001
-1.3047100000011778E+000,-1.3047100000011778E+000, 1.0580721788799735E+001
-1.3037100000011779E+000,-1.3037100000011779E+000, 1.0580625109996841E+001
-1.3027100000011780E+000,-1.3027100000011780E+000, 1.0580528010418357E+001
-1.3017100000011781E+000,-1.3017100000011781E+000, 1.0580430486986337E+001
-1.3007100000011782E+000,-1.3007100000011782E+000, 1.0580332536580567E+001
-1.2997100000011783E+000,-1.2997100000011783E+000, 1.0580234156039442E+001
-1.2987100000011784E+000,-1.2987100000011784E+000, 1.0580135342165871E+001
-1.2977100000011785E+000,-1.2977100000011785E+000, 1.0580036091735094E+001
-1.2967100000011786E+000,-1.2967100000011786E+000, 1.0579936401474932E+001
-1.2957100000011788E+000,-1.2957100000011788E+000, 1.0579836268063476E+001
-1.2947100000011789E+000,-1.2947100000011789E+000, 1.0579735688151981E+001
-1.2937100000011790E+000,-1.2937100000011790E+000, 1.0579634658355165E+001
-1.2927100000011791E+000,-1.2927100000011791E+000, 1.0579533175242059E+001
-1.2917100000011792E+000,-1.2917100000011792E+000, 1.0579431235316644E+001
-1.2907100000011793E+000,-1.2907100000011793E+000, 1.0579328835075703E+001
-1.2897100000011794E+000,-1.2897100000011794E+000, 1.0579225970949546E+001
-1.2887100000011795E+000,-1.2887100000011795E+000, 1.0579122639338957E+001
-1.2877100000011796E+000,-1.2877100000011796E+000, 1.0579018836585135E+001
-1.2867100000011797E+000,-1.2867100000011797E+000, 1.0578914559000609E+001
-1.2857100000011799E+000,-1.2857100000011799E+000, 1.0578809802824397E+001
-1.2847100000011800E+000,-1.2847100000011800E+000, 1.0578704564277132E+001
-1.2837100000011801E+000,-1.2837100000011801E+000, 1.0578598839518577E+001
-1.2827100000011802E+000,-1.2827100000011802E+000, 1.0578492624658448E+001
-1.2817100000011803E+000,-1.2817100000011803E+000, 1.0578385915752879E+001
-1.2807100000011804E+000,-1.2807100000011804E+000, 1.0578278708834176E+001
-1.2797100000011805E+000,-1.2797100000011805E+000, 1.0578170999839465E+001
-1.2787100000011806E+000,-1.2787100000011806E+000, 1.0578062784686319E+001
-1.2777100000011807E+000,-1.2777100000011807E+000, 1.0577954059231612E+001
-1.2767100000011808E+000,-1.2767100000011808E+000, 1.0577844819276548E+001
-1.2757100000011810E+000,-1.2757100000011810E+000, 1.0577735060572232E+001
-1.2747100000011811E+000,-1.2747100000011811E+000, 1.0577624778798249E+001
-1.2737100000011812E+000,-1.2737100000011812E+000, 1.0577513969589861E+001
-1.2727100000011813E+000,-1.2727100000011813E+000, 1.0577402628527857E+001
-1.2717100000011814E+000,-1.2717100000011814E+000, 1.0577290751135068E+001
-1.2707100000011815E+000,-1.2707100000011815E+000, 1.0577178332849398E+001
-1.2697100000011816E+000,-1.2697100000011816E+000, 1.0577065369094042E+001
-1.2687100000011817E+000,-1.2687100000011817E+000, 1.0576951855179509E+001
-1.2677100000011818E+000,-1.2677100000011818E+000, 1.0576837786387319E+001
-1.2667100000011819E+000,-1.2667100000011819E+000, 1.0576723157917892E+001
-1.2657100000011821E+000,-1.2657100000011821E+000, 1.0576607964921369E+001
-1.2647100000011822E+000,-1.2647100000011822E+000, 1.0576492202473212E+001
-1.2637100000011823E+000,-1.2637100000011823E+000, 1.0576375865575848E+001
-1.2627100000011824E+000,-1.2627100000011824E+000, 1.0576258949173432E+001
-1.2617100000011825E+000,-1.2617100000011825E+000, 1.0576141448119705E+001
-1.2607100000011826E+000,-1.2607100000011826E+000, 1.0576023357219963E+001
-1.2597100000011827E+000,-1.2597100000011827E+000, 1.0575904671199963E+001
-1.2587100000011828E+000,-1.2587100000011828E+000, 1.0575785384707013E+001
-1.2577100000011829E+000,-1.2577100000011829E+000, 1.0575665492318413E+001
-1.2567100000011830E+000,-1.2567100000011830E+000, 1.0575544988520182E+001
-1.2557100000011832E+000,-1.2557100000011832E+000, 1.0575423867737548E+001
-1.2547100000011833E+000,-1.2547100000011833E+000, 1.0575302124306242E+001
-1.2537100000011834E+000,-1.2537100000011834E+000, 1.0575179752490111E+001
-1.2527100000011835E+000,-1.2527100000011835E+000, 1.0575056746452137E+001
-1.2517100000011836E+000,-1.2517100000011836E+000, 1.0574933100285786E+001
-1.2507100000011837E+000,-1.2507100000011837E+000, 1.0574808807989308E+001
-1.2497100000011838E+000,-1.2497100000011838E+000, 1.0574683863486456E+001
-1.2487100000011839E+000,-1.2487100000011839E+000, 1.0574558260591216E+001
-1.2477100000011840E+000,-1.2477100000011840E+000, 1.0574431993049297E+001
-1.2467100000011841E+000,-1.2467100000011841E+000, 1.0574305054493689E+001
-1.2457100000011843E+000,-1.2457100000011843E+000, 1.0574177438464396E+001
-1.2447100000011844E+000,-1.2447100000011844E+000, 1.0574049138422788E+001
-1.2437100000011845E+000,-1.2437100000011845E+000, 1.0573920147704213E+001
-1.2427100000011846E+000,-1.2427100000011846E+000, 1.0573790459565645E+001
-1.2417100000011847E+000,-1.2417100000011847E+000, 1.0573660067151842E+001
-1.2407100000011848E+000,-1.2407100000011848E+000, 1.0573528963504479E+001
-1.2397100000011849E+000,-1.2397100000011849E+000, 1.0573397141552888E+001
-1.2387100000011850E+000,-1.2387100000011850E+000, 1.0573264594117694E+001
-1.2377100000011851E+000,-1.2377100000011851E+000, 1.0573131313927474E+001
-1.2367100000011853E+000,-1.2367100000011853E+000, 1.0572997293561318E+001
-1.2357100000011854E+000,-1.2357100000011854E+000, 1.0572862525518582E+001
-1.2347100000011855E+000,-1.2347100000011855E+000, 1.0572727002153419E+001
-1.2337100000011856E+000,-1.2337100000011856E+000, 1.0572590715710515E+001
-1.2327100000011857E+000,-1.2327100000011857E+000, 1.0572453658314299E+001
-1.2317100000011858E+000,-1.2317100000011858E+000, 1.0572315821946910E+001
-1.2307100000011859E+000,-1.2307100000011859E+000, 1.0572177198483447E+001
-1.2297100000011860E+000,-1.2297100000011860E+000, 1.0572037779648999E+001
-1.2287100000011861E+000,-1.2287100000011861E+000, 1.0571897557044219E+001
-1.2277100000011862E+000,-1.2277100000011862E+000, 1.0571756522127064E+001
-1.2267100000011864E+000,-1.2267100000011864E+000, 1.0571614666215826E+001
-1.2257100000011865E+000,-1.2257100000011865E+000, 1.0571471980494607E+001
-1.2247100000011866E+000,-1.2247100000011866E+000, 1.0571328455978922E+001
-1.2237100000011867E+000,-1.2237100000011867E+000, 1.0571184083562173E+001
-1.2227100000011868E+000,-1.2227100000011868E+000, 1.0571038853959065E+001
-1.2217100000011869E+000,-1.2217100000011869E+000, 1.0570892757744920E+001
-1.2207100000011870E+000,-1.2207100000011870E+000, 1.0570745785327258E+001
-1.2197100000011871E+000,-1.2197100000011871E+000, 1.0570597926950917E+001
-1.2187100000011872E+000,-1.2187100000011872E+000, 1.0570449172690550E+001
-1.2177100000011873E+000,-1.2177100000011873E+000, 1.0570299512453847E+001
-1.2167100000011875E+000,-1.2167100000011875E+000, 1.0570148935970227E+001
-1.2157100000011876E+000,-1.2157100000011876E+000, 1.0569997432792446E+001
-1.2147100000011877E+000,-1.2147100000011877E+000, 1.0569844992287699E+001
-1.2137100000011878E+000,-1.2137100000011878E+000, 1.0569691603632254E+001
-1.2127100000011879E+000,-1.2127100000011879E+000, 1.0569537255814023E+001
-1.2117100000011880E+000,-1.2117100000011880E+000, 1.0569381937625858E+001
-1.2107100000011881E+000,-1.2107100000011881E+000, 1.0569225637651497E+001
-1.2097100000011882E+000,-1.2097100000011882E+000, 1.0569068344281824E+001
-1.2087100000011883E+000,-1.2087100000011883E+000, 1.0568910045672832E+001
-1.2077100000011884E+000,-1.2077100000011884E+000, 1.0568750729784680E+001
-1.2067100000011886E+000,-1.2067100000011886E+000, 1.0568590384351113E+001
-1.2057100000011887E+000,-1.2057100000011887E+000, 1.0568428996878623E+001
-1.2047100000011888E+000,-1.2047100000011888E+000, 1.0568266554634048E+001
-1.2037100000011889E+000,-1.2037100000011889E+000, 1.0568103044648101E+001
-1.2027100000011890E+000,-1.2027100000011890E+000, 1.0567938453718787E+001
-1.2017100000011891E+000,-1.2017100000011891E+000, 1.0567772768376825E+001
-1.2007100000011892E+000,-1.2007100000011892E+000, 1.0567605974901966E+001
-1.1997100000011893E+000,-1.1997100000011893E+000, 1.0567438059308587E+001
-1.1987100000011894E+000,-1.1987100000011894E+000, 1.0567269007352008E+001
-1.1977100000011895E+000,-1.1977100000011895E+000, 1.0567098804489003E+001
-1.1967100000011897E+000,-1.1967100000011897E+000, 1.0566927435919331E+001
-1.1957100000011898E+000,-1.1957100000011898E+000, 1.0566754886520847E+001
-1.1947100000011899E+000,-1.1947100000011899E+000, 1.0566581140888269E+001
-1.1937100000011900E+000,-1.1937100000011900E+000, 1.0566406183308342E+001
-1.1927100000011901E+000,-1.1927100000011901E+000, 1.0566229997747021E+001
-1.1917100000011902E+000,-1.1917100000011902E+000, 1.0566052567850724E+001
-1.1907100000011903E+000,-1.1907100000011903E+000, 1.0565873876933180E+001
-1.1897100000011904E+000,-1.1897100000011904E+000, 1.0565693907957646E+001
-1.1887100000011905E+000,-1.1887100000011905E+000, 1.0565512643546107E+001
-1.1877100000011906E+000,-1.1877100000011906E+000, 1.0565330065953400E+001
-1.1867100000011908E+000,-1.1867100000011908E+000, 1.0565146157056272E+001
-1.1857100000011909E+000,-1.1857100000011909E+000, 1.0564960898373265E+001
-1.1847100000011910E+000,-1.1847100000011910E+000, 1.0564774271003753E+001
-1.1837100000011911E+000,-1.1837100000011911E+000, 1.0564586255659981E+001
-1.1827100000011912E+000,-1.1827100000011912E+000, 1.0564396832630111E+001
-1.1817100000011913E+000,-1.1817100000011913E+000, 1.0564205981787390E+001
-1.1807100000011914E+000,-1.1807100000011914E+000, 1.0564013682554188E+001
-1.1797100000011915E+000,-1.1797100000011915E+000, 1.0563819913907125E+001
-1.1787100000011916E+000,-1.1787100000011916E+000, 1.0563624654355715E+001
-1.1777100000011917E+000,-1.1777100000011917E+000, 1.0563427881926783E+001
-1.1767100000011919E+000,-1.1767100000011919E+000, 1.0563229574163396E+001
-1.1757100000011920E+000,-1.1757100000011920E+000, 1.0563029708085022E+001
-1.1747100000011921E+000,-1.1747100000011921E+000, 1.0562828260216230E+001
-1.1737100000011922E+000,-1.1737100000011922E+000, 1.0562625206510745E+001
-1.1727100000011923E+000,-1.1727100000011923E+000, 1.0562420522380730E+001
-1.1717100000011924E+000,-1.1717100000011924E+000, 1.0562214182672076E+001
-1.1707100000011925E+000,-1.1707100000011925E+000, 1.0562006161626554E+001
-1.1697100000011926E+000,-1.1697100000011926E+000, 1.0561796432885711E+001
-1.1687100000011927E+000,-1.1687100000011927E+000, 1.0561584969460245E+001
-1.1677100000011928E+000,-1.1677100000011928E+000, 1.0561371743710412E+001
-1.1667100000011930E+000,-1.1667100000011930E+000, 1.0561156727333227E+001
-1.1657100000011931E+000,-1.1657100000011931E+000, 1.0560939891326862E+001
-1.1647100000011932E+000,-1.1647100000011932E+000, 1.0560721205982386E+001
-1.1637100000011933E+000,-1.1637100000011933E+000, 1.0560500640852165E+001
-1.1627100000011934E+000,-1.1627100000011934E+000, 1.0560278164728199E+001
-1.1617100000011935E+000,-1.1617100000011935E+000, 1.0560053745610643E+001
-1.1607100000011936E+000,-1.1607100000011936E+000, 1.0559827350697383E+001
-1.1597100000011937E+000,-1.1597100000011937E+000, 1.0559598946334722E+001
-1.1587100000011938E+000,-1.1587100000011938E+000, 1.0559368498003721E+001
-1.1577100000011940E+000,-1.1577100000011940E+000, 1.0559135970292221E+001
-1.1567100000011941E+000,-1.1567100000011941E+000, 1.0558901326842948E+001
-1.1557100000011942E+000,-1.1557100000011942E+000, 1.0558664530351733E+001
-1.1547100000011943E+000,-1.1547100000011943E+000, 1.0558425542507768E+001
-1.1537100000011944E+000,-1.1537100000011944E+000, 1.0558184323963371E+001
-1.1527100000011945E+000,-1.1527100000011945E+000, 1.0557940834313866E+001
-1.1517100000011946E+000,-1.1517100000011946E+000, 1.0557695032030798E+001
-1.1507100000011947E+000,-1.1507100000011947E+000, 1.0557446874447450E+001
-1.1497100000011948E+000,-1.1497100000011948E+000, 1.0557196317699612E+001
-1.1487100000011949E+000,-1.1487100000011949E+000, 1.0556943316683501E+001
-1.1477100000011951E+000,-1.1477100000011951E+000, 1.0556687825018983E+001
-1.1467100000011952E+000,-1.1467100000011952E+000, 1.0556429794987555E+001
-1.1457100000011953E+000,-1.1457100000011953E+000, 1.0556169177491983E+001
-1.1447100000011954E+000,-1.1447100000011954E+000, 1.0555905921996120E+001
-1.1437100000011955E+000,-1.1437100000011955E+000, 1.0555639976465656E+001
-1.1427100000011956E+000,-1.1427100000011956E+000, 1.0555371287326460E+001
-1.1417100000011957E+000,-1.1417100000011957E+000, 1.0555099799377897E+001
-1.1407100000011958E+000,-1.1407100000011958E+000, 1.0554825455750681E+001
-1.1397100000011959E+000,-1.1397100000011959E+000, 1.0554548197820230E+001
-1.1387100000011960E+000,-1.1387100000011960E+000, 1.0554267965148645E+001
-1.1377100000011962E+000,-1.1377100000011962E+000, 1.0553984695406328E+001
-1.1367100000011963E+000,-1.1367100000011963E+000, 1.0553698324279596E+001
-1.1357100000011964E+000,-1.1357100000011964E+000, 1.0553408785408786E+001
-1.1347100000011965E+000,-1.1347100000011965E+000, 1.0553116010284791E+001
-1.1337100000011966E+000,-1.1337100000011966E+000, 1.0552819928160853E+001
-1.1327100000011967E+000,-1.1327100000011967E+000, 1.0552520465961317E+001
-1.1317100000011968E+000,-1.1317100000011968E+000, 1.0552217548164847E+001
-1.1307100000011969E+000,-1.1307100000011969E+000, 1.0551911096703009E+001
-1.1297100000011970E+000,-1.1297100000011970E+000, 1.0551601030855497E+001
-1.1287100000011971E+000,-1.1287100000011971E+000, 1.0551287267108309E+001
-1.1277100000011973E+000,-1.1277100000011973E+000, 1.0550969719045160E+001
-1.1267100000011974E+000,-1.1267100000011974E+000, 1.0550648297197563E+001
-1.1257100000011975E+000,-1.1257100000011975E+000, 1.0550322908912625E+001
-1.1247100000011976E+000,-1.1247100000011976E+000, 1.0549993458192501E+001
-1.1237100000011977E+000,-1.1237100000011977E+000, 1.0549659845535219E+001
-1.1227100000011978E+000,-1.1227100000011978E+000, 1.0549321967768304E+001
-1.1217100000011979E+000,-1.1217100000011979E+000, 1.0548979717860215E+001
-1.1207100000011980E+000,-1.1207100000011980E+000, 1.0548632984739353E+001
-1.1197100000011981E+000,-1.1197100000011981E+000, 1.0548281653075938E+001
-1.1187100000011982E+000,-1.1187100000011982E+000, 1.0547925603071798E+001
-1.1177100000011984E+000,-1.1177100000011984E+000, 1.0547564710229196E+001
-1.1167100000011985E+000,-1.1167100000011985E+000, 1.0547198845106115E+001
-1.1157100000011986E+000,-1.1157100000011986E+000, 1.0546827873041160E+001
-1.1147100000011987E+000,-1.1147100000011987E+000, 1.0546451653891834E+001
-1.1137100000011988E+000,-1.1137100000011988E+000, 1.0546070041723572E+001
-1.1127100000011989E+000,-1.1127100000011989E+000, 1.0545682884494278E+001
-1.1117100000011990E+000,-1.1117100000011990E+000, 1.0545290023703572E+001
-1.1107100000011991E+000,-1.1107100000011991E+000, 1.0544891294046488E+001
-1.1097100000011992E+000,-1.1097100000011992E+000, 1.0544486522999332E+001
-1.1087100000011993E+000,-1.1087100000011993E+000, 1.0544075530416970E+001
-1.1077100000011995E+000,-1.1077100000011995E+000, 1.0543658128075066E+001
-1.1067100000011996E+000,-1.1067100000011996E+000, 1.0543234119181266E+001
-1.1057100000011997E+000,-1.1057100000011997E+000, 1.0542803297863495E+001
-1.1047100000011998E+000,-1.1047100000011998E+000, 1.0542365448605496E+001
-1.1037100000011999E+000,-1.1037100000011999E+000, 1.0541920345648141E+001
-1.1027100000012000E+000,-1.1027100000012000E+000, 1.0541467752325261E+001
-1.1017100000012001E+000,-1.1017100000012001E+000, 1.0541007420378033E+001
-1.1007100000012002E+000,-1.1007100000012002E+000, 1.0540539089182817E+001
-1.0997100000012003E+000,-1.0997100000012003E+000, 1.0540062484932337E+001
-1.0987100000012004E+000,-1.0987100000012004E+000, 1.0539577319748364E+001
-1.0977100000012006E+000,-1.0977100000012006E+000, 1.0539083290712654E+001
-1.0967100000012007E+000,-1.0967100000012007E+000, 1.0538580078816956E+001
-1.0957100000012008E+000,-1.0957100000012008E+000, 1.0538067347824501E+001
-1.0947100000012009E+000,-1.0947100000012009E+000, 1.0537544743020977E+001
-1.0937100000012010E+000,-1.0937100000012010E+000, 1.0537011889868133E+001
-1.0927100000012011E+000,-1.0927100000012011E+000, 1.0536468392515653E+001
-1.0917100000012012E+000,-1.0917100000012012E+000, 1.0535913832188696E+001
-1.0907100000012013E+000,-1.0907100000012013E+000, 1.0535347765413055E+001
-1.0897100000012014E+000,-1.0897100000012014E+000, 1.0534769722068090E+001
-1.0887100000012015E+000,-1.0887100000012015E+000, 1.0534179203253366E+001
-1.0877100000012017E+000,-1.0877100000012017E+000, 1.0533575678937940E+001
-1.0867100000012018E+000,-1.0867100000012018E+000, 1.0532958585367528E+001
-1.0857100000012019E+000,-1.0857100000012019E+000, 1.0532327322201851E+001
-1.0847100000012020E+000,-1.0847100000012020E+000, 1.0531681249349091E+001
-1.0837100000012021E+000,-1.0837100000012021E+000, 1.0531019683457325E+001
-1.0827100000012022E+000,-1.0827100000012022E+000, 1.0530341894016001E+001
-1.0817100000012023E+000,-1.0817100000012023E+000, 1.0529647099015698E+001
-1.0807100000012024E+000,-1.0807100000012024E+000, 1.0528934460121636E+001
-1.0797100000012025E+000,-1.0797100000012025E+000, 1.0528203077258675E+001
-1.0787100000012027E+000,-1.0787100000012027E+000, 1.0527451982567827E+001
-1.0777100000012028E+000,-1.0777100000012028E+000, 1.0526680133604387E+001
-1.0767100000012029E+000,-1.0767100000012029E+000, 1.0525886405702295E+001
-1.0757100000012030E+000,-1.0757100000012030E+000, 1.0525069583344456E+001
-1.0747100000012031E+000,-1.0747100000012031E+000, 1.0524228350420261E+001
-1.0737100000012032E+000,-1.0737100000012032E+000, 1.0523361279162184E+001
-1.0727100000012033E+000,-1.0727100000012033E+000, 1.0522466817586457E+001
-1.0717100000012034E+000,-1.0717100000012034E+000, 1.0521543275161648E+001
-1.0707100000012035E+000,-1.0707100000012035E+000, 1.0520588806427666E+001
-1.0697100000012036E+000,-1.0697100000012036E+000, 1.0519601392209676E+001
-1.0687100000012038E+000,-1.0687100000012038E+000, 1.0518578818013491E+001
-1.0677100000012039E+000,-1.0677100000012039E+000, 1.0517518649086870E+001
-1.0667100000012040E+000,-1.0667100000012040E+000, 1.0516418201553938E+001
-1.0657100000012041E+000,-1.0657100000012041E+000, 1.0515274508896155E+001
-1.0647100000012042E+000,-1.0647100000012042E+000, 1.0514084282876047E+001
-1.0637100000012043E+000,-1.0637100000012043E+000, 1.0512843867860880E+001
-1.0627100000012044E+000,-1.0627100000012044E+000, 1.0511549187224569E+001
-1.0617100000012045E+000,-1.0617100000012045E+000, 1.0510195680256567E+001
-1.0607100000012046E+000,-1.0607100000012046E+000, 1.0508778227653874E+001
-1.0597100000012047E+000,-1.0597100000012047E+000, 1.0507291063251424E+001
-1.0587100000012049E+000,-1.0587100000012049E+000, 1.0505727669163631E+001
-1.0577100000012050E+000,-1.0577100000012050E+000, 1.0504080650915700E+001
-1.0567100000012051E+000,-1.0567100000012051E+000, 1.0502341588478769E+001
-1.0557100000012052E+000,-1.0557100000012052E+000, 1.0500500858406856E+001
-1.0547100000012053E+000,-1.0547100000012053E+000, 1.0498547421560621E+001
-1.0537100000012054E+000,-1.0537100000012054E+000, 1.0496468570351421E+001
-1.0527100000012055E+000,-1.0527100000012055E+000, 1.0494249629353860E+001
-1.0517100000012056E+000,-1.0517100000012056E+000, 1.0491873507022817E+001
-1.0507100000012057E+000,-1.0507100000012057E+000, 1.0489320655082322E+001
-1.0497100000012058E+000,-1.0497100000012058E+000, 1.0486568094329822E+001
-1.0487100000012060E+000,-1.0487100000012060E+000, 1.0483589255614655E+001
-1.0477100000012061E+000,-1.0477100000012061E+000, 1.0480353421720068E+001
-1.0467100000012062E+000,-1.0467100000012062E+000, 1.0476825339585558E+001
-1.0457100000012063E+000,-1.0457100000012063E+000, 1.0472965418935173E+001
-1.0447100000012064E+000,-1.0447100000012064E+000, 1.0468728757577894E+001
-1.0437100000012065E+000,-1.0437100000012065E+000, 1.0464068199280764E+001
-1.0427100000012066E+000,-1.0427100000012066E+000, 1.0458935644867296E+001
-1.0417100000012067E+000,-1.0417100000012067E+000, 1.0453286571461685E+001
-1.0407100000012068E+000,-1.0407100000012068E+000, 1.0447086094064986E+001
-1.0397100000012069E+000,-1.0397100000012069E+000, 1.0440316128800244E+001
-1.0387100000012071E+000,-1.0387100000012071E+000, 1.0432981788716294E+001
-1.0377100000012072E+000,-1.0377100000012072E+000, 1.0425114371983845E+001
-1.0367100000012073E+000,-1.0367100000012073E+000, 1.0416768924093791E+001
-1.0357100000012074E+000,-1.0357100000012074E+000, 1.0408016581679927E+001
-1.0347100000012075E+000,-1.0347100000012075E+000, 1.0398934354422376E+001
-1.0337100000012076E+000,-1.0337100000012076E+000, 1.0389595816362361E+001
-1.0327100000012077E+000,-1.0327100000012077E+000, 1.0380064993866927E+001
-1.0317100000012078E+000,-1.0317100000012078E+000, 1.0370393835124865E+001
-1.0307100000012079E+000,-1.0307100000012079E+000, 1.0360622359423209E+001
-1.0297100000012080E+000,-1.0297100000012080E+000, 1.0350780256754474E+001
-1.0287100000012082E+000,-1.0287100000012082E+000, 1.0340888969102823E+001
-1.0277100000012083E+000,-1.0277100000012083E+000, 1.0330963690991588E+001
-1.0267100000012084E+000,-1.0267100000012084E+000, 1.0321015048434603E+001
-1.0257100000012085E+000,-1.0257100000012085E+000, 1.0311050404931551E+001
-1.0247100000012086E+000,-1.0247100000012086E+000, 1.0301074831180589E+001
-1.0237100000012087E+000,-1.0237100000012087E+000, 1.0291091803987294E+001
-1.0227100000012088E+000,-1.0227100000012088E+000, 1.0281103700271840E+001
-1.0217100000012089E+000,-1.0217100000012089E+000, 1.0271112141757373E+001
-1.0207100000012090E+000,-1.0207100000012090E+000, 1.0261118233399767E+001
-1.0197100000012091E+000,-1.0197100000012091E+000, 1.0251122727356213E+001
-1.0187100000012093E+000,-1.0187100000012093E+000, 1.0241126135305640E+001
-1.0177100000012094E+000,-1.0177100000012094E+000, 1.0231128805183976E+001
-1.0167100000012095E+000,-1.0167100000012095E+000, 1.0221130973514471E+001
-1.0157100000012096E+000,-1.0157100000012096E+000, 1.0211132801051232E+001
-1.0147100000012097E+000,-1.0147100000012097E+000, 1.0201134397036824E+001
-1.0137100000012098E+000,-1.0137100000012098E+000, 1.0191135835701544E+001
-1.0127100000012099E+000,-1.0127100000012099E+000, 1.0181137167481767E+001
-1.0117100000012100E+000,-1.0117100000012100E+000, 1.0171138426645474E+001
-1.0107100000012101E+000,-1.0107100000012101E+000, 1.0161139636474596E+001
-1.0097100000012103E+000,-1.0097100000012103E+000, 1.0151140812786881E+001
-1.0087100000012104E+000,-1.0087100000012104E+000, 1.0141141966328480E+001
-1.0077100000012105E+000,-1.0077100000012105E+000, 1.0131143104400419E+001
-1.0067100000012106E+000,-1.0067100000012106E+000, 1.0121144231962695E+001
-1.0057100000012107E+000,-1.0057100000012107E+000, 1.0111145352384971E+001
-1.0047100000012108E+000,-1.0047100000012108E+000, 1.0101146467956584E+001
-1.0037100000012109E+000,-1.0037100000012109E+000, 1.0091147580232779E+001
-1.0027100000012110E+000,-1.0027100000012110E+000, 1.0081148690270185E+001
-1.0017100000012111E+000,-1.0017100000012111E+000, 1.0071149798786674E+001
-1.0007100000012112E+000,-1.0007100000012112E+000, 1.0061150906269786E+001
-9.9971000000121124E-001,-9.9971000000121124E-001, 1.0051152013051011E+001
-9.9871000000121124E-001,-9.9871000000121124E-001, 1.0041153119355222E+001
-9.9771000000121124E-001,-9.9771000000121124E-001, 1.0031154225335476E+001
-9.9671000000121124E-001,-9.9671000000121124E-001, 1.0021155331095647E+001
-9.9571000000121124E-001,-9.9571000000121124E-001, 1.0011156436706258E+001
-9.9471000000121124E-001,-9.9471000000121124E-001, 1.0001157542215253E+001
-9.9371000000121124E-001,-9.9371000000121124E-001, 9.9911586476552685E+000
-9.9271000000121123E-001,-9.9271000000121123E-001, 9.9811597530483898E+000
-9.9171000000121123E-001,-9.9171000000121123E-001, 9.9711608584096396E+000
-9.9071000000121123E-001,-9.9071000000121123E-001, 9.9611619637492446E+000
-9.8971000000121123E-001,-9.8971000000121123E-001, 9.9511630690741626E+000
-9.8871000000121123E-001,-9.8871000000121123E-001, 9.9411641743890833E+000
-9.8771000000121123E-001,-9.8771000000121123E-001, 9.9311652796972645E+000
-9.8671000000121123E-001,-9.8671000000121123E-001, 9.9211663850007827E+000
-9.8571000000121123E-001,-9.8571000000121123E-001, 9.9111674903011515E+000
-9.8471000000121123E-001,-9.8471000000121123E-001, 9.9011685955994739E+000
-9.8371000000121123E-001,-9.8371000000121123E-001, 9.8911697008962811E+000
-9.8271000000121123E-001,-9.8271000000121123E-001, 9.8811708061921255E+000
-9.8171000000121122E-001,-9.8171000000121122E-001, 9.8711719114872807E+000
-9.8071000000121122E-001,-9.8071000000121122E-001, 9.8611730167820237E+000
-9.7971000000121122E-001,-9.7971000000121122E-001, 9.8511741220764435E+000
-9.7871000000121122E-001,-9.7871000000121122E-001, 9.8411752273706359E+000
-9.7771000000121122E-001,-9.7771000000121122E-001, 9.8311763326646950E+000
-9.7671000000121122E-001,-9.7671000000121122E-001, 9.8211774379586831E+000
-9.7571000000121122E-001,-9.7571000000121122E-001, 9.8111785432525682E+000
-9.7471000000121122E-001,-9.7471000000121122E-001, 9.8011796485464604E+000
-9.7371000000121122E-001,-9.7371000000121122E-001, 9.7911807538402744E+000
-9.7271000000121122E-001,-9.7271000000121122E-001, 9.7811818591340778E+000
-9.7171000000121122E-001,-9.7171000000121122E-001, 9.7711829644279060E+000
-9.7071000000121122E-001,-9.7071000000121122E-001, 9.7611840697216863E+000
-9.6971000000121121E-001,-9.6971000000121121E-001, 9.7511851750155003E+000
-9.6871000000121121E-001,-9.6871000000121121E-001, 9.7411862803092415E+000
-9.6771000000121121E-001,-9.6771000000121121E-001, 9.7311873856030076E+000
-9.6671000000121121E-001,-9.6671000000121121E-001, 9.7211884908968056E+000
-9.6571000000121121E-001,-9.6571000000121121E-001, 9.7111895961905663E+000
-9.6471000000121121E-001,-9.6471000000121121E-001, 9.7011907014843679E+000
-9.6371000000121121E-001,-9.6371000000121121E-001, 9.6911918067781677E+000
-9.6271000000121121E-001,-9.6271000000121121E-001, 9.6811929120718965E+000
-9.6171000000121121E-001,-9.6171000000121121E-001, 9.6711940173656430E+000
-9.6071000000121121E-001,-9.6071000000121121E-001, 9.6611951226594481E+000
-9.5971000000121121E-001,-9.5971000000121121E-001, 9.6511962279531804E+000
-9.5871000000121120E-001,-9.5871000000121120E-001, 9.6411973332469803E+000
-9.5771000000121120E-001,-9.5771000000121120E-001, 9.6311984385407428E+000
-9.5671000000121120E-001,-9.5671000000121120E-001, 9.6211995438345159E+000
-9.5571000000121120E-001,-9.5571000000121120E-001, 9.6112006491282838E+000
-9.5471000000121120E-001,-9.5471000000121120E-001, 9.6012017544220463E+000
-9.5371000000121120E-001,-9.5371000000121120E-001, 9.5912028597158390E+000
-9.5271000000121120E-001,-9.5271000000121120E-001, 9.5812039650096068E+000
-9.5171000000121120E-001,-9.5171000000121120E-001, 9.5712050703034173E+000
-9.5071000000121120E-001,-9.5071000000121120E-001, 9.5612061755971318E+000
-9.4971000000121120E-001,-9.4971000000121120E-001, 9.5512072808909156E+000
-9.4871000000121120E-001,-9.4871000000121120E-001, 9.5412083861846693E+000
-9.4771000000121119E-001,-9.4771000000121119E-001, 9.5312094914784762E+000
-9.4671000000121119E-001,-9.4671000000121119E-001, 9.5212105967722476E+000
-9.4571000000121119E-001,-9.4571000000121119E-001, 9.5112117020660492E+000
-9.4471000000121119E-001,-9.4471000000121119E-001, 9.5012128073597601E+000
-9.4371000000121119E-001,-9.4371000000121119E-001, 9.4912139126535635E+000
-9.4271000000121119E-001,-9.4271000000121119E-001, 9.4812150179474042E+000
-9.4171000000121119E-001,-9.4171000000121119E-001, 9.4712161232411329E+000
-9.4071000000121119E-001,-9.4071000000121119E-001, 9.4612172285348990E+000
-9.3971000000121119E-001,-9.3971000000121119E-001, 9.4512183338286633E+000
-9.3871000000121119E-001,-9.3871000000121119E-001, 9.4412194391224880E+000
-9.3771000000121119E-001,-9.3771000000121119E-001, 9.4312205444162718E+000
-9.3671000000121118E-001,-9.3671000000121118E-001, 9.4212216497100165E+000
-9.3571000000121118E-001,-9.3571000000121118E-001, 9.4112227550037915E+000
-9.3471000000121118E-001,-9.3471000000121118E-001, 9.4012238602975753E+000
-9.3371000000121118E-001,-9.3371000000121118E-001, 9.3912249655913698E+000
-9.3271000000121118E-001,-9.3271000000121118E-001, 9.3812260708851447E+000
-9.3171000000121118E-001,-9.3171000000121118E-001, 9.3712271761789481E+000
-9.3071000000121118E-001,-9.3071000000121118E-001, 9.3612282814727141E+000
-9.2971000000121118E-001,-9.2971000000121118E-001, 9.3512293867664180E+000
-9.2871000000121118E-001,-9.2871000000121118E-001, 9.3412304920602640E+000
-9.2771000000121118E-001,-9.2771000000121118E-001, 9.3312315973540390E+000
-9.2671000000121118E-001,-9.2671000000121118E-001, 9.3212327026478192E+000
-9.2571000000121118E-001,-9.2571000000121118E-001, 9.3112338079416190E+000
-9.2471000000121117E-001,-9.2471000000121117E-001, 9.3012349132353780E+000
-9.2371000000121117E-001,-9.2371000000121117E-001, 9.2912360185291885E+000
-9.2271000000121117E-001,-9.2271000000121117E-001, 9.2812371238229296E+000
-9.2171000000121117E-001,-9.2171000000121117E-001, 9.2712382291167241E+000
-9.2071000000121117E-001,-9.2071000000121117E-001, 9.2612393344104866E+000
-9.1971000000121117E-001,-9.1971000000121117E-001, 9.2512404397042935E+000
-9.1871000000121117E-001,-9.1871000000121117E-001, 9.2412415449980809E+000
-9.1771000000121117E-001,-9.1771000000121117E-001, 9.2312426502918186E+000
-9.1671000000121117E-001,-9.1671000000121117E-001, 9.2212437555856201E+000
-9.1571000000121117E-001,-9.1571000000121117E-001, 9.2112448608794040E+000
-9.1471000000121117E-001,-9.1471000000121117E-001, 9.2012459661732198E+000
-9.1371000000121116E-001,-9.1371000000121116E-001, 9.1912470714669627E+000
-9.1271000000121116E-001,-9.1271000000121116E-001, 9.1812481767607679E+000
-9.1171000000121116E-001,-9.1171000000121116E-001, 9.1712492820545002E+000
-9.1071000000121116E-001,-9.1071000000121116E-001, 9.1612503873483213E+000
-9.0971000000121116E-001,-9.0971000000121116E-001, 9.1512514926421158E+000
-9.0871000000121116E-001,-9.0871000000121116E-001, 9.1412525979358925E+000
-9.0771000000121116E-001,-9.0771000000121116E-001, 9.1312537032296870E+000
-9.0671000000121116E-001,-9.0671000000121116E-001, 9.1212548085234371E+000
-9.0571000000121116E-001,-9.0571000000121116E-001, 9.1112559138172706E+000
-9.0471000000121116E-001,-9.0471000000121116E-001, 9.1012570191110278E+000
-9.0371000000121116E-001,-9.0371000000121116E-001, 9.0912581244048152E+000
-9.0271000000121115E-001,-9.0271000000121115E-001, 9.0812592296985759E+000
-9.0171000000121115E-001,-9.0171000000121115E-001, 9.0712603349924112E+000
-9.0071000000121115E-001,-9.0071000000121115E-001, 9.0612614402861666E+000
-8.9971000000121115E-001,-8.9971000000121115E-001, 9.0512625455799771E+000
-8.9871000000121115E-001,-8.9871000000121115E-001, 9.0412636508737556E+000
-8.9771000000121115E-001,-8.9771000000121115E-001, 9.0312647561675110E+000
-8.9671000000121115E-001,-8.9671000000121115E-001, 9.0212658614613073E+000
-8.9571000000121115E-001,-8.9571000000121115E-001, 9.0112669667551319E+000
-8.9471000000121115E-001,-8.9471000000121115E-001, 9.0012680720489175E+000
-8.9371000000121115E-001,-8.9371000000121115E-001, 8.9912691773427262E+000
-8.9271000000121115E-001,-8.9271000000121115E-001, 8.9812702826364710E+000
-8.9171000000121114E-001,-8.9171000000121114E-001, 8.9712713879302761E+000
-8.9071000000121114E-001,-8.9071000000121114E-001, 8.9612724932240688E+000
-8.8971000000121114E-001,-8.8971000000121114E-001, 8.9512735985178864E+000
-8.8871000000121114E-001,-8.8871000000121114E-001, 8.9412747038116365E+000
-8.8771000000121114E-001,-8.8771000000121114E-001, 8.9312758091054310E+000
-8.8671000000121114E-001,-8.8671000000121114E-001, 8.9212769143991970E+000
-8.8571000000121114E-001,-8.8571000000121114E-001, 8.9112780196929986E+000
-8.8471000000121114E-001,-8.8471000000121114E-001, 8.9012791249867735E+000
-8.8371000000121114E-001,-8.8371000000121114E-001, 8.8912802302805609E+000
-8.8271000000121114E-001,-8.8271000000121114E-001, 8.8812813355743749E+000
-8.8171000000121114E-001,-8.8171000000121114E-001, 8.8712824408681605E+000
-8.8071000000121114E-001,-8.8071000000121114E-001, 8.8612835461619994E+000
-8.7971000000121113E-001,-8.7971000000121113E-001, 8.8512846514557797E+000
-8.7871000000121113E-001,-8.7871000000121113E-001, 8.8412857567495440E+000
-8.7771000000121113E-001,-8.7771000000121113E-001, 8.8312868620433385E+000
-8.7671000000121113E-001,-8.7671000000121113E-001, 8.8212879673371329E+000
-8.7571000000121113E-001,-8.7571000000121113E-001, 8.8112890726309026E+000
-8.7471000000121113E-001,-8.7471000000121113E-001, 8.8012901779247059E+000
-8.7371000000121113E-001,-8.7371000000121113E-001, 8.7912912832185341E+000
-8.7271000000121113E-001,-8.7271000000121113E-001, 8.7812923885123055E+000
-8.7171000000121113E-001,-8.7171000000121113E-001, 8.7712934938060805E+000
-8.7071000000121113E-001,-8.7071000000121113E-001, 8.7612945990999123E+000
-8.6971000000121113E-001,-8.6971000000121113E-001, 8.7512957043936854E+000
-8.6871000000121112E-001,-8.6871000000121112E-001, 8.7412968096874710E+000
-8.6771000000121112E-001,-8.6771000000121112E-001, 8.7312979149812815E+000
-8.6671000000121112E-001,-8.6671000000121112E-001, 8.7212990202750778E+000
-8.6571000000121112E-001,-8.6571000000121112E-001, 8.7113001255688900E+000
-8.6471000000121112E-001,-8.6471000000121112E-001, 8.7013012308626720E+000
-8.6371000000121112E-001,-8.6371000000121112E-001, 8.6913023361564665E+000
-8.6271000000121112E-001,-8.6271000000121112E-001, 8.6813034414502237E+000
-8.6171000000121112E-001,-8.6171000000121112E-001, 8.6713045467440768E+000
-8.6071000000121112E-001,-8.6071000000121112E-001, 8.6613056520378144E+000
-8.5971000000121112E-001,-8.5971000000121112E-001, 8.6513067573316498E+000
-8.5871000000121112E-001,-8.5871000000121112E-001, 8.6413078626254407E+000
-8.5771000000121111E-001,-8.5771000000121111E-001, 8.6313089679192387E+000
-8.5671000000121111E-001,-8.5671000000121111E-001, 8.6213100732130457E+000
-8.5571000000121111E-001,-8.5571000000121111E-001, 8.6113111785068579E+000
-8.5471000000121111E-001,-8.5471000000121111E-001, 8.6013122838006506E+000
-8.5371000000121111E-001,-8.5371000000121111E-001, 8.5913133890944220E+000
-8.5271000000121111E-001,-8.5271000000121111E-001, 8.5813144943882200E+000
-8.5171000000121111E-001,-8.5171000000121111E-001, 8.5713155996820021E+000
-8.5071000000121111E-001,-8.5071000000121111E-001, 8.5613167049758214E+000
-8.4971000000121111E-001,-8.4971000000121111E-001, 8.5513178102696283E+000
-8.4871000000121111E-001,-8.4871000000121111E-001, 8.5413189155634264E+000
-8.4771000000121111E-001,-8.4771000000121111E-001, 8.5313200208572439E+000
-8.4671000000121110E-001,-8.4671000000121110E-001, 8.5213211261510313E+000
-8.4571000000121110E-001,-8.4571000000121110E-001, 8.5113222314448240E+000
-8.4471000000121110E-001,-8.4471000000121110E-001, 8.5013233367386025E+000
-8.4371000000121110E-001,-8.4371000000121110E-001, 8.4913244420324094E+000
-8.4271000000121110E-001,-8.4271000000121110E-001, 8.4813255473262057E+000
-8.4171000000121110E-001,-8.4171000000121110E-001, 8.4713266526200286E+000
-8.4071000000121110E-001,-8.4071000000121110E-001, 8.4613277579138337E+000
-8.3971000000121110E-001,-8.3971000000121110E-001, 8.4513288632076193E+000
-8.3871000000121110E-001,-8.3871000000121110E-001, 8.4413299685014067E+000
-8.3771000000121110E-001,-8.3771000000121110E-001, 8.4313310737952385E+000
-8.3671000000121110E-001,-8.3671000000121110E-001, 8.4213321790890792E+000
-8.3571000000121110E-001,-8.3571000000121110E-001, 8.4113332843828790E+000
-8.3471000000121109E-001,-8.3471000000121109E-001, 8.4013343896766628E+000
-8.3371000000121109E-001,-8.3371000000121109E-001, 8.3913354949704448E+000
-8.3271000000121109E-001,-8.3271000000121109E-001, 8.3813366002642748E+000
-8.3171000000121109E-001,-8.3171000000121109E-001, 8.3713377055580889E+000
-8.3071000000121109E-001,-8.3071000000121109E-001, 8.3613388108519011E+000
-8.2971000000121109E-001,-8.2971000000121109E-001, 8.3513399161456565E+000
-8.2871000000121109E-001,-8.2871000000121109E-001, 8.3413410214395025E+000
-8.2771000000121109E-001,-8.2771000000121109E-001, 8.3313421267332508E+000
-8.2671000000121109E-001,-8.2671000000121109E-001, 8.3213432320271021E+000
-8.2571000000121109E-001,-8.2571000000121109E-001, 8.3113443373208966E+000
-8.2471000000121109E-001,-8.2471000000121109E-001, 8.3013454426146627E+000
-8.2371000000121108E-001,-8.2371000000121108E-001, 8.2913465479085193E+000
-8.2271000000121108E-001,-8.2271000000121108E-001, 8.2813476532022854E+000
-8.2171000000121108E-001,-8.2171000000121108E-001, 8.2713487584961207E+000
-8.2071000000121108E-001,-8.2071000000121108E-001, 8.2613498637899170E+000
-8.1971000000121108E-001,-8.1971000000121108E-001, 8.2513509690837257E+000
-8.1871000000121108E-001,-8.1871000000121108E-001, 8.2413520743775237E+000
-8.1771000000121108E-001,-8.1771000000121108E-001, 8.2313531796713377E+000
-8.1671000000121108E-001,-8.1671000000121108E-001, 8.2213542849651233E+000
-8.1571000000121108E-001,-8.1571000000121108E-001, 8.2113553902589391E+000
-8.1471000000121108E-001,-8.1471000000121108E-001, 8.2013564955527585E+000
-8.1371000000121108E-001,-8.1371000000121108E-001, 8.1913576008465885E+000
-8.1271000000121107E-001,-8.1271000000121107E-001, 8.1813587061404061E+000
-8.1171000000121107E-001,-8.1171000000121107E-001, 8.1713598114341934E+000
-8.1071000000121107E-001,-8.1071000000121107E-001, 8.1613609167280003E+000
-8.0971000000121107E-001,-8.0971000000121107E-001, 8.1513620220218090E+000
-8.0871000000121107E-001,-8.0871000000121107E-001, 8.1413631273156692E+000
-8.0771000000121107E-001,-8.0771000000121107E-001, 8.1313642326094282E+000
-8.0671000000121107E-001,-8.0671000000121107E-001, 8.1213653379032849E+000
-8.0571000000121107E-001,-8.0571000000121107E-001, 8.1113664431970474E+000
-8.0471000000121107E-001,-8.0471000000121107E-001, 8.1013675484908489E+000
-8.0371000000121107E-001,-8.0371000000121107E-001, 8.0913686537847003E+000
-8.0271000000121107E-001,-8.0271000000121107E-001, 8.0813697590784876E+000
-8.0171000000121106E-001,-8.0171000000121106E-001, 8.0713708643722999E+000
-8.0071000000121106E-001,-8.0071000000121106E-001, 8.0613719696661050E+000
-7.9971000000121106E-001,-7.9971000000121106E-001, 8.0513730749598835E+000
-7.9871000000121106E-001,-7.9871000000121106E-001, 8.0413741802537615E+000
-7.9771000000121106E-001,-7.9771000000121106E-001, 8.0313752855475524E+000
-7.9671000000121106E-001,-7.9671000000121106E-001, 8.0213763908413309E+000
-7.9571000000121106E-001,-7.9571000000121106E-001, 8.0113774961351822E+000
-7.9471000000121106E-001,-7.9471000000121106E-001, 8.0013786014289927E+000
-7.9371000000121106E-001,-7.9371000000121106E-001, 7.9913797067228236E+000
-7.9271000000121106E-001,-7.9271000000121106E-001, 7.9813808120166136E+000
-7.9171000000121106E-001,-7.9171000000121106E-001, 7.9713819173103984E+000
-7.9071000000121106E-001,-7.9071000000121106E-001, 7.9613830226042088E+000
-7.8971000000121105E-001,-7.8971000000121105E-001, 7.9513841278980486E+000
-7.8871000000121105E-001,-7.8871000000121105E-001, 7.9413852331918733E+000
-7.8771000000121105E-001,-7.8771000000121105E-001, 7.9313863384856989E+000
-7.8671000000121105E-001,-7.8671000000121105E-001, 7.9213874437795315E+000
-7.8571000000121105E-001,-7.8571000000121105E-001, 7.9113885490732931E+000
-7.8471000000121105E-001,-7.8471000000121105E-001, 7.9013896543671382E+000
-7.8371000000121105E-001,-7.8371000000121105E-001, 7.8913907596609745E+000
-7.8271000000121105E-001,-7.8271000000121105E-001, 7.8813918649547610E+000
-7.8171000000121105E-001,-7.8171000000121105E-001, 7.8713929702486096E+000
-7.8071000000121105E-001,-7.8071000000121105E-001, 7.8613940755423668E+000
-7.7971000000121105E-001,-7.7971000000121105E-001, 7.8513951808362306E+000
-7.7871000000121104E-001,-7.7871000000121104E-001, 7.8413962861300384E+000
-7.7771000000121104E-001,-7.7771000000121104E-001, 7.8313973914238426E+000
-7.7671000000121104E-001,-7.7671000000121104E-001, 7.8213984967176780E+000
-7.7571000000121104E-001,-7.7571000000121104E-001, 7.8113996020114795E+000
-7.7471000000121104E-001,-7.7471000000121104E-001, 7.8014007073053238E+000
-7.7371000000121104E-001,-7.7371000000121104E-001, 7.7914018125991218E+000
-7.7271000000121104E-001,-7.7271000000121104E-001, 7.7814029178929562E+000
-7.7171000000121104E-001,-7.7171000000121104E-001, 7.7714040231867738E+000
-7.7071000000121104E-001,-7.7071000000121104E-001, 7.7614051284805878E+000
-7.6971000000121104E-001,-7.6971000000121104E-001, 7.7514062337744072E+000
-7.6871000000121104E-001,-7.6871000000121104E-001, 7.7414073390682043E+000
-7.6771000000121103E-001,-7.6771000000121103E-001, 7.7314084443620086E+000
-7.6671000000121103E-001,-7.6671000000121103E-001, 7.7214095496558315E+000
-7.6571000000121103E-001,-7.6571000000121103E-001, 7.7114106549496988E+000
-7.6471000000121103E-001,-7.6471000000121103E-001, 7.7014117602435270E+000
-7.6371000000121103E-001,-7.6371000000121103E-001, 7.6914128655373162E+000
-7.6271000000121103E-001,-7.6271000000121103E-001, 7.6814139708311115E+000
-7.6171000000121103E-001,-7.6171000000121103E-001, 7.6714150761249833E+000
-7.6071000000121103E-001,-7.6071000000121103E-001, 7.6614161814188124E+000
-7.5971000000121103E-001,-7.5971000000121103E-001, 7.6514172867126140E+000
-7.5871000000121103E-001,-7.5871000000121103E-001, 7.6414183920064422E+000
-7.5771000000121103E-001,-7.5771000000121103E-001, 7.6314194973002181E+000
-7.5671000000121103E-001,-7.5671000000121103E-001, 7.6214206025941307E+000
-7.5571000000121102E-001,-7.5571000000121102E-001, 7.6114217078879012E+000
-7.5471000000121102E-001,-7.5471000000121102E-001, 7.6014228131817747E+000
-7.5371000000121102E-001,-7.5371000000121102E-001, 7.5914239184755319E+000
-7.5271000000121102E-001,-7.5271000000121102E-001, 7.5814250237693921E+000
-7.5171000000121102E-001,-7.5171000000121102E-001, 7.5714261290631830E+000
-7.5071000000121102E-001,-7.5071000000121102E-001, 7.5614272343570557E+000
-7.4971000000121102E-001,-7.4971000000121102E-001, 7.5514283396508484E+000
-7.4871000000121102E-001,-7.4871000000121102E-001, 7.5414294449446961E+000
-7.4771000000121102E-001,-7.4771000000121102E-001, 7.5314305502385217E+000
-7.4671000000121102E-001,-7.4671000000121102E-001, 7.5214316555323357E+000
-7.4571000000121102E-001,-7.4571000000121102E-001, 7.5114327608261640E+000
-7.4471000000121101E-001,-7.4471000000121101E-001, 7.5014338661199860E+000
-7.4371000000121101E-001,-7.4371000000121101E-001, 7.4914349714138027E+000
-7.4271000000121101E-001,-7.4271000000121101E-001, 7.4814360767076318E+000
-7.4171000000121101E-001,-7.4171000000121101E-001, 7.4714371820014476E+000
-7.4071000000121101E-001,-7.4071000000121101E-001, 7.4614382872953238E+000
-7.3971000000121101E-001,-7.3971000000121101E-001, 7.4514393925891378E+000
-7.3871000000121101E-001,-7.3871000000121101E-001, 7.4414404978829047E+000
-7.3771000000121101E-001,-7.3771000000121101E-001, 7.4314416031767463E+000
-7.3671000000121101E-001,-7.3671000000121101E-001, 7.4214427084706127E+000
-7.3571000000121101E-001,-7.3571000000121101E-001, 7.4114438137644552E+000
-7.3471000000121101E-001,-7.3471000000121101E-001, 7.4014449190582727E+000
-7.3371000000121100E-001,-7.3371000000121100E-001, 7.3914460243521152E+000
-7.3271000000121100E-001,-7.3271000000121100E-001, 7.3814471296459079E+000
-7.3171000000121100E-001,-7.3171000000121100E-001, 7.3714482349397255E+000
-7.3071000000121100E-001,-7.3071000000121100E-001, 7.3614493402335563E+000
-7.2971000000121100E-001,-7.2971000000121100E-001, 7.3514504455274530E+000
-7.2871000000121100E-001,-7.2871000000121100E-001, 7.3414515508212252E+000
-7.2771000000121100E-001,-7.2771000000121100E-001, 7.3314526561150677E+000
-7.2671000000121100E-001,-7.2671000000121100E-001, 7.3214537614089013E+000
-7.2571000000121100E-001,-7.2571000000121100E-001, 7.3114548667027064E+000
-7.2471000000121100E-001,-7.2471000000121100E-001, 7.3014559719965524E+000
-7.2371000000121100E-001,-7.2371000000121100E-001, 7.2914570772904037E+000
-7.2271000000121099E-001,-7.2271000000121099E-001, 7.2814581825842462E+000
-7.2171000000121099E-001,-7.2171000000121099E-001, 7.2714592878780575E+000
-7.2071000000121099E-001,-7.2071000000121099E-001, 7.2614603931719186E+000
-7.1971000000121099E-001,-7.1971000000121099E-001, 7.2514614984656962E+000
-7.1871000000121099E-001,-7.1871000000121099E-001, 7.2414626037595404E+000
-7.1771000000121099E-001,-7.1771000000121099E-001, 7.2314637090534166E+000
-7.1671000000121099E-001,-7.1671000000121099E-001, 7.2214648143472120E+000
-7.1571000000121099E-001,-7.1571000000121099E-001, 7.2114659196410473E+000
-7.1471000000121099E-001,-7.1471000000121099E-001, 7.2014670249349155E+000
-7.1371000000121099E-001,-7.1371000000121099E-001, 7.1914681302287216E+000
-7.1271000000121099E-001,-7.1271000000121099E-001, 7.1814692355225622E+000
-7.1171000000121099E-001,-7.1171000000121099E-001, 7.1714703408163913E+000
-7.1071000000121098E-001,-7.1071000000121098E-001, 7.1614714461102444E+000
-7.0971000000121098E-001,-7.0971000000121098E-001, 7.1514725514041046E+000
-7.0871000000121098E-001,-7.0871000000121098E-001, 7.1414736566979018E+000
-7.0771000000121098E-001,-7.0771000000121098E-001, 7.1314747619917211E+000
-7.0671000000121098E-001,-7.0671000000121098E-001, 7.1214758672855822E+000
-7.0571000000121098E-001,-7.0571000000121098E-001, 7.1114769725793918E+000
-7.0471000000121098E-001,-7.0471000000121098E-001, 7.1014780778732574E+000
-7.0371000000121098E-001,-7.0371000000121098E-001, 7.0914791831670696E+000
-7.0271000000121098E-001,-7.0271000000121098E-001, 7.0814802884609254E+000
-7.0171000000121098E-001,-7.0171000000121098E-001, 7.0714813937547145E+000
-7.0071000000121098E-001,-7.0071000000121098E-001, 7.0614824990485934E+000
-6.9971000000121097E-001,-6.9971000000121097E-001, 7.0514836043424269E+000
-6.9871000000121097E-001,-6.9871000000121097E-001, 7.0414847096362720E+000
-6.9771000000121097E-001,-6.9771000000121097E-001, 7.0314858149300994E+000
-6.9671000000121097E-001,-6.9671000000121097E-001, 7.0214869202239409E+000
-6.9571000000121097E-001,-6.9571000000121097E-001, 7.0114880255177923E+000
-6.9471000000121097E-001,-6.9471000000121097E-001, 7.0014891308115859E+000
-6.9371000000121097E-001,-6.9371000000121097E-001, 6.9914902361054763E+000
-6.9271000000121097E-001,-6.9271000000121097E-001, 6.9814913413993125E+000
-6.9171000000121097E-001,-6.9171000000121097E-001, 6.9714924466931247E+000
-6.9071000000121097E-001,-6.9071000000121097E-001, 6.9614935519869672E+000
-6.8971000000121097E-001,-6.8971000000121097E-001, 6.9514946572808380E+000
-6.8871000000121096E-001,-6.8871000000121096E-001, 6.9414957625746823E+000
-6.8771000000121096E-001,-6.8771000000121096E-001, 6.9314968678685132E+000
-6.8671000000121096E-001,-6.8671000000121096E-001, 6.9214979731623512E+000
-6.8571000000121096E-001,-6.8571000000121096E-001, 6.9114990784561989E+000
-6.8471000000121096E-001,-6.8471000000121096E-001, 6.9015001837500041E+000
-6.8371000000121096E-001,-6.8371000000121096E-001, 6.8915012890438838E+000
-6.8271000000121096E-001,-6.8271000000121096E-001, 6.8815023943376818E+000
-6.8171000000121096E-001,-6.8171000000121096E-001, 6.8715034996315749E+000
-6.8071000000121096E-001,-6.8071000000121096E-001, 6.8615046049254067E+000
-6.7971000000121096E-001,-6.7971000000121096E-001, 6.8515057102192447E+000
-6.7871000000121096E-001,-6.7871000000121096E-001, 6.8415068155130951E+000
-6.7771000000121095E-001,-6.7771000000121095E-001, 6.8315079208069349E+000
-6.7671000000121095E-001,-6.7671000000121095E-001, 6.8215090261007596E+000
-6.7571000000121095E-001,-6.7571000000121095E-001, 6.8115101313946225E+000
-6.7471000000121095E-001,-6.7471000000121095E-001, 6.8015112366884631E+000
-6.7371000000121095E-001,-6.7371000000121095E-001, 6.7915123419822896E+000
-6.7271000000121095E-001,-6.7271000000121095E-001, 6.7815134472761729E+000
-6.7171000000121095E-001,-6.7171000000121095E-001, 6.7715145525699718E+000
-6.7071000000121095E-001,-6.7071000000121095E-001, 6.7615156578638382E+000
-6.6971000000121095E-001,-6.6971000000121095E-001, 6.7515167631576842E+000
-6.6871000000121095E-001,-6.6871000000121095E-001, 6.7415178684515435E+000
-6.6771000000121095E-001,-6.6771000000121095E-001, 6.7315189737453771E+000
-6.6671000000121095E-001,-6.6671000000121095E-001, 6.7215200790392151E+000
-6.6571000000121094E-001,-6.6571000000121094E-001, 6.7115211843330593E+000
-6.6471000000121094E-001,-6.6471000000121094E-001, 6.7015222896269409E+000
-6.6371000000121094E-001,-6.6371000000121094E-001, 6.6915233949207771E+000
-6.6271000000121094E-001,-6.6271000000121094E-001, 6.6815245002145796E+000
-6.6171000000121094E-001,-6.6171000000121094E-001, 6.6715256055084549E+000
-6.6071000000121094E-001,-6.6071000000121094E-001, 6.6615267108023355E+000
-6.5971000000121094E-001,-6.5971000000121094E-001, 6.6515278160961806E+000
-6.5871000000121094E-001,-6.5871000000121094E-001, 6.6415289213900053E+000
-6.5771000000121094E-001,-6.5771000000121094E-001, 6.6315300266838575E+000
-6.5671000000121094E-001,-6.5671000000121094E-001, 6.6215311319776990E+000
-6.5571000000121094E-001,-6.5571000000121094E-001, 6.6115322372715424E+000
-6.5471000000121093E-001,-6.5471000000121093E-001, 6.6015333425654079E+000
-6.5371000000121093E-001,-6.5371000000121093E-001, 6.5915344478592495E+000
-6.5271000000121093E-001,-6.5271000000121093E-001, 6.5815355531530715E+000
-6.5171000000121093E-001,-6.5171000000121093E-001, 6.5715366584469699E+000
-6.5071000000121093E-001,-6.5071000000121093E-001, 6.5615377637408310E+000
-6.4971000000121093E-001,-6.4971000000121093E-001, 6.5515388690346601E+000
-6.4871000000121093E-001,-6.4871000000121093E-001, 6.5415399743284981E+000
-6.4771000000121093E-001,-6.4771000000121093E-001, 6.5315410796223414E+000
-6.4671000000121093E-001,-6.4671000000121093E-001, 6.5215421849161830E+000
-6.4571000000121093E-001,-6.4571000000121093E-001, 6.5115432902100361E+000
-6.4471000000121093E-001,-6.4471000000121093E-001, 6.5015443955039078E+000
-6.4371000000121092E-001,-6.4371000000121092E-001, 6.4915455007977627E+000
-6.4271000000121092E-001,-6.4271000000121092E-001, 6.4815466060915918E+000
-6.4171000000121092E-001,-6.4171000000121092E-001, 6.4715477113854556E+000
-6.4071000000121092E-001,-6.4071000000121092E-001, 6.4615488166793353E+000
-6.3971000000121092E-001,-6.3971000000121092E-001, 6.4515499219731760E+000
-6.3871000000121092E-001,-6.3871000000121092E-001, 6.4415510272670611E+000
-6.3771000000121092E-001,-6.3771000000121092E-001, 6.4315521325608804E+000
-6.3671000000121092E-001,-6.3671000000121092E-001, 6.4215532378547344E+000
-6.3571000000121092E-001,-6.3571000000121092E-001, 6.4115543431485795E+000
-6.3471000000121092E-001,-6.3471000000121092E-001, 6.4015554484424513E+000
-6.3371000000121092E-001,-6.3371000000121092E-001, 6.3915565537363008E+000
-6.3271000000121091E-001,-6.3271000000121091E-001, 6.3815576590301788E+000
-6.3171000000121091E-001,-6.3171000000121091E-001, 6.3715587643240017E+000
-6.3071000000121091E-001,-6.3071000000121091E-001, 6.3615598696178779E+000
-6.2971000000121091E-001,-6.2971000000121091E-001, 6.3515609749117088E+000
-6.2871000000121091E-001,-6.2871000000121091E-001, 6.3415620802055779E+000
-6.2771000000121091E-001,-6.2771000000121091E-001, 6.3315631854994319E+000
-6.2671000000121091E-001,-6.2671000000121091E-001, 6.3215642907933161E+000
-6.2571000000121091E-001,-6.2571000000121091E-001, 6.3115653960871567E+000
-6.2471000000121091E-001,-6.2471000000121091E-001, 6.3015665013810445E+000
-6.2371000000121091E-001,-6.2371000000121091E-001, 6.2915676066749038E+000
-6.2271000000121091E-001,-6.2271000000121091E-001, 6.2815687119687409E+000
-6.2171000000121091E-001,-6.2171000000121091E-001, 6.2715698172625887E+000
-6.2071000000121090E-001,-6.2071000000121090E-001, 6.2615709225564480E+000
-6.1971000000121090E-001,-6.1971000000121090E-001, 6.2515720278503002E+000
-6.1871000000121090E-001,-6.1871000000121090E-001, 6.2415731331441258E+000
-6.1771000000121090E-001,-6.1771000000121090E-001, 6.2315742384380002E+000
-6.1671000000121090E-001,-6.1671000000121090E-001, 6.2215753437318719E+000
-6.1571000000121090E-001,-6.1571000000121090E-001, 6.2115764490257073E+000
-6.1471000000121090E-001,-6.1471000000121090E-001, 6.2015775543195923E+000
-6.1371000000121090E-001,-6.1371000000121090E-001, 6.1915786596134428E+000
-6.1271000000121090E-001,-6.1271000000121090E-001, 6.1815797649072772E+000
-6.1171000000121090E-001,-6.1171000000121090E-001, 6.1715808702011499E+000
-6.1071000000121090E-001,-6.1071000000121090E-001, 6.1615819754950536E+000
-6.0971000000121089E-001,-6.0971000000121089E-001, 6.1515830807889200E+000
-6.0871000000121089E-001,-6.0871000000121089E-001, 6.1415841860827678E+000
-6.0771000000121089E-001,-6.0771000000121089E-001, 6.1315852913766475E+000
-6.0671000000121089E-001,-6.0671000000121089E-001, 6.1215863966704767E+000
-6.0571000000121089E-001,-6.0571000000121089E-001, 6.1115875019643520E+000
-6.0471000000121089E-001,-6.0471000000121089E-001, 6.1015886072581988E+000
-6.0371000000121089E-001,-6.0371000000121089E-001, 6.0915897125520742E+000
-6.0271000000121089E-001,-6.0271000000121089E-001, 6.0815908178459699E+000
-6.0171000000121089E-001,-6.0171000000121089E-001, 6.0715919231398194E+000
-6.0071000000121089E-001,-6.0071000000121089E-001, 6.0615930284336281E+000
-5.9971000000121089E-001,-5.9971000000121089E-001, 6.0515941337275487E+000
-5.9871000000121088E-001,-5.9871000000121088E-001, 6.0415952390213592E+000
-5.9771000000121088E-001,-5.9771000000121088E-001, 6.0315963443152594E+000
-5.9671000000121088E-001,-5.9671000000121088E-001, 6.0215974496091560E+000
-5.9571000000121088E-001,-5.9571000000121088E-001, 6.0115985549030135E+000
-5.9471000000121088E-001,-5.9471000000121088E-001, 6.0015996601968364E+000
-5.9371000000121088E-001,-5.9371000000121088E-001, 5.9916007654907473E+000
-5.9271000000121088E-001,-5.9271000000121088E-001, 5.9816018707846110E+000
-5.9171000000121088E-001,-5.9171000000121088E-001, 5.9716029760784037E+000
-5.9071000000121088E-001,-5.9071000000121088E-001, 5.9616040813723004E+000
-5.8971000000121088E-001,-5.8971000000121088E-001, 5.9516051866661801E+000
-5.8871000000121088E-001,-5.8871000000121088E-001, 5.9416062919600368E+000
-5.8771000000121087E-001,-5.8771000000121087E-001, 5.9316073972539209E+000
-5.8671000000121087E-001,-5.8671000000121087E-001, 5.9216085025477669E+000
-5.8571000000121087E-001,-5.8571000000121087E-001, 5.9116096078416529E+000
-5.8471000000121087E-001,-5.8471000000121087E-001, 5.9016107131355406E+000
-5.8371000000121087E-001,-5.8371000000121087E-001, 5.8916118184293778E+000
-5.8271000000121087E-001,-5.8271000000121087E-001, 5.8816129237232451E+000
-5.8171000000121087E-001,-5.8171000000121087E-001, 5.8716140290171293E+000
-5.8071000000121087E-001,-5.8071000000121087E-001, 5.8616151343109673E+000
-5.7971000000121087E-001,-5.7971000000121087E-001, 5.8516162396048701E+000
-5.7871000000121087E-001,-5.7871000000121087E-001, 5.8416173448987649E+000
-5.7771000000121087E-001,-5.7771000000121087E-001, 5.8316184501926216E+000
-5.7671000000121087E-001,-5.7671000000121087E-001, 5.8216195554864871E+000
-5.7571000000121086E-001,-5.7571000000121086E-001, 5.8116206607803349E+000
-5.7471000000121086E-001,-5.7471000000121086E-001, 5.8016217660741916E+000
-5.7371000000121086E-001,-5.7371000000121086E-001, 5.7916228713680757E+000
-5.7271000000121086E-001,-5.7271000000121086E-001, 5.7816239766619377E+000
-5.7171000000121086E-001,-5.7171000000121086E-001, 5.7716250819558184E+000
-5.7071000000121086E-001,-5.7071000000121086E-001, 5.7616261872496892E+000
-5.6971000000121086E-001,-5.6971000000121086E-001, 5.7516272925435619E+000
-5.6871000000121086E-001,-5.6871000000121086E-001, 5.7416283978374247E+000
-5.6771000000121086E-001,-5.6771000000121086E-001, 5.7316295031313169E+000
-5.6671000000121086E-001,-5.6671000000121086E-001, 5.7216306084252002E+000
-5.6571000000121086E-001,-5.6571000000121086E-001, 5.7116317137190453E+000
-5.6471000000121085E-001,-5.6471000000121085E-001, 5.7016328190129162E+000
-5.6371000000121085E-001,-5.6371000000121085E-001, 5.6916339243068004E+000
-5.6271000000121085E-001,-5.6271000000121085E-001, 5.6816350296006810E+000
-5.6171000000121085E-001,-5.6171000000121085E-001, 5.6716361348945368E+000
-5.6071000000121085E-001,-5.6071000000121085E-001, 5.6616372401884245E+000
-5.5971000000121085E-001,-5.5971000000121085E-001, 5.6516383454822838E+000
-5.5871000000121085E-001,-5.5871000000121085E-001, 5.6416394507762035E+000
-5.5771000000121085E-001,-5.5771000000121085E-001, 5.6316405560700309E+000
-5.5671000000121085E-001,-5.5671000000121085E-001, 5.6216416613638982E+000
-5.5571000000121085E-001,-5.5571000000121085E-001, 5.6116427666577628E+000
-5.5471000000121085E-001,-5.5471000000121085E-001, 5.6016438719516701E+000
-5.5371000000121084E-001,-5.5371000000121084E-001, 5.5916449772455676E+000
-5.5271000000121084E-001,-5.5271000000121084E-001, 5.5816460825394305E+000
-5.5171000000121084E-001,-5.5171000000121084E-001, 5.5716471878332881E+000
-5.5071000000121084E-001,-5.5071000000121084E-001, 5.5616482931271776E+000
-5.4971000000121084E-001,-5.4971000000121084E-001, 5.5516493984210751E+000
-5.4871000000121084E-001,-5.4871000000121084E-001, 5.5416505037149273E+000
-5.4771000000121084E-001,-5.4771000000121084E-001, 5.5316516090087786E+000
-5.4671000000121084E-001,-5.4671000000121084E-001, 5.5216527143026815E+000
-5.4571000000121084E-001,-5.4571000000121084E-001, 5.5116538195965887E+000
-5.4471000000121084E-001,-5.4471000000121084E-001, 5.5016549248904782E+000
-5.4371000000121084E-001,-5.4371000000121084E-001, 5.4916560301843305E+000
-5.4271000000121083E-001,-5.4271000000121083E-001, 5.4816571354781658E+000
-5.4171000000121083E-001,-5.4171000000121083E-001, 5.4716582407720544E+000
-5.4071000000121083E-001,-5.4071000000121083E-001, 5.4616593460659715E+000
-5.3971000000121083E-001,-5.3971000000121083E-001, 5.4516604513598663E+000
-5.3871000000121083E-001,-5.3871000000121083E-001, 5.4416615566537052E+000
-5.3771000000121083E-001,-5.3771000000121083E-001, 5.4316626619476001E+000
-5.3671000000121083E-001,-5.3671000000121083E-001, 5.4216637672414780E+000
-5.3571000000121083E-001,-5.3571000000121083E-001, 5.4116648725353569E+000
-5.3471000000121083E-001,-5.3471000000121083E-001, 5.4016659778292331E+000
-5.3371000000121083E-001,-5.3371000000121083E-001, 5.3916670831231581E+000
-5.3271000000121083E-001,-5.3271000000121083E-001, 5.3816681884170352E+000
-5.3171000000121083E-001,-5.3171000000121083E-001, 5.3716692937108590E+000
-5.3071000000121082E-001,-5.3071000000121082E-001, 5.3616703990047760E+000
-5.2971000000121082E-001,-5.2971000000121082E-001, 5.3516715042986558E+000
-5.2871000000121082E-001,-5.2871000000121082E-001, 5.3416726095925116E+000
-5.2771000000121082E-001,-5.2771000000121082E-001, 5.3316737148864179E+000
-5.2671000000121082E-001,-5.2671000000121082E-001, 5.3216748201803012E+000
-5.2571000000121082E-001,-5.2571000000121082E-001, 5.3116759254741535E+000
-5.2471000000121082E-001,-5.2471000000121082E-001, 5.3016770307680696E+000
-5.2371000000121082E-001,-5.2371000000121082E-001, 5.2916781360619343E+000
-5.2271000000121082E-001,-5.2271000000121082E-001, 5.2816792413558762E+000
-5.2171000000121082E-001,-5.2171000000121082E-001, 5.2716803466496813E+000
-5.2071000000121082E-001,-5.2071000000121082E-001, 5.2616814519435895E+000
-5.1971000000121081E-001,-5.1971000000121081E-001, 5.2516825572374577E+000
-5.1871000000121081E-001,-5.1871000000121081E-001, 5.2416836625313810E+000
-5.1771000000121081E-001,-5.1771000000121081E-001, 5.2316847678252412E+000
-5.1671000000121081E-001,-5.1671000000121081E-001, 5.2216858731191254E+000
-5.1571000000121081E-001,-5.1571000000121081E-001, 5.2116869784130397E+000
-5.1471000000121081E-001,-5.1471000000121081E-001, 5.2016880837069177E+000
-5.1371000000121081E-001,-5.1371000000121081E-001, 5.1916891890008321E+000
-5.1271000000121081E-001,-5.1271000000121081E-001, 5.1816902942946896E+000
-5.1171000000121081E-001,-5.1171000000121081E-001, 5.1716913995885507E+000
-5.1071000000121081E-001,-5.1071000000121081E-001, 5.1616925048824642E+000
-5.0971000000121081E-001,-5.0971000000121081E-001, 5.1516936101763475E+000
-5.0871000000121080E-001,-5.0871000000121080E-001, 5.1416947154702504E+000
-5.0771000000121080E-001,-5.0771000000121080E-001, 5.1316958207641239E+000
-5.0671000000121080E-001,-5.0671000000121080E-001, 5.1216969260579779E+000
-5.0571000000121080E-001,-5.0571000000121080E-001, 5.1116980313519127E+000
-5.0471000000121080E-001,-5.0471000000121080E-001, 5.1016991366457969E+000
-5.0371000000121080E-001,-5.0371000000121080E-001, 5.0917002419396837E+000
-5.0271000000121080E-001,-5.0271000000121080E-001, 5.0817013472335839E+000
-5.0171000000121080E-001,-5.0171000000121080E-001, 5.0717024525274548E+000
-5.0071000000121080E-001,-5.0071000000121080E-001, 5.0617035578213487E+000
-4.9971000000121080E-001,-4.9971000000121080E-001, 5.0517046631152240E+000
-4.9871000000121080E-001,-4.9871000000121080E-001, 5.0417057684091207E+000
-4.9771000000121079E-001,-4.9771000000121079E-001, 5.0317068737030137E+000
-4.9671000000121079E-001,-4.9671000000121079E-001, 5.0217079789968970E+000
-4.9571000000121079E-001,-4.9571000000121079E-001, 5.0117090842907928E+000
-4.9471000000121079E-001,-4.9471000000121079E-001, 5.0017101895846743E+000
-4.9371000000121079E-001,-4.9371000000121079E-001, 4.9917112948785798E+000
-4.9271000000121079E-001,-4.9271000000121079E-001, 4.9817124001724560E+000
-4.9171000000121079E-001,-4.9171000000121079E-001, 4.9717135054663650E+000
-4.9071000000121079E-001,-4.9071000000121079E-001, 4.9617146107602519E+000
-4.8971000000121079E-001,-4.8971000000121079E-001, 4.9517157160541458E+000
-4.8871000000121079E-001,-4.8871000000121079E-001, 4.9417168213480407E+000
-4.8771000000121079E-001,-4.8771000000121079E-001, 4.9317179266419675E+000
-4.8671000000121079E-001,-4.8671000000121079E-001, 4.9217190319358002E+000
-4.8571000000121078E-001,-4.8571000000121078E-001, 4.9117201372297297E+000
-4.8471000000121078E-001,-4.8471000000121078E-001, 4.9017212425236405E+000
-4.8371000000121078E-001,-4.8371000000121078E-001, 4.8917223478175478E+000
-4.8271000000121078E-001,-4.8271000000121078E-001, 4.8817234531113991E+000
-4.8171000000121078E-001,-4.8171000000121078E-001, 4.8717245584052975E+000
-4.8071000000121078E-001,-4.8071000000121078E-001, 4.8617256636992012E+000
-4.7971000000121078E-001,-4.7971000000121078E-001, 4.8517267689931138E+000
-4.7871000000121078E-001,-4.7871000000121078E-001, 4.8417278742869438E+000
-4.7771000000121078E-001,-4.7771000000121078E-001, 4.8317289795808653E+000
-4.7671000000121078E-001,-4.7671000000121078E-001, 4.8217300848747930E+000
-4.7571000000121078E-001,-4.7571000000121078E-001, 4.8117311901686453E+000
-4.7471000000121077E-001,-4.7471000000121077E-001, 4.8017322954625676E+000
-4.7371000000121077E-001,-4.7371000000121077E-001, 4.7917334007564589E+000
-4.7271000000121077E-001,-4.7271000000121077E-001, 4.7817345060504310E+000
-4.7171000000121077E-001,-4.7171000000121077E-001, 4.7717356113442788E+000
-4.7071000000121077E-001,-4.7071000000121077E-001, 4.7617367166381728E+000
-4.6971000000121077E-001,-4.6971000000121077E-001, 4.7517378219320934E+000
-4.6871000000121077E-001,-4.6871000000121077E-001, 4.7417389272259580E+000
-4.6771000000121077E-001,-4.6771000000121077E-001, 4.7317400325198564E+000
-4.6671000000121077E-001,-4.6671000000121077E-001, 4.7217411378137362E+000
-4.6571000000121077E-001,-4.6571000000121077E-001, 4.7117422431076426E+000
-4.6471000000121077E-001,-4.6471000000121077E-001, 4.7017433484015712E+000
-4.6371000000121076E-001,-4.6371000000121076E-001, 4.6917444536954518E+000
-4.6271000000121076E-001,-4.6271000000121076E-001, 4.6817455589893555E+000
-4.6171000000121076E-001,-4.6171000000121076E-001, 4.6717466642832486E+000
-4.6071000000121076E-001,-4.6071000000121076E-001, 4.6617477695771301E+000
-4.5971000000121076E-001,-4.5971000000121076E-001, 4.6517488748710729E+000
-4.5871000000121076E-001,-4.5871000000121076E-001, 4.6417499801649909E+000
-4.5771000000121076E-001,-4.5771000000121076E-001, 4.6317510854588626E+000
-4.5671000000121076E-001,-4.5671000000121076E-001, 4.6217521907527281E+000
-4.5571000000121076E-001,-4.5571000000121076E-001, 4.6117532960466781E+000
-4.5471000000121076E-001,-4.5471000000121076E-001, 4.6017544013405542E+000
-4.5371000000121076E-001,-4.5371000000121076E-001, 4.5917555066344979E+000
-4.5271000000121076E-001,-4.5271000000121076E-001, 4.5817566119283502E+000
-4.5171000000121075E-001,-4.5171000000121075E-001, 4.5717577172222663E+000
-4.5071000000121075E-001,-4.5071000000121075E-001, 4.5617588225161674E+000
-4.4971000000121075E-001,-4.4971000000121075E-001, 4.5517599278100898E+000
-4.4871000000121075E-001,-4.4871000000121075E-001, 4.5417610331039819E+000
-4.4771000000121075E-001,-4.4771000000121075E-001, 4.5317621383979132E+000
-4.4671000000121075E-001,-4.4671000000121075E-001, 4.5217632436918036E+000
-4.4571000000121075E-001,-4.4571000000121075E-001, 4.5117643489856958E+000
-4.4471000000121075E-001,-4.4471000000121075E-001, 4.5017654542795755E+000
-4.4371000000121075E-001,-4.4371000000121075E-001, 4.4917665595734793E+000
-4.4271000000121075E-001,-4.4271000000121075E-001, 4.4817676648673999E+000
-4.4171000000121075E-001,-4.4171000000121075E-001, 4.4717687701612956E+000
-4.4071000000121074E-001,-4.4071000000121074E-001, 4.4617698754552206E+000
-4.3971000000121074E-001,-4.3971000000121074E-001, 4.4517709807491297E+000
-4.3871000000121074E-001,-4.3871000000121074E-001, 4.4417720860430316E+000
-4.3771000000121074E-001,-4.3771000000121074E-001, 4.4317731913369700E+000
-4.3671000000121074E-001,-4.3671000000121074E-001, 4.4217742966308426E+000
-4.3571000000121074E-001,-4.3571000000121074E-001, 4.4117754019247464E+000
-4.3471000000121074E-001,-4.3471000000121074E-001, 4.4017765072186634E+000
-4.3371000000121074E-001,-4.3371000000121074E-001, 4.3917776125125636E+000
-4.3271000000121074E-001,-4.3271000000121074E-001, 4.3817787178064709E+000
-4.3171000000121074E-001,-4.3171000000121074E-001, 4.3717798231003639E+000
-4.3071000000121074E-001,-4.3071000000121074E-001, 4.3617809283943032E+000
-4.2971000000121073E-001,-4.2971000000121073E-001, 4.3517820336881829E+000
-4.2871000000121073E-001,-4.2871000000121073E-001, 4.3417831389821027E+000
-4.2771000000121073E-001,-4.2771000000121073E-001, 4.3317842442759922E+000
-4.2671000000121073E-001,-4.2671000000121073E-001, 4.3217853495699199E+000
-4.2571000000121073E-001,-4.2571000000121073E-001, 4.3117864548638174E+000
-4.2471000000121073E-001,-4.2471000000121073E-001, 4.3017875601577638E+000
-4.2371000000121073E-001,-4.2371000000121073E-001, 4.2917886654516906E+000
-4.2271000000121073E-001,-4.2271000000121073E-001, 4.2817897707455721E+000
-4.2171000000121073E-001,-4.2171000000121073E-001, 4.2717908760395069E+000
-4.2071000000121073E-001,-4.2071000000121073E-001, 4.2617919813333707E+000
-4.1971000000121073E-001,-4.1971000000121073E-001, 4.2517930866273277E+000
-4.1871000000121072E-001,-4.1871000000121072E-001, 4.2417941919212119E+000
-4.1771000000121072E-001,-4.1771000000121072E-001, 4.2317952972151218E+000
-4.1671000000121072E-001,-4.1671000000121072E-001, 4.2217964025090327E+000
-4.1571000000121072E-001,-4.1571000000121072E-001, 4.2117975078029426E+000
-4.1471000000121072E-001,-4.1471000000121072E-001, 4.2017986130968481E+000
-4.1371000000121072E-001,-4.1371000000121072E-001, 4.1917997183907874E+000
-4.1271000000121072E-001,-4.1271000000121072E-001, 4.1818008236846769E+000
-4.1171000000121072E-001,-4.1171000000121072E-001, 4.1718019289786099E+000
-4.1071000000121072E-001,-4.1071000000121072E-001, 4.1618030342725341E+000
-4.0971000000121072E-001,-4.0971000000121072E-001, 4.1518041395664547E+000
-4.0871000000121072E-001,-4.0871000000121072E-001, 4.1418052448603424E+000
-4.0771000000121072E-001,-4.0771000000121072E-001, 4.1318063501542683E+000
-4.0671000000121071E-001,-4.0671000000121071E-001, 4.1218074554481596E+000
-4.0571000000121071E-001,-4.0571000000121071E-001, 4.1118085607420900E+000
-4.0471000000121071E-001,-4.0471000000121071E-001, 4.1018096660359706E+000
-4.0371000000121071E-001,-4.0371000000121071E-001, 4.0918107713298850E+000
-4.0271000000121071E-001,-4.0271000000121071E-001, 4.0818118766238349E+000
-4.0171000000121071E-001,-4.0171000000121071E-001, 4.0718129819177120E+000
-4.0071000000121071E-001,-4.0071000000121071E-001, 4.0618140872116824E+000
-3.9971000000121071E-001,-3.9971000000121071E-001, 4.0518151925055879E+000
-3.9871000000121071E-001,-3.9871000000121071E-001, 4.0418162977994960E+000
-3.9771000000121071E-001,-3.9771000000121071E-001, 4.0318174030933820E+000
-3.9671000000121071E-001,-3.9671000000121071E-001, 4.0218185083873434E+000
-3.9571000000121070E-001,-3.9571000000121070E-001, 4.0118196136812578E+000
-3.9471000000121070E-001,-3.9471000000121070E-001, 4.0018207189751767E+000
-3.9371000000121070E-001,-3.9371000000121070E-001, 3.9918218242691066E+000
-3.9271000000121070E-001,-3.9271000000121070E-001, 3.9818229295630152E+000
-3.9171000000121070E-001,-3.9171000000121070E-001, 3.9718240348569194E+000
-3.9071000000121070E-001,-3.9071000000121070E-001, 3.9618251401508537E+000
-3.8971000000121070E-001,-3.8971000000121070E-001, 3.9518262454447406E+000
-3.8871000000121070E-001,-3.8871000000121070E-001, 3.9418273507387185E+000
-3.8771000000121070E-001,-3.8771000000121070E-001, 3.9318284560325925E+000
-3.8671000000121070E-001,-3.8671000000121070E-001, 3.9218295613265375E+000
-3.8571000000121070E-001,-3.8571000000121070E-001, 3.9118306666204701E+000
-3.8471000000121069E-001,-3.8471000000121069E-001, 3.9018317719143711E+000
-3.8371000000121069E-001,-3.8371000000121069E-001, 3.8918328772082988E+000
-3.8271000000121069E-001,-3.8271000000121069E-001, 3.8818339825021857E+000
-3.8171000000121069E-001,-3.8171000000121069E-001, 3.8718350877961512E+000
-3.8071000000121069E-001,-3.8071000000121069E-001, 3.8618361930900194E+000
-3.7971000000121069E-001,-3.7971000000121069E-001, 3.8518372983839759E+000
-3.7871000000121069E-001,-3.7871000000121069E-001, 3.8418384036779214E+000
-3.7771000000121069E-001,-3.7771000000121069E-001, 3.8318395089717932E+000
-3.7671000000121069E-001,-3.7671000000121069E-001, 3.8218406142657617E+000
-3.7571000000121069E-001,-3.7571000000121069E-001, 3.8118417195596761E+000
-3.7471000000121069E-001,-3.7471000000121069E-001, 3.8018428248535945E+000
-3.7371000000121068E-001,-3.7371000000121068E-001, 3.7918439301475075E+000
-3.7271000000121068E-001,-3.7271000000121068E-001, 3.7818450354414397E+000
-3.7171000000121068E-001,-3.7171000000121068E-001, 3.7718461407353758E+000
-3.7071000000121068E-001,-3.7071000000121068E-001, 3.7618472460292862E+000
-3.6971000000121068E-001,-3.6971000000121068E-001, 3.7518483513231997E+000
-3.6871000000121068E-001,-3.6871000000121068E-001, 3.7418494566171439E+000
-3.6771000000121068E-001,-3.6771000000121068E-001, 3.7318505619110329E+000
-3.6671000000121068E-001,-3.6671000000121068E-001, 3.7218516672050139E+000
-3.6571000000121068E-001,-3.6571000000121068E-001, 3.7118527724989057E+000
-3.6471000000121068E-001,-3.6471000000121068E-001, 3.7018538777928054E+000
-3.6371000000121068E-001,-3.6371000000121068E-001, 3.6918549830867575E+000
-3.6271000000121068E-001,-3.6271000000121068E-001, 3.6818560883806795E+000
-3.6171000000121067E-001,-3.6171000000121067E-001, 3.6718571936746378E+000
-3.6071000000121067E-001,-3.6071000000121067E-001, 3.6618582989685251E+000
-3.5971000000121067E-001,-3.5971000000121067E-001, 3.6518594042624590E+000
-3.5871000000121067E-001,-3.5871000000121067E-001, 3.6418605095563881E+000
-3.5771000000121067E-001,-3.5771000000121067E-001, 3.6318616148503695E+000
-3.5671000000121067E-001,-3.5671000000121067E-001, 3.6218627201442644E+000
-3.5571000000121067E-001,-3.5571000000121067E-001, 3.6118638254381659E+000
-3.5471000000121067E-001,-3.5471000000121067E-001, 3.6018649307321269E+000
-3.5371000000121067E-001,-3.5371000000121067E-001, 3.5918660360260644E+000
-3.5271000000121067E-001,-3.5271000000121067E-001, 3.5818671413200267E+000
-3.5171000000121067E-001,-3.5171000000121067E-001, 3.5718682466139371E+000
-3.5071000000121066E-001,-3.5071000000121066E-001, 3.5618693519078617E+000
-3.4971000000121066E-001,-3.4971000000121066E-001, 3.5518704572017339E+000
-3.4871000000121066E-001,-3.4871000000121066E-001, 3.5418715624956736E+000
-3.4771000000121066E-001,-3.4771000000121066E-001, 3.5318726677896408E+000
-3.4671000000121066E-001,-3.4671000000121066E-001, 3.5218737730835348E+000
-3.4571000000121066E-001,-3.4571000000121066E-001, 3.5118748783774603E+000
-3.4471000000121066E-001,-3.4471000000121066E-001, 3.5018759836714204E+000
-3.4371000000121066E-001,-3.4371000000121066E-001, 3.4918770889653539E+000
-3.4271000000121066E-001,-3.4271000000121066E-001, 3.4818781942593007E+000
-3.4171000000121066E-001,-3.4171000000121066E-001, 3.4718792995532137E+000
-3.4071000000121066E-001,-3.4071000000121066E-001, 3.4618804048471534E+000
-3.3971000000121065E-001,-3.3971000000121065E-001, 3.4518815101410740E+000
-3.3871000000121065E-001,-3.3871000000121065E-001, 3.4418826154349951E+000
-3.3771000000121065E-001,-3.3771000000121065E-001, 3.4318837207289774E+000
-3.3671000000121065E-001,-3.3671000000121065E-001, 3.4218848260228905E+000
-3.3571000000121065E-001,-3.3571000000121065E-001, 3.4118859313168466E+000
-3.3471000000121065E-001,-3.3471000000121065E-001, 3.4018870366107352E+000
-3.3371000000121065E-001,-3.3371000000121065E-001, 3.3918881419047064E+000
-3.3271000000121065E-001,-3.3271000000121065E-001, 3.3818892471985955E+000
-3.3171000000121065E-001,-3.3171000000121065E-001, 3.3718903524925747E+000
-3.3071000000121065E-001,-3.3071000000121065E-001, 3.3618914577864678E+000
-3.2971000000121065E-001,-3.2971000000121065E-001, 3.3518925630804430E+000
-3.2871000000121064E-001,-3.2871000000121064E-001, 3.3418936683743534E+000
-3.2771000000121064E-001,-3.2771000000121064E-001, 3.3318947736682882E+000
-3.2671000000121064E-001,-3.2671000000121064E-001, 3.3218958789622697E+000
-3.2571000000121064E-001,-3.2571000000121064E-001, 3.3118969842561485E+000
-3.2471000000121064E-001,-3.2471000000121064E-001, 3.3018980895501002E+000
-3.2371000000121064E-001,-3.2371000000121064E-001, 3.2918991948440333E+000
-3.2271000000121064E-001,-3.2271000000121064E-001, 3.2819003001379810E+000
-3.2171000000121064E-001,-3.2171000000121064E-001, 3.2719014054319318E+000
-3.2071000000121064E-001,-3.2071000000121064E-001, 3.2619025107258781E+000
-3.1971000000121064E-001,-3.1971000000121064E-001, 3.2519036160197721E+000
-3.1871000000121064E-001,-3.1871000000121064E-001, 3.2419047213137562E+000
-3.1771000000121064E-001,-3.1771000000121064E-001, 3.2319058266076492E+000
-3.1671000000121063E-001,-3.1671000000121063E-001, 3.2219069319016000E+000
-3.1571000000121063E-001,-3.1571000000121063E-001, 3.2119080371955229E+000
-3.1471000000121063E-001,-3.1471000000121063E-001, 3.2019091424894794E+000
-3.1371000000121063E-001,-3.1371000000121063E-001, 3.1919102477834227E+000
-3.1271000000121063E-001,-3.1271000000121063E-001, 3.1819113530774068E+000
-3.1171000000121063E-001,-3.1171000000121063E-001, 3.1719124583712750E+000
-3.1071000000121063E-001,-3.1071000000121063E-001, 3.1619135636652467E+000
-3.0971000000121063E-001,-3.0971000000121063E-001, 3.1519146689592081E+000
-3.0871000000121063E-001,-3.0871000000121063E-001, 3.1419157742531607E+000
-3.0771000000121063E-001,-3.0771000000121063E-001, 3.1319168795470946E+000
-3.0671000000121063E-001,-3.0671000000121063E-001, 3.1219179848410263E+000
-3.0571000000121062E-001,-3.0571000000121062E-001, 3.1119190901349651E+000
-3.0471000000121062E-001,-3.0471000000121062E-001, 3.1019201954289048E+000
-3.0371000000121062E-001,-3.0371000000121062E-001, 3.0919213007228739E+000
-3.0271000000121062E-001,-3.0271000000121062E-001, 3.0819224060167554E+000
-3.0171000000121062E-001,-3.0171000000121062E-001, 3.0719235113107177E+000
-3.0071000000121062E-001,-3.0071000000121062E-001, 3.0619246166046810E+000
-2.9971000000121062E-001,-2.9971000000121062E-001, 3.0519257218986042E+000
-2.9871000000121062E-001,-2.9871000000121062E-001, 3.0419268271925648E+000
-2.9771000000121062E-001,-2.9771000000121062E-001, 3.0319279324865169E+000
-2.9671000000121062E-001,-2.9671000000121062E-001, 3.0219290377804402E+000
-2.9571000000121062E-001,-2.9571000000121062E-001, 3.0119301430743892E+000
-2.9471000000121061E-001,-2.9471000000121061E-001, 3.0019312483683454E+000
-2.9371000000121061E-001,-2.9371000000121061E-001, 2.9919323536622691E+000
-2.9271000000121061E-001,-2.9271000000121061E-001, 2.9819334589562243E+000
-2.9171000000121061E-001,-2.9171000000121061E-001, 2.9719345642501582E+000
-2.9071000000121061E-001,-2.9071000000121061E-001, 2.9619356695440957E+000
-2.8971000000121061E-001,-2.8971000000121061E-001, 2.9519367748380643E+000
-2.8871000000121061E-001,-2.8871000000121061E-001, 2.9419378801320031E+000
-2.8771000000121061E-001,-2.8771000000121061E-001, 2.9319389854259668E+000
-2.8671000000121061E-001,-2.8671000000121061E-001, 2.9219400907199247E+000
-2.8571000000121061E-001,-2.8571000000121061E-001, 2.9119411960138906E+000
-2.8471000000121061E-001,-2.8471000000121061E-001, 2.9019423013078058E+000
-2.8371000000121060E-001,-2.8371000000121060E-001, 2.8919434066017451E+000
-2.8271000000121060E-001,-2.8271000000121060E-001, 2.8819445118956901E+000
-2.8171000000121060E-001,-2.8171000000121060E-001, 2.8719456171896525E+000
-2.8071000000121060E-001,-2.8071000000121060E-001, 2.8619467224835793E+000
-2.7971000000121060E-001,-2.7971000000121060E-001, 2.8519478277775510E+000
-2.7871000000121060E-001,-2.7871000000121060E-001, 2.8419489330715018E+000
-2.7771000000121060E-001,-2.7771000000121060E-001, 2.8319500383654272E+000
-2.7671000000121060E-001,-2.7671000000121060E-001, 2.8219511436593980E+000
-2.7571000000121060E-001,-2.7571000000121060E-001, 2.8119522489533733E+000
-2.7471000000121060E-001,-2.7471000000121060E-001, 2.8019533542473116E+000
-2.7371000000121060E-001,-2.7371000000121060E-001, 2.7919544595412762E+000
-2.7271000000121060E-001,-2.7271000000121060E-001, 2.7819555648351866E+000
-2.7171000000121059E-001,-2.7171000000121059E-001, 2.7719566701291503E+000
-2.7071000000121059E-001,-2.7071000000121059E-001, 2.7619577754231055E+000
-2.6971000000121059E-001,-2.6971000000121059E-001, 2.7519588807170412E+000
-2.6871000000121059E-001,-2.6871000000121059E-001, 2.7419599860109742E+000
-2.6771000000121059E-001,-2.6771000000121059E-001, 2.7319610913049521E+000
-2.6671000000121059E-001,-2.6671000000121059E-001, 2.7219621965989145E+000
-2.6571000000121059E-001,-2.6571000000121059E-001, 2.7119633018928200E+000
-2.6471000000121059E-001,-2.6471000000121059E-001, 2.7019644071867988E+000
-2.6371000000121059E-001,-2.6371000000121059E-001, 2.6919655124807420E+000
-2.6271000000121059E-001,-2.6271000000121059E-001, 2.6819666177747119E+000
-2.6171000000121059E-001,-2.6171000000121059E-001, 2.6719677230686854E+000
-2.6071000000121058E-001,-2.6071000000121058E-001, 2.6619688283626481E+000
-2.5971000000121058E-001,-2.5971000000121058E-001, 2.6519699336565838E+000
-2.5871000000121058E-001,-2.5871000000121058E-001, 2.6419710389505497E+000
-2.5771000000121058E-001,-2.5771000000121058E-001, 2.6319721442444934E+000
-2.5671000000121058E-001,-2.5671000000121058E-001, 2.6219732495384567E+000
-2.5571000000121058E-001,-2.5571000000121058E-001, 2.6119743548323999E+000
-2.5471000000121058E-001,-2.5471000000121058E-001, 2.6019754601263747E+000
-2.5371000000121058E-001,-2.5371000000121058E-001, 2.5919765654203695E+000
-2.5271000000121058E-001,-2.5271000000121058E-001, 2.5819776707142434E+000
-2.5171000000121058E-001,-2.5171000000121058E-001, 2.5719787760082560E+000
-2.5071000000121058E-001,-2.5071000000121058E-001, 2.5619798813021810E+000
-2.4971000000121057E-001,-2.4971000000121057E-001, 2.5519809865961660E+000
-2.4871000000121057E-001,-2.4871000000121057E-001, 2.5419820918900928E+000
-2.4771000000121057E-001,-2.4771000000121057E-001, 2.5319831971840592E+000
-2.4671000000121057E-001,-2.4671000000121057E-001, 2.5219843024780304E+000
-2.4571000000121057E-001,-2.4571000000121057E-001, 2.5119854077719568E+000
-2.4471000000121057E-001,-2.4471000000121057E-001, 2.5019865130659222E+000
-2.4371000000121057E-001,-2.4371000000121057E-001, 2.4919876183598992E+000
-2.4271000000121057E-001,-2.4271000000121057E-001, 2.4819887236538709E+000
-2.4171000000121057E-001,-2.4171000000121057E-001, 2.4719898289478333E+000
-2.4071000000121057E-001,-2.4071000000121057E-001, 2.4619909342417681E+000
-2.3971000000121057E-001,-2.3971000000121057E-001, 2.4519920395356865E+000
-2.3871000000121056E-001,-2.3871000000121056E-001, 2.4419931448296759E+000
-2.3771000000121056E-001,-2.3771000000121056E-001, 2.4319942501236911E+000
-2.3671000000121056E-001,-2.3671000000121056E-001, 2.4219953554176192E+000
-2.3571000000121056E-001,-2.3571000000121056E-001, 2.4119964607115887E+000
-2.3471000000121056E-001,-2.3471000000121056E-001, 2.4019975660055537E+000
-2.3371000000121056E-001,-2.3371000000121056E-001, 2.3919986712994965E+000
-2.3271000000121056E-001,-2.3271000000121056E-001, 2.3819997765934744E+000
-2.3171000000121056E-001,-2.3171000000121056E-001, 2.3720008818874350E+000
-2.3071000000121056E-001,-2.3071000000121056E-001, 2.3620019871813969E+000
-2.2971000000121056E-001,-2.2971000000121056E-001, 2.3520030924753583E+000
-2.2871000000121056E-001,-2.2871000000121056E-001, 2.3420041977692967E+000
-2.2771000000121056E-001,-2.2771000000121056E-001, 2.3320053030632839E+000
-2.2671000000121055E-001,-2.2671000000121055E-001, 2.3220064083572280E+000
-2.2571000000121055E-001,-2.2571000000121055E-001, 2.3120075136512015E+000
-2.2471000000121055E-001,-2.2471000000121055E-001, 2.3020086189451683E+000
-2.2371000000121055E-001,-2.2371000000121055E-001, 2.2920097242391324E+000
-2.2271000000121055E-001,-2.2271000000121055E-001, 2.2820108295331130E+000
-2.2171000000121055E-001,-2.2171000000121055E-001, 2.2720119348270518E+000
-2.2071000000121055E-001,-2.2071000000121055E-001, 2.2620130401210137E+000
-2.1971000000121055E-001,-2.1971000000121055E-001, 2.2520141454149964E+000
-2.1871000000121055E-001,-2.1871000000121055E-001, 2.2420152507089184E+000
-2.1771000000121055E-001,-2.1771000000121055E-001, 2.2320163560029358E+000
-2.1671000000121055E-001,-2.1671000000121055E-001, 2.2220174612968608E+000
-2.1571000000121054E-001,-2.1571000000121054E-001, 2.2120185665908672E+000
-2.1471000000121054E-001,-2.1471000000121054E-001, 2.2020196718847980E+000
-2.1371000000121054E-001,-2.1371000000121054E-001, 2.1920207771787901E+000
-2.1271000000121054E-001,-2.1271000000121054E-001, 2.1820218824727817E+000
-2.1171000000121054E-001,-2.1171000000121054E-001, 2.1720229877667494E+000
-2.1071000000121054E-001,-2.1071000000121054E-001, 2.1620240930606944E+000
-2.0971000000121054E-001,-2.0971000000121054E-001, 2.1520251983546483E+000
-2.0871000000121054E-001,-2.0871000000121054E-001, 2.1420263036486289E+000
-2.0771000000121054E-001,-2.0771000000121054E-001, 2.1320274089426055E+000
-2.0671000000121054E-001,-2.0671000000121054E-001, 2.1220285142365709E+000
-2.0571000000121054E-001,-2.0571000000121054E-001, 2.1120296195305657E+000
-2.0471000000121053E-001,-2.0471000000121053E-001, 2.1020307248245014E+000
-2.0371000000121053E-001,-2.0371000000121053E-001, 2.0920318301184806E+000
-2.0271000000121053E-001,-2.0271000000121053E-001, 2.0820329354124456E+000
-2.0171000000121053E-001,-2.0171000000121053E-001, 2.0720340407064097E+000
-2.0071000000121053E-001,-2.0071000000121053E-001, 2.0620351460003765E+000
-1.9971000000121053E-001,-1.9971000000121053E-001, 2.0520362512943326E+000
-1.9871000000121053E-001,-1.9871000000121053E-001, 2.0420373565883319E+000
-1.9771000000121053E-001,-1.9771000000121053E-001, 2.0320384618823035E+000
-1.9671000000121053E-001,-1.9671000000121053E-001, 2.0220395671763005E+000
-1.9571000000121053E-001,-1.9571000000121053E-001, 2.0120406724702637E+000
-1.9471000000121053E-001,-1.9471000000121053E-001, 2.0020417777641941E+000
-1.9371000000121052E-001,-1.9371000000121052E-001, 1.9920428830582015E+000
-1.9271000000121052E-001,-1.9271000000121052E-001, 1.9820439883521708E+000
-1.9171000000121052E-001,-1.9171000000121052E-001, 1.9720450936461407E+000
-1.9071000000121052E-001,-1.9071000000121052E-001, 1.9620461989401361E+000
-1.8971000000121052E-001,-1.8971000000121052E-001, 1.9520473042340811E+000
-1.8871000000121052E-001,-1.8871000000121052E-001, 1.9420484095280617E+000
-1.8771000000121052E-001,-1.8771000000121052E-001, 1.9320495148220180E+000
-1.8671000000121052E-001,-1.8671000000121052E-001, 1.9220506201160101E+000
-1.8571000000121052E-001,-1.8571000000121052E-001, 1.9120517254099640E+000
-1.8471000000121052E-001,-1.8471000000121052E-001, 1.9020528307039686E+000
-1.8371000000121052E-001,-1.8371000000121052E-001, 1.8920539359979278E+000
-1.8271000000121052E-001,-1.8271000000121052E-001, 1.8820550412918804E+000
-1.8171000000121051E-001,-1.8171000000121051E-001, 1.8720561465858294E+000
-1.8071000000121051E-001,-1.8071000000121051E-001, 1.8620572518798437E+000
-1.7971000000121051E-001,-1.7971000000121051E-001, 1.8520583571738507E+000
-1.7871000000121051E-001,-1.7871000000121051E-001, 1.8420594624678133E+000
-1.7771000000121051E-001,-1.7771000000121051E-001, 1.8320605677617854E+000
-1.7671000000121051E-001,-1.7671000000121051E-001, 1.8220616730557526E+000
-1.7571000000121051E-001,-1.7571000000121051E-001, 1.8120627783497301E+000
-1.7471000000121051E-001,-1.7471000000121051E-001, 1.8020638836437228E+000
-1.7371000000121051E-001,-1.7371000000121051E-001, 1.7920649889376856E+000
-1.7271000000121051E-001,-1.7271000000121051E-001, 1.7820660942316788E+000
-1.7171000000121051E-001,-1.7171000000121051E-001, 1.7720671995256676E+000
-1.7071000000121050E-001,-1.7071000000121050E-001, 1.7620683048196271E+000
-1.6971000000121050E-001,-1.6971000000121050E-001, 1.7520694101136121E+000
-1.6871000000121050E-001,-1.6871000000121050E-001, 1.7420705154075891E+000
-1.6771000000121050E-001,-1.6771000000121050E-001, 1.7320716207015516E+000
-1.6671000000121050E-001,-1.6671000000121050E-001, 1.7220727259955730E+000
-1.6571000000121050E-001,-1.6571000000121050E-001, 1.7120738312895565E+000
-1.6471000000121050E-001,-1.6471000000121050E-001, 1.7020749365834982E+000
-1.6371000000121050E-001,-1.6371000000121050E-001, 1.6920760418774838E+000
-1.6271000000121050E-001,-1.6271000000121050E-001, 1.6820771471714770E+000
-1.6171000000121050E-001,-1.6171000000121050E-001, 1.6720782524654414E+000
-1.6071000000121050E-001,-1.6071000000121050E-001, 1.6620793577594850E+000
-1.5971000000121049E-001,-1.5971000000121049E-001, 1.6520804630533965E+000
-1.5871000000121049E-001,-1.5871000000121049E-001, 1.6420815683474070E+000
-1.5771000000121049E-001,-1.5771000000121049E-001, 1.6320826736413665E+000
-1.5671000000121049E-001,-1.5671000000121049E-001, 1.6220837789353604E+000
-1.5571000000121049E-001,-1.5571000000121049E-001, 1.6120848842293920E+000
-1.5471000000121049E-001,-1.5471000000121049E-001, 1.6020859895233195E+000
-1.5371000000121049E-001,-1.5371000000121049E-001, 1.5920870948173254E+000
-1.5271000000121049E-001,-1.5271000000121049E-001, 1.5820882001112941E+000
-1.5171000000121049E-001,-1.5171000000121049E-001, 1.5720893054052869E+000
-1.5071000000121049E-001,-1.5071000000121049E-001, 1.5620904106992979E+000
-1.4971000000121049E-001,-1.4971000000121049E-001, 1.5520915159932764E+000
-1.4871000000121049E-001,-1.4871000000121049E-001, 1.5420926212872144E+000
-1.4771000000121048E-001,-1.4771000000121048E-001, 1.5320937265812051E+000
-1.4671000000121048E-001,-1.4671000000121048E-001, 1.5220948318751997E+000
-1.4571000000121048E-001,-1.4571000000121048E-001, 1.5120959371691902E+000
-1.4471000000121048E-001,-1.4471000000121048E-001, 1.5020970424631788E+000
-1.4371000000121048E-001,-1.4371000000121048E-001, 1.4920981477571498E+000
-1.4271000000121048E-001,-1.4271000000121048E-001, 1.4820992530511472E+000
-1.4171000000121048E-001,-1.4171000000121048E-001, 1.4721003583451437E+000
-1.4071000000121048E-001,-1.4071000000121048E-001, 1.4621014636391529E+000
-1.3971000000121048E-001,-1.3971000000121048E-001, 1.4521025689330984E+000
-1.3871000000121048E-001,-1.3871000000121048E-001, 1.4421036742270668E+000
-1.3771000000121048E-001,-1.3771000000121048E-001, 1.4321047795210675E+000
-1.3671000000121047E-001,-1.3671000000121047E-001, 1.4221058848150891E+000
-1.3571000000121047E-001,-1.3571000000121047E-001, 1.4121069901091023E+000
-1.3471000000121047E-001,-1.3471000000121047E-001, 1.4021080954030547E+000
-1.3371000000121047E-001,-1.3371000000121047E-001, 1.3921092006970268E+000
-1.3271000000121047E-001,-1.3271000000121047E-001, 1.3821103059910338E+000
-1.3171000000121047E-001,-1.3171000000121047E-001, 1.3721114112850439E+000
-1.3071000000121047E-001,-1.3071000000121047E-001, 1.3621125165790222E+000
-1.2971000000121047E-001,-1.2971000000121047E-001, 1.3521136218730121E+000
-1.2871000000121047E-001,-1.2871000000121047E-001, 1.3421147271669800E+000
-1.2771000000121047E-001,-1.2771000000121047E-001, 1.3321158324609921E+000
-1.2671000000121047E-001,-1.2671000000121047E-001, 1.3221169377549677E+000
-1.2571000000121046E-001,-1.2571000000121046E-001, 1.3121180430489572E+000
-1.2471000000121046E-001,-1.2471000000121046E-001, 1.3021191483429613E+000
-1.2371000000121046E-001,-1.2371000000121046E-001, 1.2921202536369691E+000
-1.2271000000121046E-001,-1.2271000000121046E-001, 1.2821213589309064E+000
-1.2171000000121046E-001,-1.2171000000121046E-001, 1.2721224642249633E+000
-1.2071000000121046E-001,-1.2071000000121046E-001, 1.2621235695189366E+000
-1.1971000000121046E-001,-1.1971000000121046E-001, 1.2521246748129218E+000
-1.1871000000121046E-001,-1.1871000000121046E-001, 1.2421257801068730E+000
-1.1771000000121046E-001,-1.1771000000121046E-001, 1.2321268854009066E+000
-1.1671000000121046E-001,-1.1671000000121046E-001, 1.2221279906949349E+000
-1.1571000000121046E-001,-1.1571000000121046E-001, 1.2121290959889206E+000
-1.1471000000121045E-001,-1.1471000000121045E-001, 1.2021302012828601E+000
-1.1371000000121045E-001,-1.1371000000121045E-001, 1.1921313065768957E+000
-1.1271000000121045E-001,-1.1271000000121045E-001, 1.1821324118708851E+000
-1.1171000000121045E-001,-1.1171000000121045E-001, 1.1721335171648619E+000
-1.1071000000121045E-001,-1.1071000000121045E-001, 1.1621346224589044E+000
-1.0971000000121045E-001,-1.0971000000121045E-001, 1.1521357277528357E+000
-1.0871000000121045E-001,-1.0871000000121045E-001, 1.1421368330468298E+000
-1.0771000000121045E-001,-1.0771000000121045E-001, 1.1321379383408903E+000
-1.0671000000121045E-001,-1.0671000000121045E-001, 1.1221390436348588E+000
-1.0571000000121045E-001,-1.0571000000121045E-001, 1.1121401489288369E+000
-1.0471000000121045E-001,-1.0471000000121045E-001, 1.1021412542228362E+000
-1.0371000000121045E-001,-1.0371000000121045E-001, 1.0921423595168229E+000
-1.0271000000121044E-001,-1.0271000000121044E-001, 1.0821434648108716E+000
-1.0171000000121044E-001,-1.0171000000121044E-001, 1.0721445701048613E+000
-1.0071000000121044E-001,-1.0071000000121044E-001, 1.0621456753988241E+000
-9.9710000001210441E-002,-9.9710000001210441E-002, 1.0521467806928499E+000
-9.8710000001210441E-002,-9.8710000001210441E-002, 1.0421478859868252E+000
-9.7710000001210440E-002,-9.7710000001210440E-002, 1.0321489912808290E+000
-9.6710000001210439E-002,-9.6710000001210439E-002, 1.0221500965747974E+000
-9.5710000001210438E-002,-9.5710000001210438E-002, 1.0121512018688463E+000
-9.4710000001210437E-002,-9.4710000001210437E-002, 1.0021523071628344E+000
-9.3710000001210436E-002,-9.3710000001210436E-002, 9.9215341245680910E-001
-9.2710000001210435E-002,-9.2710000001210435E-002, 9.8215451775084850E-001
-9.1710000001210434E-002,-9.1710000001210434E-002, 9.7215562304485559E-001
-9.0710000001210433E-002,-9.0710000001210433E-002, 9.6215672833881705E-001
-8.9710000001210433E-002,-8.9710000001210433E-002, 9.5215783363281803E-001
-8.8710000001210432E-002,-8.8710000001210432E-002, 9.4215893892686919E-001
-8.7710000001210431E-002,-8.7710000001210431E-002, 9.3216004422081877E-001
-8.6710000001210430E-002,-8.6710000001210430E-002, 9.2216114951484696E-001
-8.5710000001210429E-002,-8.5710000001210429E-002, 9.1216225480883495E-001
-8.4710000001210428E-002,-8.4710000001210428E-002, 9.0216336010281484E-001
-8.3710000001210427E-002,-8.3710000001210427E-002, 8.9216446539686600E-001
-8.2710000001210426E-002,-8.2710000001210426E-002, 8.8216557069082391E-001
-8.1710000001210426E-002,-8.1710000001210426E-002, 8.7216667598486186E-001
-8.0710000001210425E-002,-8.0710000001210425E-002, 8.6216778127886973E-001
-7.9710000001210424E-002,-7.9710000001210424E-002, 8.5216888657283507E-001
-7.8710000001210423E-002,-7.8710000001210423E-002, 8.4216999186685126E-001
-7.7710000001210422E-002,-7.7710000001210422E-002, 8.3217109716088478E-001
-7.6710000001210421E-002,-7.6710000001210421E-002, 8.2217220245489742E-001
-7.5710000001210420E-002,-7.5710000001210420E-002, 8.1217330774888474E-001
-7.4710000001210419E-002,-7.4710000001210419E-002, 8.0217441304287407E-001
-7.3710000001210418E-002,-7.3710000001210418E-002, 7.9217551833689281E-001
-7.2710000001210418E-002,-7.2710000001210418E-002, 7.8217662363089291E-001
-7.1710000001210417E-002,-7.1710000001210417E-002, 7.7217772892491265E-001
-7.0710000001210416E-002,-7.0710000001210416E-002, 7.6217883421889177E-001
-6.9710000001210415E-002,-6.9710000001210415E-002, 7.5217993951290185E-001
-6.8710000001210414E-002,-6.8710000001210414E-002, 7.4218104480690150E-001
-6.7710000001210413E-002,-6.7710000001210413E-002, 7.3218215010093579E-001
-6.6710000001210412E-002,-6.6710000001210412E-002, 7.2218325539492734E-001
-6.5710000001210411E-002,-6.5710000001210411E-002, 7.1218436068894808E-001
-6.4710000001210410E-002,-6.4710000001210410E-002, 7.0218546598295839E-001
-6.3710000001210410E-002,-6.3710000001210410E-002, 6.9218657127697214E-001
-6.2710000001210409E-002,-6.2710000001210409E-002, 6.8218767657097634E-001
-6.1710000001210408E-002,-6.1710000001210408E-002, 6.7218878186496944E-001
-6.0710000001210407E-002,-6.0710000001210407E-002, 6.6218988715895144E-001
-5.9710000001210406E-002,-5.9710000001210406E-002, 6.5219099245305034E-001
-5.8710000001210405E-002,-5.8710000001210405E-002, 6.4219209774699271E-001
-5.7710000001210404E-002,-5.7710000001210404E-002, 6.3219320304103210E-001
-5.6710000001210403E-002,-5.6710000001210403E-002, 6.2219430833504397E-001
-5.5710000001210402E-002,-5.5710000001210402E-002, 6.1219541362905150E-001
-5.4710000001210402E-002,-5.4710000001210402E-002, 6.0219651892309611E-001
-5.3710000001210401E-002,-5.3710000001210401E-002, 5.9219762421705624E-001
-5.2710000001210400E-002,-5.2710000001210400E-002, 5.8219872951107754E-001
-5.1710000001210399E-002,-5.1710000001210399E-002, 5.7219983480505421E-001
-5.0710000001210398E-002,-5.0710000001210398E-002, 5.6220094009911803E-001
-4.9710000001210397E-002,-4.9710000001210397E-002, 5.5220204539314632E-001
-4.8710000001210396E-002,-4.8710000001210396E-002, 5.4220315068711467E-001
-4.7710000001210395E-002,-4.7710000001210395E-002, 5.3220425598113819E-001
-4.6710000001210394E-002,-4.6710000001210394E-002, 5.2220536127515116E-001
-4.5710000001210394E-002,-4.5710000001210394E-002, 5.1220646656916236E-001
-4.4710000001210393E-002,-4.4710000001210393E-002, 5.0220757186316234E-001
-4.3710000001210392E-002,-4.3710000001210392E-002, 4.9220867715718902E-001
-4.2710000001210391E-002,-4.2710000001210391E-002, 4.8220978245122353E-001
-4.1710000001210390E-002,-4.1710000001210390E-002, 4.7221088774519626E-001
-4.0710000001210389E-002,-4.0710000001210389E-002, 4.6221199303918670E-001
-3.9710000001210388E-002,-3.9710000001210388E-002, 4.5221309833326589E-001
-3.8710000001210387E-002,-3.8710000001210387E-002, 4.4221420362728481E-001
-3.7710000001210386E-002,-3.7710000001210386E-002, 4.3221530892129839E-001
-3.6710000001210386E-002,-3.6710000001210386E-002, 4.2221641421528272E-001
-3.5710000001210385E-002,-3.5710000001210385E-002, 4.1221751950933810E-001
-3.4710000001210384E-002,-3.4710000001210384E-002, 4.0221862480336434E-001
-3.3710000001210383E-002,-3.3710000001210383E-002, 3.9221973009732447E-001
-3.2710000001210382E-002,-3.2710000001210382E-002, 3.8222083539133556E-001
-3.1710000001210381E-002,-3.1710000001210381E-002, 3.7222194068537939E-001
-3.0710000001210380E-002,-3.0710000001210380E-002, 3.6222304597942523E-001
-2.9710000001210379E-002,-2.9710000001210379E-002, 3.5222415127338624E-001
-2.8710000001210378E-002,-2.8710000001210378E-002, 3.4222525656745417E-001
-2.7710000001210378E-002,-2.7710000001210378E-002, 3.3222636186146065E-001
-2.6710000001210377E-002,-2.6710000001210377E-002, 3.2222746715546186E-001
-2.5710000001210376E-002,-2.5710000001210376E-002, 3.1222857244949953E-001
-2.4710000001210375E-002,-2.4710000001210375E-002, 3.0222967774351611E-001
-2.3710000001210374E-002,-2.3710000001210374E-002, 2.9223078303751687E-001
-2.2710000001210373E-002,-2.2710000001210373E-002, 2.8223188833156709E-001
-2.1710000001210372E-002,-2.1710000001210372E-002, 2.7223299362554926E-001
-2.0710000001210371E-002,-2.0710000001210371E-002, 2.6223409891957278E-001
-1.9710000001210370E-002,-1.9710000001210370E-002, 2.5223520421360746E-001
-1.8710000001210370E-002,-1.8710000001210370E-002, 2.4223630950765274E-001
-1.7710000001210369E-002,-1.7710000001210369E-002, 2.3223741480161314E-001
-1.6710000001210368E-002,-1.6710000001210368E-002, 2.2223852009570519E-001
-1.5710000001210367E-002,-1.5710000001210367E-002, 2.1223962538972713E-001
-1.4710000001210366E-002,-1.4710000001210366E-002, 2.0224073068374110E-001
-1.3710000001210365E-002,-1.3710000001210365E-002, 1.9224183597772943E-001
-1.2710000001210364E-002,-1.2710000001210364E-002, 1.8224294127172447E-001
-1.1710000001210363E-002,-1.1710000001210363E-002, 1.7224404656580991E-001
-1.0710000001210362E-002,-1.0710000001210362E-002, 1.6224515185981575E-001
-9.7100000012103616E-003,-9.7100000012103616E-003, 1.5224625715382323E-001
-8.7100000012103607E-003,-8.7100000012103607E-003, 1.4224736244784345E-001
-7.7100000012103606E-003,-7.7100000012103606E-003, 1.3224846774187368E-001
-6.7100000012103606E-003,-6.7100000012103606E-003, 1.2224957303591254E-001
-5.7100000012103606E-003,-5.7100000012103606E-003, 1.1225067832995540E-001
-4.7100000012103606E-003,-4.7100000012103606E-003, 1.0225178362397623E-001
-3.7100000012103606E-003,-3.7100000012103606E-003, 9.2252888917982181E-002
-2.7100000012103605E-003,-2.7100000012103605E-003, 8.2253994211985398E-002
-1.7100000012103605E-003,-1.7100000012103605E-003, 7.2255099506032150E-002
-7.1000000121036050E-004,-7.1000000121036050E-004, 6.2256204800062893E-002
 2.8999999878963952E-004, 2.8999999878963952E-004, 5.2257310094098897E-002
 1.2899999987896395E-003, 1.2899999987896395E-003, 4.2258415388152774E-002
 2.2899999987896396E-003, 2.2899999987896396E-003, 3.2259520682137381E-002
 3.2899999987896396E-003, 3.2899999987896396E-003, 2.2260625976171504E-002
 4.2899999987896396E-003, 4.2899999987896396E-003, 1.2261731270181719E-002
 5.2899999987896396E-003, 5.2899999987896396E-003, 2.2628365642046980E-003
 6.2899999987896396E-003, 6.2899999987896396E-003,-7.7360581417634791E-003
 7.2899999987896397E-003, 7.2899999987896397E-003,-1.7734952847692911E-002
 8.2899999987896406E-003, 8.2899999987896406E-003,-2.7733847553692976E-002
 9.2899999987896414E-003, 9.2899999987896414E-003,-3.7732742259653014E-002
 1.0289999998789642E-002, 1.0289999998789642E-002,-4.7731636965640242E-002
 1.1289999998789643E-002, 1.1289999998789643E-002,-5.7730531671610734E-002
 1.2289999998789644E-002, 1.2289999998789644E-002,-6.7729426377541938E-002
 1.3289999998789645E-002, 1.3289999998789645E-002,-7.7728321083522359E-002
 1.4289999998789646E-002, 1.4289999998789646E-002,-8.7727215789532187E-002
 1.5289999998789647E-002, 1.5289999998789647E-002,-9.7726110495527485E-002
 1.6289999998789648E-002, 1.6289999998789648E-002,-1.0772500520146303E-001
 1.7289999998789649E-002, 1.7289999998789649E-002,-1.1772389990740069E-001
 1.8289999998789649E-002, 1.8289999998789649E-002,-1.2772279461338840E-001
 1.9289999998789650E-002, 1.9289999998789650E-002,-1.3772168931938653E-001
 2.0289999998789651E-002, 2.0289999998789651E-002,-1.4772058402534413E-001
 2.1289999998789652E-002, 2.1289999998789652E-002,-1.5771947873127695E-001
 2.2289999998789653E-002, 2.2289999998789653E-002,-1.6771837343727414E-001
 2.3289999998789654E-002, 2.3289999998789654E-002,-1.7771726814319350E-001
 2.4289999998789655E-002, 2.4289999998789655E-002,-1.8771616284918238E-001
 2.5289999998789656E-002, 2.5289999998789656E-002,-1.9771505755517449E-001
 2.6289999998789657E-002, 2.6289999998789657E-002,-2.0771395226110068E-001
 2.7289999998789657E-002, 2.7289999998789657E-002,-2.1771284696711082E-001
 2.8289999998789658E-002, 2.8289999998789658E-002,-2.2771174167307065E-001
 2.9289999998789659E-002, 2.9289999998789659E-002,-2.3771063637903242E-001
 3.0289999998789660E-002, 3.0289999998789660E-002,-2.4770953108500537E-001
 3.1289999998789661E-002, 3.1289999998789661E-002,-2.5770842579096875E-001
 3.2289999998789662E-002, 3.2289999998789662E-002,-2.6770732049691603E-001
 3.3289999998789663E-002, 3.3289999998789663E-002,-2.7770621520290167E-001
 3.4289999998789664E-002, 3.4289999998789664E-002,-2.8770510990882814E-001
 3.5289999998789665E-002, 3.5289999998789665E-002,-2.9770400461481733E-001
 3.6289999998789665E-002, 3.6289999998789665E-002,-3.0770289932077138E-001
 3.7289999998789666E-002, 3.7289999998789666E-002,-3.1770179402675397E-001
 3.8289999998789667E-002, 3.8289999998789667E-002,-3.2770068873268887E-001
 3.9289999998789668E-002, 3.9289999998789668E-002,-3.3769958343866741E-001
 4.0289999998789669E-002, 4.0289999998789669E-002,-3.4769847814463489E-001
 4.1289999998789670E-002, 4.1289999998789670E-002,-3.5769737285056857E-001
 4.2289999998789671E-002, 4.2289999998789671E-002,-3.6769626755656881E-001
 4.3289999998789672E-002, 4.3289999998789672E-002,-3.7769516226247785E-001
 4.4289999998789673E-002, 4.4289999998789673E-002,-3.8769405696847969E-001
 4.5289999998789673E-002, 4.5289999998789673E-002,-3.9769295167447011E-001
 4.6289999998789674E-002, 4.6289999998789674E-002,-4.0769184638037392E-001
 4.7289999998789675E-002, 4.7289999998789675E-002,-4.1769074108633147E-001
 4.8289999998789676E-002, 4.8289999998789676E-002,-4.2768963579231334E-001
 4.9289999998789677E-002, 4.9289999998789677E-002,-4.3768853049829792E-001
 5.0289999998789678E-002, 5.0289999998789678E-002,-4.4768742520421340E-001
 5.1289999998789679E-002, 5.1289999998789679E-002,-4.5768631991021430E-001
 5.2289999998789680E-002, 5.2289999998789680E-002,-4.6768521461616647E-001
 5.3289999998789681E-002, 5.3289999998789681E-002,-4.7768410932211758E-001
 5.4289999998789681E-002, 5.4289999998789681E-002,-4.8768300402809989E-001
 5.5289999998789682E-002, 5.5289999998789682E-002,-4.9768189873403484E-001
 5.6289999998789683E-002, 5.6289999998789683E-002,-5.0768079343998718E-001
 5.7289999998789684E-002, 5.7289999998789684E-002,-5.1767968814591192E-001
 5.8289999998789685E-002, 5.8289999998789685E-002,-5.2767858285193769E-001
 5.9289999998789686E-002, 5.9289999998789686E-002,-5.3767747755786055E-001
 6.0289999998789687E-002, 6.0289999998789687E-002,-5.4767637226381727E-001
 6.1289999998789688E-002, 6.1289999998789688E-002,-5.5767526696979530E-001
 6.2289999998789689E-002, 6.2289999998789689E-002,-5.6767416167572193E-001
 6.3289999998789689E-002, 6.3289999998789689E-002,-5.7767305638171762E-001
 6.4289999998789690E-002, 6.4289999998789690E-002,-5.8767195108767567E-001
 6.5289999998789691E-002, 6.5289999998789691E-002,-5.9767084579361518E-001
 6.6289999998789692E-002, 6.6289999998789692E-002,-6.0766974049955513E-001
 6.7289999998789693E-002, 6.7289999998789693E-002,-6.1766863520548199E-001
 6.8289999998789694E-002, 6.8289999998789694E-002,-6.2766752991147201E-001
 6.9289999998789695E-002, 6.9289999998789695E-002,-6.3766642461744438E-001
 7.0289999998789696E-002, 7.0289999998789696E-002,-6.4766531932335036E-001
 7.1289999998789697E-002, 7.1289999998789697E-002,-6.5766421402929798E-001
 7.2289999998789697E-002, 7.2289999998789697E-002,-6.6766310873527102E-001
 7.3289999998789698E-002, 7.3289999998789698E-002,-6.7766200344123795E-001
 7.4289999998789699E-002, 7.4289999998789699E-002,-6.8766089814719145E-001
 7.5289999998789700E-002, 7.5289999998789700E-002,-6.9765979285315416E-001
 7.6289999998789701E-002, 7.6289999998789701E-002,-7.0765868755909067E-001
 7.7289999998789702E-002, 7.7289999998789702E-002,-7.1765758226506438E-001
 7.8289999998789703E-002, 7.8289999998789703E-002,-7.2765647697099212E-001
 7.9289999998789704E-002, 7.9289999998789704E-002,-7.3765537167693829E-001
 8.0289999998789705E-002, 8.0289999998789705E-002,-7.4765426638293719E-001
 8.1289999998789705E-002, 8.1289999998789705E-002,-7.5765316108882041E-001
 8.2289999998789706E-002, 8.2289999998789706E-002,-7.6765205579482154E-001
 8.3289999998789707E-002, 8.3289999998789707E-002,-7.7765095050074129E-001
 8.4289999998789708E-002, 8.4289999998789708E-002,-7.8764984520668491E-001
 8.5289999998789709E-002, 8.5289999998789709E-002,-7.9764873991267327E-001
 8.6289999998789710E-002, 8.6289999998789710E-002,-8.0764763461863820E-001
 8.7289999998789711E-002, 8.7289999998789711E-002,-8.1764652932455295E-001
 8.8289999998789712E-002, 8.8289999998789712E-002,-8.2764542403051655E-001
 8.9289999998789712E-002, 8.9289999998789712E-002,-8.3764431873645195E-001
 9.0289999998789713E-002, 9.0289999998789713E-002,-8.4764321344240590E-001
 9.1289999998789714E-002, 9.1289999998789714E-002,-8.5764210814831598E-001
 9.2289999998789715E-002, 9.2289999998789715E-002,-8.6764100285430923E-001
 9.3289999998789716E-002, 9.3289999998789716E-002,-8.7763989756027050E-001
 9.4289999998789717E-002, 9.4289999998789717E-002,-8.8763879226621312E-001
 9.5289999998789718E-002, 9.5289999998789718E-002,-8.9763768697213886E-001
 9.6289999998789719E-002, 9.6289999998789719E-002,-9.0763658167809080E-001
 9.7289999998789720E-002, 9.7289999998789720E-002,-9.1763547638402532E-001
 9.8289999998789720E-002, 9.8289999998789720E-002,-9.2763437108995583E-001
 9.9289999998789721E-002, 9.9289999998789721E-002,-9.3763326579593820E-001
 1.0028999999878972E-001, 1.0028999999878972E-001,-9.4763216050186638E-001
 1.0128999999878972E-001, 1.0128999999878972E-001,-9.5763105520780867E-001
 1.0228999999878972E-001, 1.0228999999878972E-001,-9.6762994991377049E-001
 1.0328999999878972E-001, 1.0328999999878972E-001,-9.7762884461973965E-001
 1.0428999999878973E-001, 1.0428999999878973E-001,-9.8762773932563142E-001
 1.0528999999878973E-001, 1.0528999999878973E-001,-9.9762663403159313E-001
 1.0628999999878973E-001, 1.0628999999878973E-001,-1.0076255287375526E+000
 1.0728999999878973E-001, 1.0728999999878973E-001,-1.0176244234434653E+000
 1.0828999999878973E-001, 1.0828999999878973E-001,-1.0276233181494132E+000
 1.0928999999878973E-001, 1.0928999999878973E-001,-1.0376222128553252E+000
 1.1028999999878973E-001, 1.1028999999878973E-001,-1.0476211075613118E+000
 1.1128999999878973E-001, 1.1128999999878973E-001,-1.0576200022672471E+000
 1.1228999999878973E-001, 1.1228999999878973E-001,-1.0676188969731848E+000
 1.1328999999878973E-001, 1.1328999999878973E-001,-1.0776177916791574E+000
 1.1428999999878973E-001, 1.1428999999878973E-001,-1.0876166863850858E+000
 1.1528999999878974E-001, 1.1528999999878974E-001,-1.0976155810909780E+000
 1.1628999999878974E-001, 1.1628999999878974E-001,-1.1076144757969573E+000
 1.1728999999878974E-001, 1.1728999999878974E-001,-1.1176133705028914E+000
 1.1828999999878974E-001, 1.1828999999878974E-001,-1.1276122652088147E+000
 1.1928999999878974E-001, 1.1928999999878974E-001,-1.1376111599147949E+000
 1.2028999999878974E-001, 1.2028999999878974E-001,-1.1476100546207011E+000
 1.2128999999878974E-001, 1.2128999999878974E-001,-1.1576089493266755E+000
 1.2228999999878974E-001, 1.2228999999878974E-001,-1.1676078440325557E+000
 1.2328999999878974E-001, 1.2328999999878974E-001,-1.1776067387385378E+000
 1.2428999999878974E-001, 1.2428999999878974E-001,-1.1876056334444667E+000
 1.2528999999878973E-001, 1.2528999999878973E-001,-1.1976045281503942E+000
 1.2628999999878973E-001, 1.2628999999878973E-001,-1.2076034228563695E+000
 1.2728999999878973E-001, 1.2728999999878973E-001,-1.2176023175622639E+000
 1.2828999999878973E-001, 1.2828999999878973E-001,-1.2276012122682227E+000
 1.2928999999878973E-001, 1.2928999999878973E-001,-1.2376001069741775E+000
 1.3028999999878974E-001, 1.3028999999878974E-001,-1.2475990016800791E+000
 1.3128999999878974E-001, 1.3128999999878974E-001,-1.2575978963860641E+000
 1.3228999999878974E-001, 1.3228999999878974E-001,-1.2675967910919781E+000
 1.3328999999878974E-001, 1.3328999999878974E-001,-1.2775956857979269E+000
 1.3428999999878974E-001, 1.3428999999878974E-001,-1.2875945805038855E+000
 1.3528999999878974E-001, 1.3528999999878974E-001,-1.2975934752097769E+000
 1.3628999999878974E-001, 1.3628999999878974E-001,-1.3075923699157466E+000
 1.3728999999878974E-001, 1.3728999999878974E-001,-1.3175912646216166E+000
 1.3828999999878974E-001, 1.3828999999878974E-001,-1.3275901593275883E+000
 1.3928999999878974E-001, 1.3928999999878974E-001,-1.3375890540335271E+000
 1.4028999999878974E-001, 1.4028999999878974E-001,-1.3475879487394755E+000
 1.4128999999878974E-001, 1.4128999999878974E-001,-1.3575868434453928E+000
 1.4228999999878975E-001, 1.4228999999878975E-001,-1.3675857381513359E+000
 1.4328999999878975E-001, 1.4328999999878975E-001,-1.3775846328572501E+000
 1.4428999999878975E-001, 1.4428999999878975E-001,-1.3875835275632191E+000
 1.4528999999878975E-001, 1.4528999999878975E-001,-1.3975824222691640E+000
 1.4628999999878975E-001, 1.4628999999878975E-001,-1.4075813169750584E+000
 1.4728999999878975E-001, 1.4728999999878975E-001,-1.4175802116810110E+000
 1.4828999999878975E-001, 1.4828999999878975E-001,-1.4275791063869523E+000
 1.4928999999878975E-001, 1.4928999999878975E-001,-1.4375780010928261E+000
 1.5028999999878975E-001, 1.5028999999878975E-001,-1.4475768957987967E+000
 1.5128999999878975E-001, 1.5128999999878975E-001,-1.4575757905047275E+000
 1.5228999999878975E-001, 1.5228999999878975E-001,-1.4675746852106208E+000
 1.5328999999878976E-001, 1.5328999999878976E-001,-1.4775735799165723E+000
 1.5428999999878976E-001, 1.5428999999878976E-001,-1.4875724746224901E+000
 1.5528999999878976E-001, 1.5528999999878976E-001,-1.4975713693284474E+000
 1.5628999999878976E-001, 1.5628999999878976E-001,-1.5075702640343935E+000
 1.5728999999878976E-001, 1.5728999999878976E-001,-1.5175691587402982E+000
 1.5828999999878976E-001, 1.5828999999878976E-001,-1.5275680534462450E+000
 1.5928999999878976E-001, 1.5928999999878976E-001,-1.5375669481521539E+000
 1.6028999999878976E-001, 1.6028999999878976E-001,-1.5475658428580952E+000
 1.6128999999878976E-001, 1.6128999999878976E-001,-1.5575647375639974E+000
 1.6228999999878976E-001, 1.6228999999878976E-001,-1.5675636322699347E+000
 1.6328999999878976E-001, 1.6328999999878976E-001,-1.5775625269758122E+000
 1.6428999999878977E-001, 1.6428999999878977E-001,-1.5875614216817677E+000
 1.6528999999878977E-001, 1.6528999999878977E-001,-1.5975603163877328E+000
 1.6628999999878977E-001, 1.6628999999878977E-001,-1.6075592110936627E+000
 1.6728999999878977E-001, 1.6728999999878977E-001,-1.6175581057995343E+000
 1.6828999999878977E-001, 1.6828999999878977E-001,-1.6275570005055098E+000
 1.6928999999878977E-001, 1.6928999999878977E-001,-1.6375558952114306E+000
 1.7028999999878977E-001, 1.7028999999878977E-001,-1.6475547899173233E+000
 1.7128999999878977E-001, 1.7128999999878977E-001,-1.6575536846232659E+000
 1.7228999999878977E-001, 1.7228999999878977E-001,-1.6675525793291883E+000
 1.7328999999878977E-001, 1.7328999999878977E-001,-1.6775514740351345E+000
 1.7428999999878977E-001, 1.7428999999878977E-001,-1.6875503687410793E+000
 1.7528999999878978E-001, 1.7528999999878978E-001,-1.6975492634469396E+000
 1.7628999999878978E-001, 1.7628999999878978E-001,-1.7075481581528862E+000
 1.7728999999878978E-001, 1.7728999999878978E-001,-1.7175470528588268E+000
 1.7828999999878978E-001, 1.7828999999878978E-001,-1.7275459475647701E+000
 1.7928999999878978E-001, 1.7928999999878978E-001,-1.7375448422706876E+000
 1.8028999999878978E-001, 1.8028999999878978E-001,-1.7475437369766043E+000
 1.8128999999878978E-001, 1.8128999999878978E-001,-1.7575426316825131E+000
 1.8228999999878978E-001, 1.8228999999878978E-001,-1.7675415263884500E+000
 1.8328999999878978E-001, 1.8328999999878978E-001,-1.7775404210943193E+000
 1.8428999999878978E-001, 1.8428999999878978E-001,-1.7875393158002704E+000
 1.8528999999878978E-001, 1.8528999999878978E-001,-1.7975382105061852E+000
 1.8628999999878978E-001, 1.8628999999878978E-001,-1.8075371052120814E+000
 1.8728999999878979E-001, 1.8728999999878979E-001,-1.8175359999180178E+000
 1.8828999999878979E-001, 1.8828999999878979E-001,-1.8275348946239884E+000
 1.8928999999878979E-001, 1.8928999999878979E-001,-1.8375337893298589E+000
 1.9028999999878979E-001, 1.9028999999878979E-001,-1.8475326840358195E+000
 1.9128999999878979E-001, 1.9128999999878979E-001,-1.8575315787417261E+000
 1.9228999999878979E-001, 1.9228999999878979E-001,-1.8675304734476486E+000
 1.9328999999878979E-001, 1.9328999999878979E-001,-1.8775293681535601E+000
 1.9428999999878979E-001, 1.9428999999878979E-001,-1.8875282628594647E+000
 1.9528999999878979E-001, 1.9528999999878979E-001,-1.8975271575654182E+000
 1.9628999999878979E-001, 1.9628999999878979E-001,-1.9075260522713398E+000
 1.9728999999878979E-001, 1.9728999999878979E-001,-1.9175249469772166E+000
 1.9828999999878980E-001, 1.9828999999878980E-001,-1.9275238416831337E+000
 1.9928999999878980E-001, 1.9928999999878980E-001,-1.9375227363890446E+000
 2.0028999999878980E-001, 2.0028999999878980E-001,-1.9475216310949781E+000
 2.0128999999878980E-001, 2.0128999999878980E-001,-1.9575205258009007E+000
 2.0228999999878980E-001, 2.0228999999878980E-001,-1.9675194205068132E+000
 2.0328999999878980E-001, 2.0328999999878980E-001,-1.9775183152127749E+000
 2.0428999999878980E-001, 2.0428999999878980E-001,-1.9875172099186351E+000
 2.0528999999878980E-001, 2.0528999999878980E-001,-1.9975161046245655E+000
 2.0628999999878980E-001, 2.0628999999878980E-001,-2.0075149993304766E+000
 2.0728999999878980E-001, 2.0728999999878980E-001,-2.0175138940363992E+000
 2.0828999999878980E-001, 2.0828999999878980E-001,-2.0275127887423254E+000
 2.0928999999878981E-001, 2.0928999999878981E-001,-2.0375116834482485E+000
 2.1028999999878981E-001, 2.1028999999878981E-001,-2.0475105781541458E+000
 2.1128999999878981E-001, 2.1128999999878981E-001,-2.0575094728600729E+000
 2.1228999999878981E-001, 2.1228999999878981E-001,-2.0675083675659738E+000
 2.1328999999878981E-001, 2.1328999999878981E-001,-2.0775072622719062E+000
 2.1428999999878981E-001, 2.1428999999878981E-001,-2.0875061569777711E+000
 2.1528999999878981E-001, 2.1528999999878981E-001,-2.0975050516836835E+000
 2.1628999999878981E-001, 2.1628999999878981E-001,-2.1075039463895977E+000
 2.1728999999878981E-001, 2.1728999999878981E-001,-2.1175028410955306E+000
 2.1828999999878981E-001, 2.1828999999878981E-001,-2.1275017358014896E+000
 2.1928999999878981E-001, 2.1928999999878981E-001,-2.1375006305073470E+000
 2.2028999999878981E-001, 2.2028999999878981E-001,-2.1474995252132243E+000
 2.2128999999878982E-001, 2.2128999999878982E-001,-2.1574984199191785E+000
 2.2228999999878982E-001, 2.2228999999878982E-001,-2.1674973146250749E+000
 2.2328999999878982E-001, 2.2328999999878982E-001,-2.1774962093309900E+000
 2.2428999999878982E-001, 2.2428999999878982E-001,-2.1874951040369277E+000
 2.2528999999878982E-001, 2.2528999999878982E-001,-2.1974939987428024E+000
 2.2628999999878982E-001, 2.2628999999878982E-001,-2.2074928934486864E+000
 2.2728999999878982E-001, 2.2728999999878982E-001,-2.2174917881546699E+000
 2.2828999999878982E-001, 2.2828999999878982E-001,-2.2274906828605183E+000
 2.2928999999878982E-001, 2.2928999999878982E-001,-2.2374895775664378E+000
 2.3028999999878982E-001, 2.3028999999878982E-001,-2.2474884722723472E+000
 2.3128999999878982E-001, 2.3128999999878982E-001,-2.2574873669782622E+000
 2.3228999999878983E-001, 2.3228999999878983E-001,-2.2674862616841831E+000
 2.3328999999878983E-001, 2.3328999999878983E-001,-2.2774851563900591E+000
 2.3428999999878983E-001, 2.3428999999878983E-001,-2.2874840510959831E+000
 2.3528999999878983E-001, 2.3528999999878983E-001,-2.2974829458018733E+000
 2.3628999999878983E-001, 2.3628999999878983E-001,-2.3074818405077977E+000
 2.3728999999878983E-001, 2.3728999999878983E-001,-2.3174807352137456E+000
 2.3828999999878983E-001, 2.3828999999878983E-001,-2.3274796299196141E+000
 2.3928999999878983E-001, 2.3928999999878983E-001,-2.3374785246255247E+000
 2.4028999999878983E-001, 2.4028999999878983E-001,-2.3474774193314429E+000
 2.4128999999878983E-001, 2.4128999999878983E-001,-2.3574763140373367E+000
 2.4228999999878983E-001, 2.4228999999878983E-001,-2.3674752087432576E+000
 2.4328999999878984E-001, 2.4328999999878984E-001,-2.3774741034491726E+000
 2.4428999999878984E-001, 2.4428999999878984E-001,-2.3874729981550677E+000
 2.4528999999878984E-001, 2.4528999999878984E-001,-2.3974718928609828E+000
 2.4628999999878984E-001, 2.4628999999878984E-001,-2.4074707875668344E+000
 2.4728999999878984E-001, 2.4728999999878984E-001,-2.4174696822727801E+000
 2.4828999999878984E-001, 2.4828999999878984E-001,-2.4274685769786628E+000
 2.4928999999878984E-001, 2.4928999999878984E-001,-2.4374674716845774E+000
 2.5028999999878981E-001, 2.5028999999878981E-001,-2.4474663663905063E+000
 2.5128999999878981E-001, 2.5128999999878981E-001,-2.4574652610963654E+000
 2.5228999999878982E-001, 2.5228999999878982E-001,-2.4674641558022889E+000
 2.5328999999878982E-001, 2.5328999999878982E-001,-2.4774630505081503E+000
 2.5428999999878982E-001, 2.5428999999878982E-001,-2.4874619452140552E+000
 2.5528999999878982E-001, 2.5528999999878982E-001,-2.4974608399200031E+000
 2.5628999999878982E-001, 2.5628999999878982E-001,-2.5074597346258631E+000
 2.5728999999878982E-001, 2.5728999999878982E-001,-2.5174586293317569E+000
 2.5828999999878982E-001, 2.5828999999878982E-001,-2.5274575240376920E+000
 2.5928999999878982E-001, 2.5928999999878982E-001,-2.5374564187435964E+000
 2.6028999999878982E-001, 2.6028999999878982E-001,-2.5474553134494862E+000
 2.6128999999878982E-001, 2.6128999999878982E-001,-2.5574542081553897E+000
 2.6228999999878982E-001, 2.6228999999878982E-001,-2.5674531028612617E+000
 2.6328999999878983E-001, 2.6328999999878983E-001,-2.5774519975671835E+000
 2.6428999999878983E-001, 2.6428999999878983E-001,-2.5874508922730719E+000
 2.6528999999878983E-001, 2.6528999999878983E-001,-2.5974497869790176E+000
 2.6628999999878983E-001, 2.6628999999878983E-001,-2.6074486816848896E+000
 2.6728999999878983E-001, 2.6728999999878983E-001,-2.6174475763907754E+000
 2.6828999999878983E-001, 2.6828999999878983E-001,-2.6274464710966345E+000
 2.6928999999878983E-001, 2.6928999999878983E-001,-2.6374453658025891E+000
 2.7028999999878983E-001, 2.7028999999878983E-001,-2.6474442605084856E+000
 2.7128999999878983E-001, 2.7128999999878983E-001,-2.6574431552143456E+000
 2.7228999999878983E-001, 2.7228999999878983E-001,-2.6674420499202478E+000
 2.7328999999878983E-001, 2.7328999999878983E-001,-2.6774409446261354E+000
 2.7428999999878984E-001, 2.7428999999878984E-001,-2.6874398393320509E+000
 2.7528999999878984E-001, 2.7528999999878984E-001,-2.6974387340379433E+000
 2.7628999999878984E-001, 2.7628999999878984E-001,-2.7074376287438464E+000
 2.7728999999878984E-001, 2.7728999999878984E-001,-2.7174365234497353E+000
 2.7828999999878984E-001, 2.7828999999878984E-001,-2.7274354181556753E+000
 2.7928999999878984E-001, 2.7928999999878984E-001,-2.7374343128615375E+000
 2.8028999999878984E-001, 2.8028999999878984E-001,-2.7474332075673997E+000
 2.8128999999878984E-001, 2.8128999999878984E-001,-2.7574321022732997E+000
 2.8228999999878984E-001, 2.8228999999878984E-001,-2.7674309969791913E+000
 2.8328999999878984E-001, 2.8328999999878984E-001,-2.7774298916851188E+000
 2.8428999999878984E-001, 2.8428999999878984E-001,-2.7874287863909823E+000
 2.8528999999878984E-001, 2.8528999999878984E-001,-2.7974276810969103E+000
 2.8628999999878985E-001, 2.8628999999878985E-001,-2.8074265758027823E+000
 2.8728999999878985E-001, 2.8728999999878985E-001,-2.8174254705086885E+000
 2.8828999999878985E-001, 2.8828999999878985E-001,-2.8274243652145872E+000
 2.8928999999878985E-001, 2.8928999999878985E-001,-2.8374232599204547E+000
 2.9028999999878985E-001, 2.9028999999878985E-001,-2.8474221546263627E+000
 2.9128999999878985E-001, 2.9128999999878985E-001,-2.8574210493321983E+000
 2.9228999999878985E-001, 2.9228999999878985E-001,-2.8674199440381107E+000
 2.9328999999878985E-001, 2.9328999999878985E-001,-2.8774188387440183E+000
 2.9428999999878985E-001, 2.9428999999878985E-001,-2.8874177334499493E+000
 2.9528999999878985E-001, 2.9528999999878985E-001,-2.8974166281557858E+000
 2.9628999999878985E-001, 2.9628999999878985E-001,-2.9074155228616760E+000
 2.9728999999878986E-001, 2.9728999999878986E-001,-2.9174144175675707E+000
 2.9828999999878986E-001, 2.9828999999878986E-001,-2.9274133122734511E+000
 2.9928999999878986E-001, 2.9928999999878986E-001,-2.9374122069793596E+000
 3.0028999999878986E-001, 3.0028999999878986E-001,-2.9474111016852289E+000
 3.0128999999878986E-001, 3.0128999999878986E-001,-2.9574099963911440E+000
 3.0228999999878986E-001, 3.0228999999878986E-001,-2.9674088910969854E+000
 3.0328999999878986E-001, 3.0328999999878986E-001,-2.9774077858029107E+000
 3.0428999999878986E-001, 3.0428999999878986E-001,-2.9874066805087893E+000
 3.0528999999878986E-001, 3.0528999999878986E-001,-2.9974055752146858E+000
 3.0628999999878986E-001, 3.0628999999878986E-001,-3.0074044699205666E+000
 3.0728999999878986E-001, 3.0728999999878986E-001,-3.0174033646264968E+000
 3.0828999999878987E-001, 3.0828999999878987E-001,-3.0274022593323506E+000
 3.0928999999878987E-001, 3.0928999999878987E-001,-3.0374011540382413E+000
 3.1028999999878987E-001, 3.1028999999878987E-001,-3.0474000487441146E+000
 3.1128999999878987E-001, 3.1128999999878987E-001,-3.0573989434499622E+000
 3.1228999999878987E-001, 3.1228999999878987E-001,-3.0673978381558680E+000
 3.1328999999878987E-001, 3.1328999999878987E-001,-3.0773967328617813E+000
 3.1428999999878987E-001, 3.1428999999878987E-001,-3.0873956275676715E+000
 3.1528999999878987E-001, 3.1528999999878987E-001,-3.0973945222734822E+000
 3.1628999999878987E-001, 3.1628999999878987E-001,-3.1073934169794395E+000
 3.1728999999878987E-001, 3.1728999999878987E-001,-3.1173923116853008E+000
 3.1828999999878987E-001, 3.1828999999878987E-001,-3.1273912063911729E+000
 3.1928999999878988E-001, 3.1928999999878988E-001,-3.1373901010970826E+000
 3.2028999999878988E-001, 3.2028999999878988E-001,-3.1473889958029133E+000
 3.2128999999878988E-001, 3.2128999999878988E-001,-3.1573878905088391E+000
 3.2228999999878988E-001, 3.2228999999878988E-001,-3.1673867852147324E+000
 3.2328999999878988E-001, 3.2328999999878988E-001,-3.1773856799205813E+000
 3.2428999999878988E-001, 3.2428999999878988E-001,-3.1873845746264768E+000
 3.2528999999878988E-001, 3.2528999999878988E-001,-3.1973834693323750E+000
 3.2628999999878988E-001, 3.2628999999878988E-001,-3.2073823640382280E+000
 3.2728999999878988E-001, 3.2728999999878988E-001,-3.2173812587441319E+000
 3.2828999999878988E-001, 3.2828999999878988E-001,-3.2273801534500035E+000
 3.2928999999878988E-001, 3.2928999999878988E-001,-3.2373790481558502E+000
 3.3028999999878988E-001, 3.3028999999878988E-001,-3.2473779428617493E+000
 3.3128999999878989E-001, 3.3128999999878989E-001,-3.2573768375675987E+000
 3.3228999999878989E-001, 3.3228999999878989E-001,-3.2673757322734978E+000
 3.3328999999878989E-001, 3.3328999999878989E-001,-3.2773746269794137E+000
 3.3428999999878989E-001, 3.3428999999878989E-001,-3.2873735216852946E+000
 3.3528999999878989E-001, 3.3528999999878989E-001,-3.2973724163911409E+000
 3.3628999999878989E-001, 3.3628999999878989E-001,-3.3073713110970293E+000
 3.3728999999878989E-001, 3.3728999999878989E-001,-3.3173702058028995E+000
 3.3828999999878989E-001, 3.3828999999878989E-001,-3.3273691005088377E+000
 3.3928999999878989E-001, 3.3928999999878989E-001,-3.3373679952146342E+000
 3.4028999999878989E-001, 3.4028999999878989E-001,-3.3473668899205200E+000
 3.4128999999878989E-001, 3.4128999999878989E-001,-3.3573657846264413E+000
 3.4228999999878990E-001, 3.4228999999878990E-001,-3.3673646793323049E+000
 3.4328999999878990E-001, 3.4328999999878990E-001,-3.3773635740381325E+000
 3.4428999999878990E-001, 3.4428999999878990E-001,-3.3873624687440356E+000
 3.4528999999878990E-001, 3.4528999999878990E-001,-3.3973613634499347E+000
 3.4628999999878990E-001, 3.4628999999878990E-001,-3.4073602581557494E+000
 3.4728999999878990E-001, 3.4728999999878990E-001,-3.4173591528616694E+000
 3.4828999999878990E-001, 3.4828999999878990E-001,-3.4273580475675649E+000
 3.4928999999878990E-001, 3.4928999999878990E-001,-3.4373569422733956E+000
 3.5028999999878990E-001, 3.5028999999878990E-001,-3.4473558369792987E+000
 3.5128999999878990E-001, 3.5128999999878990E-001,-3.4573547316851481E+000
 3.5228999999878990E-001, 3.5228999999878990E-001,-3.4673536263910356E+000
 3.5328999999878991E-001, 3.5328999999878991E-001,-3.4773525210969245E+000
 3.5428999999878991E-001, 3.5428999999878991E-001,-3.4873514158027903E+000
 3.5528999999878991E-001, 3.5528999999878991E-001,-3.4973503105086707E+000
 3.5628999999878991E-001, 3.5628999999878991E-001,-3.5073492052145463E+000
 3.5728999999878991E-001, 3.5728999999878991E-001,-3.5173480999203881E+000
 3.5828999999878991E-001, 3.5828999999878991E-001,-3.5273469946262663E+000
 3.5928999999878991E-001, 3.5928999999878991E-001,-3.5373458893321308E+000
 3.6028999999878991E-001, 3.6028999999878991E-001,-3.5473447840379921E+000
 3.6128999999878991E-001, 3.6128999999878991E-001,-3.5573436787438699E+000
 3.6228999999878991E-001, 3.6228999999878991E-001,-3.5673425734497481E+000
 3.6328999999878991E-001, 3.6328999999878991E-001,-3.5773414681555908E+000
 3.6428999999878992E-001, 3.6428999999878992E-001,-3.5873403628614571E+000
 3.6528999999878992E-001, 3.6528999999878992E-001,-3.5973392575673535E+000
 3.6628999999878992E-001, 3.6628999999878992E-001,-3.6073381522732415E+000
 3.6728999999878992E-001, 3.6728999999878992E-001,-3.6173370469790753E+000
 3.6828999999878992E-001, 3.6828999999878992E-001,-3.6273359416849971E+000
 3.6928999999878992E-001, 3.6928999999878992E-001,-3.6373348363908602E+000
 3.7028999999878992E-001, 3.7028999999878992E-001,-3.6473337310966976E+000
 3.7128999999878992E-001, 3.7128999999878992E-001,-3.6573326258026237E+000
 3.7228999999878992E-001, 3.7228999999878992E-001,-3.6673315205084180E+000
 3.7328999999878992E-001, 3.7328999999878992E-001,-3.6773304152142789E+000
 3.7428999999878992E-001, 3.7428999999878992E-001,-3.6873293099201558E+000
 3.7528999999878992E-001, 3.7528999999878992E-001,-3.6973282046260345E+000
 3.7628999999878993E-001, 3.7628999999878993E-001,-3.7073270993319078E+000
 3.7728999999878993E-001, 3.7728999999878993E-001,-3.7173259940377816E+000
 3.7828999999878993E-001, 3.7828999999878993E-001,-3.7273248887436239E+000
 3.7928999999878993E-001, 3.7928999999878993E-001,-3.7373237834494919E+000
 3.8028999999878993E-001, 3.8028999999878993E-001,-3.7473226781553710E+000
 3.8128999999878993E-001, 3.8128999999878993E-001,-3.7573215728612790E+000
 3.8228999999878993E-001, 3.8228999999878993E-001,-3.7673204675670986E+000
 3.8328999999878993E-001, 3.8328999999878993E-001,-3.7773193622729870E+000
 3.8428999999878993E-001, 3.8428999999878993E-001,-3.7873182569788115E+000
 3.8528999999878993E-001, 3.8528999999878993E-001,-3.7973171516846844E+000
 3.8628999999878993E-001, 3.8628999999878993E-001,-3.8073160463905706E+000
 3.8728999999878994E-001, 3.8728999999878994E-001,-3.8173149410964027E+000
 3.8828999999878994E-001, 3.8828999999878994E-001,-3.8273138358022742E+000
 3.8928999999878994E-001, 3.8928999999878994E-001,-3.8373127305081329E+000
 3.9028999999878994E-001, 3.9028999999878994E-001,-3.8473116252140005E+000
 3.9128999999878994E-001, 3.9128999999878994E-001,-3.8573105199198694E+000
 3.9228999999878994E-001, 3.9228999999878994E-001,-3.8673094146257028E+000
 3.9328999999878994E-001, 3.9328999999878994E-001,-3.8773083093316019E+000
 3.9428999999878994E-001, 3.9428999999878994E-001,-3.8873072040374650E+000
 3.9528999999878994E-001, 3.9528999999878994E-001,-3.8973060987433250E+000
 3.9628999999878994E-001, 3.9628999999878994E-001,-3.9073049934491220E+000
 3.9728999999878994E-001, 3.9728999999878994E-001,-3.9173038881550517E+000
 3.9828999999878995E-001, 3.9828999999878995E-001,-3.9273027828608660E+000
 3.9928999999878995E-001, 3.9928999999878995E-001,-3.9373016775667442E+000
 4.0028999999878995E-001, 4.0028999999878995E-001,-3.9473005722726282E+000
 4.0128999999878995E-001, 4.0128999999878995E-001,-3.9572994669784527E+000
 4.0228999999878995E-001, 4.0228999999878995E-001,-3.9672983616843260E+000
 4.0328999999878995E-001, 4.0328999999878995E-001,-3.9772972563901492E+000
 4.0428999999878995E-001, 4.0428999999878995E-001,-3.9872961510960190E+000
 4.0528999999878995E-001, 4.0528999999878995E-001,-3.9972950458019070E+000
 4.0628999999878995E-001, 4.0628999999878995E-001,-4.0072939405077452E+000
 4.0728999999878995E-001, 4.0728999999878995E-001,-4.0172928352135866E+000
 4.0828999999878995E-001, 4.0828999999878995E-001,-4.0272917299194750E+000
 4.0928999999878996E-001, 4.0928999999878996E-001,-4.0372906246253564E+000
 4.1028999999878996E-001, 4.1028999999878996E-001,-4.0472895193311578E+000
 4.1128999999878996E-001, 4.1128999999878996E-001,-4.0572884140370533E+000
 4.1228999999878996E-001, 4.1228999999878996E-001,-4.0672873087428796E+000
 4.1328999999878996E-001, 4.1328999999878996E-001,-4.0772862034487662E+000
 4.1428999999878996E-001, 4.1428999999878996E-001,-4.0872850981546174E+000
 4.1528999999878996E-001, 4.1528999999878996E-001,-4.0972839928604641E+000
 4.1628999999878996E-001, 4.1628999999878996E-001,-4.1072828875663303E+000
 4.1728999999878996E-001, 4.1728999999878996E-001,-4.1172817822721761E+000
 4.1828999999878996E-001, 4.1828999999878996E-001,-4.1272806769780335E+000
 4.1928999999878996E-001, 4.1928999999878996E-001,-4.1372795716838953E+000
 4.2028999999878996E-001, 4.2028999999878996E-001,-4.1472784663897624E+000
 4.2128999999878997E-001, 4.2128999999878997E-001,-4.1572773610955771E+000
 4.2228999999878997E-001, 4.2228999999878997E-001,-4.1672762558013972E+000
 4.2328999999878997E-001, 4.2328999999878997E-001,-4.1772751505072501E+000
 4.2428999999878997E-001, 4.2428999999878997E-001,-4.1872740452131394E+000
 4.2528999999878997E-001, 4.2528999999878997E-001,-4.1972729399190101E+000
 4.2628999999878997E-001, 4.2628999999878997E-001,-4.2072718346248212E+000
 4.2728999999878997E-001, 4.2728999999878997E-001,-4.2172707293306884E+000
 4.2828999999878997E-001, 4.2828999999878997E-001,-4.2272696240365191E+000
 4.2928999999878997E-001, 4.2928999999878997E-001,-4.2372685187424022E+000
 4.3028999999878997E-001, 4.3028999999878997E-001,-4.2472674134482489E+000
 4.3128999999878997E-001, 4.3128999999878997E-001,-4.2572663081540627E+000
 4.3228999999878998E-001, 4.3228999999878998E-001,-4.2672652028599405E+000
 4.3328999999878998E-001, 4.3328999999878998E-001,-4.2772640975658032E+000
 4.3428999999878998E-001, 4.3428999999878998E-001,-4.2872629922716694E+000
 4.3528999999878998E-001, 4.3528999999878998E-001,-4.2972618869774770E+000
 4.3628999999878998E-001, 4.3628999999878998E-001,-4.3072607816833619E+000
 4.3728999999878998E-001, 4.3728999999878998E-001,-4.3172596763891544E+000
 4.3828999999878998E-001, 4.3828999999878998E-001,-4.3272585710950517E+000
 4.3928999999878998E-001, 4.3928999999878998E-001,-4.3372574658008656E+000
 4.4028999999878998E-001, 4.4028999999878998E-001,-4.3472563605067300E+000
 4.4128999999878998E-001, 4.4128999999878998E-001,-4.3572552552126078E+000
 4.4228999999878998E-001, 4.4228999999878998E-001,-4.3672541499184119E+000
 4.4328999999878999E-001, 4.4328999999878999E-001,-4.3772530446243012E+000
 4.4428999999878999E-001, 4.4428999999878999E-001,-4.3872519393300866E+000
 4.4528999999878999E-001, 4.4528999999878999E-001,-4.3972508340359546E+000
 4.4628999999878999E-001, 4.4628999999878999E-001,-4.4072497287418209E+000
 4.4728999999878999E-001, 4.4728999999878999E-001,-4.4172486234476809E+000
 4.4828999999878999E-001, 4.4828999999878999E-001,-4.4272475181535329E+000
 4.4928999999878999E-001, 4.4928999999878999E-001,-4.4372464128593725E+000
 4.5028999999878999E-001, 4.5028999999878999E-001,-4.4472453075651934E+000
 4.5128999999878999E-001, 4.5128999999878999E-001,-4.4572442022710055E+000
 4.5228999999878999E-001, 4.5228999999878999E-001,-4.4672430969768788E+000
 4.5328999999878999E-001, 4.5328999999878999E-001,-4.4772419916827255E+000
 4.5428999999879000E-001, 4.5428999999879000E-001,-4.4872408863885553E+000
 4.5528999999879000E-001, 4.5528999999879000E-001,-4.4972397810944171E+000
 4.5628999999879000E-001, 4.5628999999879000E-001,-4.5072386758002629E+000
 4.5728999999879000E-001, 4.5728999999879000E-001,-4.5172375705060874E+000
 4.5828999999879000E-001, 4.5828999999879000E-001,-4.5272364652119395E+000
 4.5928999999879000E-001, 4.5928999999879000E-001,-4.5372353599177826E+000
 4.6028999999879000E-001, 4.6028999999879000E-001,-4.5472342546235911E+000
 4.6128999999879000E-001, 4.6128999999879000E-001,-4.5572331493294618E+000
 4.6228999999879000E-001, 4.6228999999879000E-001,-4.5672320440353227E+000
 4.6328999999879000E-001, 4.6328999999879000E-001,-4.5772309387411481E+000
 4.6428999999879000E-001, 4.6428999999879000E-001,-4.5872298334469841E+000
 4.6528999999879000E-001, 4.6528999999879000E-001,-4.5972287281528352E+000
 4.6628999999879001E-001, 4.6628999999879001E-001,-4.6072276228586713E+000
 4.6728999999879001E-001, 4.6728999999879001E-001,-4.6172265175645109E+000
 4.6828999999879001E-001, 4.6828999999879001E-001,-4.6272254122703380E+000
 4.6928999999879001E-001, 4.6928999999879001E-001,-4.6372243069761714E+000
 4.7028999999879001E-001, 4.7028999999879001E-001,-4.6472232016820421E+000
 4.7128999999879001E-001, 4.7128999999879001E-001,-4.6572220963878559E+000
 4.7228999999879001E-001, 4.7228999999879001E-001,-4.6672209910936733E+000
 4.7328999999879001E-001, 4.7328999999879001E-001,-4.6772198857995351E+000
 4.7428999999879001E-001, 4.7428999999879001E-001,-4.6872187805053711E+000
 4.7528999999879001E-001, 4.7528999999879001E-001,-4.6972176752112080E+000
 4.7628999999879001E-001, 4.7628999999879001E-001,-4.7072165699170538E+000
 4.7728999999879002E-001, 4.7728999999879002E-001,-4.7172154646228757E+000
 4.7828999999879002E-001, 4.7828999999879002E-001,-4.7272143593287206E+000
 4.7928999999879002E-001, 4.7928999999879002E-001,-4.7372132540345833E+000
 4.8028999999879002E-001, 4.8028999999879002E-001,-4.7472121487403802E+000
 4.8128999999879002E-001, 4.8128999999879002E-001,-4.7572110434462314E+000
 4.8228999999879002E-001, 4.8228999999879002E-001,-4.7672099381520869E+000
 4.8328999999879002E-001, 4.8328999999879002E-001,-4.7772088328579185E+000
 4.8428999999879002E-001, 4.8428999999879002E-001,-4.7872077275637004E+000
 4.8528999999879002E-001, 4.8528999999879002E-001,-4.7972066222696101E+000
 4.8628999999879002E-001, 4.8628999999879002E-001,-4.8072055169754089E+000
 4.8728999999879002E-001, 4.8728999999879002E-001,-4.8172044116812343E+000
 4.8828999999879003E-001, 4.8828999999879003E-001,-4.8272033063870605E+000
 4.8928999999879003E-001, 4.8928999999879003E-001,-4.8372022010928628E+000
 4.9028999999879003E-001, 4.9028999999879003E-001,-4.8472010957987290E+000
 4.9128999999879003E-001, 4.9128999999879003E-001,-4.8571999905045615E+000
 4.9228999999879003E-001, 4.9228999999879003E-001,-4.8671988852103869E+000
 4.9328999999879003E-001, 4.9328999999879003E-001,-4.8771977799162185E+000
 4.9428999999879003E-001, 4.9428999999879003E-001,-4.8871966746221025E+000
 4.9528999999879003E-001, 4.9528999999879003E-001,-4.8971955693278977E+000
 4.9628999999879003E-001, 4.9628999999879003E-001,-4.9071944640337319E+000
 4.9728999999879003E-001, 4.9728999999879003E-001,-4.9171933587395396E+000
 4.9828999999879003E-001, 4.9828999999879003E-001,-4.9271922534454085E+000
 4.9928999999879004E-001, 4.9928999999879004E-001,-4.9371911481512090E+000
 5.0028999999878998E-001, 5.0028999999878998E-001,-4.9471900428570601E+000
 5.0128999999878998E-001, 5.0128999999878998E-001,-4.9571889375628748E+000
 5.0228999999878998E-001, 5.0228999999878998E-001,-4.9671878322686709E+000
 5.0328999999878998E-001, 5.0328999999878998E-001,-4.9771867269745300E+000
 5.0428999999878998E-001, 5.0428999999878998E-001,-4.9871856216803927E+000
 5.0528999999878998E-001, 5.0528999999878998E-001,-4.9971845163862261E+000
 5.0628999999878999E-001, 5.0628999999878999E-001,-5.0071834110920594E+000
 5.0728999999878999E-001, 5.0728999999878999E-001,-5.0171823057978369E+000
 5.0828999999878999E-001, 5.0828999999878999E-001,-5.0271812005036551E+000
 5.0928999999878999E-001, 5.0928999999878999E-001,-5.0371800952094707E+000
 5.1028999999878999E-001, 5.1028999999878999E-001,-5.0471789899153432E+000
 5.1128999999878999E-001, 5.1128999999878999E-001,-5.0571778846211330E+000
 5.1228999999878999E-001, 5.1228999999878999E-001,-5.0671767793269780E+000
 5.1328999999878999E-001, 5.1328999999878999E-001,-5.0771756740328033E+000
 5.1428999999878999E-001, 5.1428999999878999E-001,-5.0871745687386216E+000
 5.1528999999878999E-001, 5.1528999999878999E-001,-5.0971734634444887E+000
 5.1628999999878999E-001, 5.1628999999878999E-001,-5.1071723581502564E+000
 5.1728999999879000E-001, 5.1728999999879000E-001,-5.1171712528560969E+000
 5.1828999999879000E-001, 5.1828999999879000E-001,-5.1271701475619409E+000
 5.1928999999879000E-001, 5.1928999999879000E-001,-5.1371690422677645E+000
 5.2028999999879000E-001, 5.2028999999879000E-001,-5.1471679369735730E+000
 5.2128999999879000E-001, 5.2128999999879000E-001,-5.1571668316793877E+000
 5.2228999999879000E-001, 5.2228999999879000E-001,-5.1671657263852424E+000
 5.2328999999879000E-001, 5.2328999999879000E-001,-5.1771646210910447E+000
 5.2428999999879000E-001, 5.2428999999879000E-001,-5.1871635157968425E+000
 5.2528999999879000E-001, 5.2528999999879000E-001,-5.1971624105026955E+000
 5.2628999999879000E-001, 5.2628999999879000E-001,-5.2071613052084924E+000
 5.2728999999879000E-001, 5.2728999999879000E-001,-5.2171601999143169E+000
 5.2828999999879001E-001, 5.2828999999879001E-001,-5.2271590946201769E+000
 5.2928999999879001E-001, 5.2928999999879001E-001,-5.2371579893259472E+000
 5.3028999999879001E-001, 5.3028999999879001E-001,-5.2471568840318277E+000
 5.3128999999879001E-001, 5.3128999999879001E-001,-5.2571557787376344E+000
 5.3228999999879001E-001, 5.3228999999879001E-001,-5.2671546734434234E+000
 5.3328999999879001E-001, 5.3328999999879001E-001,-5.2771535681492772E+000
 5.3428999999879001E-001, 5.3428999999879001E-001,-5.2871524628551301E+000
 5.3528999999879001E-001, 5.3528999999879001E-001,-5.2971513575609048E+000
 5.3628999999879001E-001, 5.3628999999879001E-001,-5.3071502522667409E+000
 5.3728999999879001E-001, 5.3728999999879001E-001,-5.3171491469725423E+000
 5.3828999999879001E-001, 5.3828999999879001E-001,-5.3271480416783739E+000
 5.3928999999879002E-001, 5.3928999999879002E-001,-5.3371469363841637E+000
 5.4028999999879002E-001, 5.4028999999879002E-001,-5.3471458310899642E+000
 5.4128999999879002E-001, 5.4128999999879002E-001,-5.3571447257957985E+000
 5.4228999999879002E-001, 5.4228999999879002E-001,-5.3671436205016558E+000
 5.4328999999879002E-001, 5.4328999999879002E-001,-5.3771425152074448E+000
 5.4428999999879002E-001, 5.4428999999879002E-001,-5.3871414099132497E+000
 5.4528999999879002E-001, 5.4528999999879002E-001,-5.3971403046190440E+000
 5.4628999999879002E-001, 5.4628999999879002E-001,-5.4071391993249085E+000
 5.4728999999879002E-001, 5.4728999999879002E-001,-5.4171380940306841E+000
 5.4828999999879002E-001, 5.4828999999879002E-001,-5.4271369887365122E+000
 5.4928999999879002E-001, 5.4928999999879002E-001,-5.4371358834423962E+000
 5.5028999999879002E-001, 5.5028999999879002E-001,-5.4471347781481612E+000
 5.5128999999879003E-001, 5.5128999999879003E-001,-5.4571336728539910E+000
 5.5228999999879003E-001, 5.5228999999879003E-001,-5.4671325675597977E+000
 5.5328999999879003E-001, 5.5328999999879003E-001,-5.4771314622656213E+000
 5.5428999999879003E-001, 5.5428999999879003E-001,-5.4871303569714325E+000
 5.5528999999879003E-001, 5.5528999999879003E-001,-5.4971292516772063E+000
 5.5628999999879003E-001, 5.5628999999879003E-001,-5.5071281463830433E+000
 5.5728999999879003E-001, 5.5728999999879003E-001,-5.5171270410888571E+000
 5.5828999999879003E-001, 5.5828999999879003E-001,-5.5271259357946407E+000
 5.5928999999879003E-001, 5.5928999999879003E-001,-5.5371248305004919E+000
 5.6028999999879003E-001, 5.6028999999879003E-001,-5.5471237252062942E+000
 5.6128999999879003E-001, 5.6128999999879003E-001,-5.5571226199120831E+000
 5.6228999999879004E-001, 5.6228999999879004E-001,-5.5671215146178916E+000
 5.6328999999879004E-001, 5.6328999999879004E-001,-5.5771204093237374E+000
 5.6428999999879004E-001, 5.6428999999879004E-001,-5.5871193040295530E+000
 5.6528999999879004E-001, 5.6528999999879004E-001,-5.5971181987353233E+000
 5.6628999999879004E-001, 5.6628999999879004E-001,-5.6071170934411558E+000
 5.6728999999879004E-001, 5.6728999999879004E-001,-5.6171159881469608E+000
 5.6828999999879004E-001, 5.6828999999879004E-001,-5.6271148828527346E+000
 5.6928999999879004E-001, 5.6928999999879004E-001,-5.6371137775586000E+000
 5.7028999999879004E-001, 5.7028999999879004E-001,-5.6471126722643765E+000
 5.7128999999879004E-001, 5.7128999999879004E-001,-5.6571115669701708E+000
 5.7228999999879004E-001, 5.7228999999879004E-001,-5.6671104616759935E+000
 5.7328999999879005E-001, 5.7328999999879005E-001,-5.6771093563818429E+000
 5.7428999999879005E-001, 5.7428999999879005E-001,-5.6871082510876567E+000
 5.7528999999879005E-001, 5.7528999999879005E-001,-5.6971071457934297E+000
 5.7628999999879005E-001, 5.7628999999879005E-001,-5.7071060404992311E+000
 5.7728999999879005E-001, 5.7728999999879005E-001,-5.7171049352050458E+000
 5.7828999999879005E-001, 5.7828999999879005E-001,-5.7271038299108765E+000
 5.7928999999879005E-001, 5.7928999999879005E-001,-5.7371027246166637E+000
 5.8028999999879005E-001, 5.8028999999879005E-001,-5.7471016193224758E+000
 5.8128999999879005E-001, 5.8128999999879005E-001,-5.7571005140282931E+000
 5.8228999999879005E-001, 5.8228999999879005E-001,-5.7670994087341034E+000
 5.8328999999879005E-001, 5.8328999999879005E-001,-5.7770983034398649E+000
 5.8428999999879006E-001, 5.8428999999879006E-001,-5.7870971981456725E+000
 5.8528999999879006E-001, 5.8528999999879006E-001,-5.7970960928514810E+000
 5.8628999999879006E-001, 5.8628999999879006E-001,-5.8070949875572895E+000
 5.8728999999879006E-001, 5.8728999999879006E-001,-5.8170938822631157E+000
 5.8828999999879006E-001, 5.8828999999879006E-001,-5.8270927769688976E+000
 5.8928999999879006E-001, 5.8928999999879006E-001,-5.8370916716746972E+000
 5.9028999999879006E-001, 5.9028999999879006E-001,-5.8470905663804835E+000
 5.9128999999879006E-001, 5.9128999999879006E-001,-5.8570894610863116E+000
 5.9228999999879006E-001, 5.9228999999879006E-001,-5.8670883557920810E+000
 5.9328999999879006E-001, 5.9328999999879006E-001,-5.8770872504979286E+000
 5.9428999999879006E-001, 5.9428999999879006E-001,-5.8870861452037184E+000
 5.9528999999879006E-001, 5.9528999999879006E-001,-5.8970850399094754E+000
 5.9628999999879007E-001, 5.9628999999879007E-001,-5.9070839346153283E+000
 5.9728999999879007E-001, 5.9728999999879007E-001,-5.9170828293211404E+000
 5.9828999999879007E-001, 5.9828999999879007E-001,-5.9270817240269249E+000
 5.9928999999879007E-001, 5.9928999999879007E-001,-5.9370806187327130E+000
 6.0028999999879007E-001, 6.0028999999879007E-001,-5.9470795134385286E+000
 6.0128999999879007E-001, 6.0128999999879007E-001,-5.9570784081443353E+000
 6.0228999999879007E-001, 6.0228999999879007E-001,-5.9670773028501110E+000
 6.0328999999879007E-001, 6.0328999999879007E-001,-5.9770761975559212E+000
 6.0428999999879007E-001, 6.0428999999879007E-001,-5.9870750922617049E+000
 6.0528999999879007E-001, 6.0528999999879007E-001,-5.9970739869674965E+000
 6.0628999999879007E-001, 6.0628999999879007E-001,-6.0070728816733272E+000
 6.0728999999879008E-001, 6.0728999999879008E-001,-6.0170717763791375E+000
 6.0828999999879008E-001, 6.0828999999879008E-001,-6.0270706710849122E+000
 6.0928999999879008E-001, 6.0928999999879008E-001,-6.0370695657906905E+000
 6.1028999999879008E-001, 6.1028999999879008E-001,-6.0470684604964839E+000
 6.1128999999879008E-001, 6.1128999999879008E-001,-6.0570673552022942E+000
 6.1228999999879008E-001, 6.1228999999879008E-001,-6.0670662499080983E+000
 6.1328999999879008E-001, 6.1328999999879008E-001,-6.0770651446139015E+000
 6.1428999999879008E-001, 6.1428999999879008E-001,-6.0870640393197011E+000
 6.1528999999879008E-001, 6.1528999999879008E-001,-6.0970629340254598E+000
 6.1628999999879008E-001, 6.1628999999879008E-001,-6.1070618287313101E+000
 6.1728999999879008E-001, 6.1728999999879008E-001,-6.1170607234370573E+000
 6.1828999999879009E-001, 6.1828999999879009E-001,-6.1270596181428729E+000
 6.1928999999879009E-001, 6.1928999999879009E-001,-6.1370585128486370E+000
 6.2028999999879009E-001, 6.2028999999879009E-001,-6.1470574075544890E+000
 6.2128999999879009E-001, 6.2128999999879009E-001,-6.1570563022602842E+000
 6.2228999999879009E-001, 6.2228999999879009E-001,-6.1670551969660110E+000
 6.2328999999879009E-001, 6.2328999999879009E-001,-6.1770540916718115E+000
 6.2428999999879009E-001, 6.2428999999879009E-001,-6.1870529863776111E+000
 6.2528999999879009E-001, 6.2528999999879009E-001,-6.1970518810834534E+000
 6.2628999999879009E-001, 6.2628999999879009E-001,-6.2070507757892104E+000
 6.2728999999879009E-001, 6.2728999999879009E-001,-6.2170496704950269E+000
 6.2828999999879009E-001, 6.2828999999879009E-001,-6.2270485652008052E+000
 6.2928999999879009E-001, 6.2928999999879009E-001,-6.2370474599066119E+000
 6.3028999999879010E-001, 6.3028999999879010E-001,-6.2470463546124133E+000
 6.3128999999879010E-001, 6.3128999999879010E-001,-6.2570452493182209E+000
 6.3228999999879010E-001, 6.3228999999879010E-001,-6.2670441440239637E+000
 6.3328999999879010E-001, 6.3328999999879010E-001,-6.2770430387297917E+000
 6.3428999999879010E-001, 6.3428999999879010E-001,-6.2870419334355461E+000
 6.3528999999879010E-001, 6.3528999999879010E-001,-6.2970408281413155E+000
 6.3628999999879010E-001, 6.3628999999879010E-001,-6.3070397228470991E+000
 6.3728999999879010E-001, 6.3728999999879010E-001,-6.3170386175529405E+000
 6.3828999999879010E-001, 6.3828999999879010E-001,-6.3270375122586966E+000
 6.3928999999879010E-001, 6.3928999999879010E-001,-6.3370364069645042E+000
 6.4028999999879010E-001, 6.4028999999879010E-001,-6.3470353016702852E+000
 6.4128999999879011E-001, 6.4128999999879011E-001,-6.3570341963760431E+000
 6.4228999999879011E-001, 6.4228999999879011E-001,-6.3670330910818418E+000
 6.4328999999879011E-001, 6.4328999999879011E-001,-6.3770319857876263E+000
 6.4428999999879011E-001, 6.4428999999879011E-001,-6.3870308804934277E+000
 6.4528999999879011E-001, 6.4528999999879011E-001,-6.3970297751992007E+000
 6.4628999999879011E-001, 6.4628999999879011E-001,-6.4070286699049817E+000
 6.4728999999879011E-001, 6.4728999999879011E-001,-6.4170275646107946E+000
 6.4828999999879011E-001, 6.4828999999879011E-001,-6.4270264593165782E+000
 6.4928999999879011E-001, 6.4928999999879011E-001,-6.4370253540223636E+000
 6.5028999999879011E-001, 6.5028999999879011E-001,-6.4470242487281411E+000
 6.5128999999879011E-001, 6.5128999999879011E-001,-6.4570231434339220E+000
 6.5228999999879012E-001, 6.5228999999879012E-001,-6.4670220381397012E+000
 6.5328999999879012E-001, 6.5328999999879012E-001,-6.4770209328454893E+000
 6.5428999999879012E-001, 6.5428999999879012E-001,-6.4870198275512632E+000
 6.5528999999879012E-001, 6.5528999999879012E-001,-6.4970187222570805E+000
 6.5628999999879012E-001, 6.5628999999879012E-001,-6.5070176169628366E+000
 6.5728999999879012E-001, 6.5728999999879012E-001,-6.5170165116686523E+000
 6.5828999999879012E-001, 6.5828999999879012E-001,-6.5270154063744181E+000
 6.5928999999879012E-001, 6.5928999999879012E-001,-6.5370143010802284E+000
 6.6028999999879012E-001, 6.6028999999879012E-001,-6.5470131957859881E+000
 6.6128999999879012E-001, 6.6128999999879012E-001,-6.5570120904917664E+000
 6.6228999999879012E-001, 6.6228999999879012E-001,-6.5670109851975740E+000
 6.6328999999879013E-001, 6.6328999999879013E-001,-6.5770098799033239E+000
 6.6428999999879013E-001, 6.6428999999879013E-001,-6.5870087746091199E+000
 6.6528999999879013E-001, 6.6528999999879013E-001,-6.5970076693148929E+000
 6.6628999999879013E-001, 6.6628999999879013E-001,-6.6070065640206810E+000
 6.6728999999879013E-001, 6.6728999999879013E-001,-6.6170054587264229E+000
 6.6828999999879013E-001, 6.6828999999879013E-001,-6.6270043534322358E+000
 6.6928999999879013E-001, 6.6928999999879013E-001,-6.6370032481380123E+000
 6.7028999999879013E-001, 6.7028999999879013E-001,-6.6470021428437613E+000
 6.7128999999879013E-001, 6.7128999999879013E-001,-6.6570010375495787E+000
 6.7228999999879013E-001, 6.7228999999879013E-001,-6.6669999322553162E+000
 6.7328999999879013E-001, 6.7328999999879013E-001,-6.6769988269611673E+000
 6.7428999999879013E-001, 6.7428999999879013E-001,-6.6869977216668763E+000
 6.7528999999879014E-001, 6.7528999999879014E-001,-6.6969966163726884E+000
 6.7628999999879014E-001, 6.7628999999879014E-001,-6.7069955110784427E+000
 6.7728999999879014E-001, 6.7728999999879014E-001,-6.7169944057842397E+000
 6.7828999999879014E-001, 6.7828999999879014E-001,-6.7269933004900349E+000
 6.7928999999879014E-001, 6.7928999999879014E-001,-6.7369921951957945E+000
 6.8028999999879014E-001, 6.8028999999879014E-001,-6.7469910899015462E+000
 6.8128999999879014E-001, 6.8128999999879014E-001,-6.7569899846073165E+000
 6.8228999999879014E-001, 6.8228999999879014E-001,-6.7669888793130992E+000
 6.8328999999879014E-001, 6.8328999999879014E-001,-6.7769877740188793E+000
 6.8428999999879014E-001, 6.8428999999879014E-001,-6.7869866687246576E+000
 6.8528999999879014E-001, 6.8528999999879014E-001,-6.7969855634304110E+000
 6.8628999999879015E-001, 6.8628999999879015E-001,-6.8069844581361574E+000
 6.8728999999879015E-001, 6.8728999999879015E-001,-6.8169833528419694E+000
 6.8828999999879015E-001, 6.8828999999879015E-001,-6.8269822475477762E+000
 6.8928999999879015E-001, 6.8928999999879015E-001,-6.8369811422535385E+000
 6.9028999999879015E-001, 6.9028999999879015E-001,-6.8469800369592768E+000
 6.9128999999879015E-001, 6.9128999999879015E-001,-6.8569789316650827E+000
 6.9228999999879015E-001, 6.9228999999879015E-001,-6.8669778263708272E+000
 6.9328999999879015E-001, 6.9328999999879015E-001,-6.8769767210766242E+000
 6.9428999999879015E-001, 6.9428999999879015E-001,-6.8869756157824238E+000
 6.9528999999879015E-001, 6.9528999999879015E-001,-6.8969745104881559E+000
 6.9628999999879015E-001, 6.9628999999879015E-001,-6.9069734051939449E+000
 6.9728999999879016E-001, 6.9728999999879016E-001,-6.9169722998997392E+000
 6.9828999999879016E-001, 6.9828999999879016E-001,-6.9269711946054819E+000
 6.9928999999879016E-001, 6.9928999999879016E-001,-6.9369700893112674E+000
 7.0028999999879016E-001, 7.0028999999879016E-001,-6.9469689840170163E+000
 7.0128999999879016E-001, 7.0128999999879016E-001,-6.9569678787228062E+000
 7.0228999999879016E-001, 7.0228999999879016E-001,-6.9669667734285570E+000
 7.0328999999879016E-001, 7.0328999999879016E-001,-6.9769656681343264E+000
 7.0428999999879016E-001, 7.0428999999879016E-001,-6.9869645628400638E+000
 7.0528999999879016E-001, 7.0528999999879016E-001,-6.9969634575458555E+000
 7.0628999999879016E-001, 7.0628999999879016E-001,-7.0069623522516080E+000
 7.0728999999879016E-001, 7.0728999999879016E-001,-7.0169612469574218E+000
 7.0828999999879017E-001, 7.0828999999879017E-001,-7.0269601416631904E+000
 7.0928999999879017E-001, 7.0928999999879017E-001,-7.0369590363689607E+000
 7.1028999999879017E-001, 7.1028999999879017E-001,-7.0469579310746777E+000
 7.1128999999879017E-001, 7.1128999999879017E-001,-7.0569568257804498E+000
 7.1228999999879017E-001, 7.1228999999879017E-001,-7.0669557204862530E+000
 7.1328999999879017E-001, 7.1328999999879017E-001,-7.0769546151920029E+000
 7.1428999999879017E-001, 7.1428999999879017E-001,-7.0869535098977972E+000
 7.1528999999879017E-001, 7.1528999999879017E-001,-7.0969524046035373E+000
 7.1628999999879017E-001, 7.1628999999879017E-001,-7.1069512993093120E+000
 7.1728999999879017E-001, 7.1728999999879017E-001,-7.1169501940150841E+000
 7.1828999999879017E-001, 7.1828999999879017E-001,-7.1269490887208438E+000
 7.1928999999879017E-001, 7.1928999999879017E-001,-7.1369479834265857E+000
 7.2028999999879018E-001, 7.2028999999879018E-001,-7.1469468781323897E+000
 7.2128999999879018E-001, 7.2128999999879018E-001,-7.1569457728381192E+000
 7.2228999999879018E-001, 7.2228999999879018E-001,-7.1669446675438993E+000
 7.2328999999879018E-001, 7.2328999999879018E-001,-7.1769435622496562E+000
 7.2428999999879018E-001, 7.2428999999879018E-001,-7.1869424569554186E+000
 7.2528999999879018E-001, 7.2528999999879018E-001,-7.1969413516611622E+000
 7.2628999999879018E-001, 7.2628999999879018E-001,-7.2069402463669112E+000
 7.2728999999879018E-001, 7.2728999999879018E-001,-7.2169391410726780E+000
 7.2828999999879018E-001, 7.2828999999879018E-001,-7.2269380357784190E+000
 7.2928999999879018E-001, 7.2928999999879018E-001,-7.2369369304842426E+000
 7.3028999999879018E-001, 7.3028999999879018E-001,-7.2469358251899925E+000
 7.3128999999879019E-001, 7.3128999999879019E-001,-7.2569347198957503E+000
 7.3228999999879019E-001, 7.3228999999879019E-001,-7.2669336146014691E+000
 7.3328999999879019E-001, 7.3328999999879019E-001,-7.2769325093072439E+000
 7.3428999999879019E-001, 7.3428999999879019E-001,-7.2869314040130018E+000
 7.3528999999879019E-001, 7.3528999999879019E-001,-7.2969302987187588E+000
 7.3628999999879019E-001, 7.3628999999879019E-001,-7.3069291934245326E+000
 7.3728999999879019E-001, 7.3728999999879019E-001,-7.3169280881303145E+000
 7.3828999999879019E-001, 7.3828999999879019E-001,-7.3269269828360510E+000
 7.3928999999879019E-001, 7.3928999999879019E-001,-7.3369258775418107E+000
 7.4028999999879019E-001, 7.4028999999879019E-001,-7.3469247722475863E+000
 7.4128999999879019E-001, 7.4128999999879019E-001,-7.3569236669533238E+000
 7.4228999999879020E-001, 7.4228999999879020E-001,-7.3669225616590728E+000
 7.4328999999879020E-001, 7.4328999999879020E-001,-7.3769214563648360E+000
 7.4428999999879020E-001, 7.4428999999879020E-001,-7.3869203510705974E+000
 7.4528999999879020E-001, 7.4528999999879020E-001,-7.3969192457763873E+000
 7.4628999999879020E-001, 7.4628999999879020E-001,-7.4069181404821185E+000
 7.4728999999879020E-001, 7.4728999999879020E-001,-7.4169170351878533E+000
 7.4828999999879020E-001, 7.4828999999879020E-001,-7.4269159298936405E+000
 7.4928999999879020E-001, 7.4928999999879020E-001,-7.4369148245993717E+000
 7.5028999999879020E-001, 7.5028999999879020E-001,-7.4469137193051349E+000
 7.5128999999879020E-001, 7.5128999999879020E-001,-7.4569126140109274E+000
 7.5228999999879020E-001, 7.5228999999879020E-001,-7.4669115087166436E+000
 7.5328999999879021E-001, 7.5328999999879021E-001,-7.4769104034224112E+000
 7.5428999999879021E-001, 7.5428999999879021E-001,-7.4869092981281460E+000
 7.5528999999879021E-001, 7.5528999999879021E-001,-7.4969081928338914E+000
 7.5628999999879021E-001, 7.5628999999879021E-001,-7.5069070875396422E+000
 7.5728999999879021E-001, 7.5728999999879021E-001,-7.5169059822454098E+000
 7.5828999999879021E-001, 7.5828999999879021E-001,-7.5269048769511802E+000
 7.5928999999879021E-001, 7.5928999999879021E-001,-7.5369037716569212E+000
 7.6028999999879021E-001, 7.6028999999879021E-001,-7.5469026663626790E+000
 7.6128999999879021E-001, 7.6128999999879021E-001,-7.5569015610684129E+000
 7.6228999999879021E-001, 7.6228999999879021E-001,-7.5669004557741584E+000
 7.6328999999879021E-001, 7.6328999999879021E-001,-7.5768993504798896E+000
 7.6428999999879021E-001, 7.6428999999879021E-001,-7.5868982451856954E+000
 7.6528999999879022E-001, 7.6528999999879022E-001,-7.5968971398914453E+000
 7.6628999999879022E-001, 7.6628999999879022E-001,-7.6068960345971401E+000
 7.6728999999879022E-001, 7.6728999999879022E-001,-7.6168949293029264E+000
 7.6828999999879022E-001, 7.6828999999879022E-001,-7.6268938240086994E+000
 7.6928999999879022E-001, 7.6928999999879022E-001,-7.6368927187144289E+000
 7.7028999999879022E-001, 7.7028999999879022E-001,-7.6468916134201654E+000
 7.7128999999879022E-001, 7.7128999999879022E-001,-7.6568905081259153E+000
 7.7228999999879022E-001, 7.7228999999879022E-001,-7.6668894028316616E+000
 7.7328999999879022E-001, 7.7328999999879022E-001,-7.6768882975374106E+000
 7.7428999999879022E-001, 7.7428999999879022E-001,-7.6868871922431472E+000
 7.7528999999879022E-001, 7.7528999999879022E-001,-7.6968860869489433E+000
 7.7628999999879023E-001, 7.7628999999879023E-001,-7.7068849816546550E+000
 7.7728999999879023E-001, 7.7728999999879023E-001,-7.7168838763603835E+000
 7.7828999999879023E-001, 7.7828999999879023E-001,-7.7268827710661716E+000
 7.7928999999879023E-001, 7.7928999999879023E-001,-7.7368816657719250E+000
 7.8028999999879023E-001, 7.8028999999879023E-001,-7.7468805604776216E+000
 7.8128999999879023E-001, 7.8128999999879023E-001,-7.7568794551833840E+000
 7.8228999999879023E-001, 7.8228999999879023E-001,-7.7668783498891569E+000
 7.8328999999879023E-001, 7.8328999999879023E-001,-7.7768772445948491E+000
 7.8428999999879023E-001, 7.8428999999879023E-001,-7.7868761393006469E+000
 7.8528999999879023E-001, 7.8528999999879023E-001,-7.7968750340063346E+000
 7.8628999999879023E-001, 7.8628999999879023E-001,-7.8068739287120978E+000
 7.8728999999879024E-001, 7.8728999999879024E-001,-7.8168728234178477E+000
 7.8828999999879024E-001, 7.8828999999879024E-001,-7.8268717181235967E+000
 7.8928999999879024E-001, 7.8928999999879024E-001,-7.8368706128293555E+000
 7.9028999999879024E-001, 7.9028999999879024E-001,-7.8468695075350672E+000
 7.9128999999879024E-001, 7.9128999999879024E-001,-7.8568684022408393E+000
 7.9228999999879024E-001, 7.9228999999879024E-001,-7.8668672969465945E+000
 7.9328999999879024E-001, 7.9328999999879024E-001,-7.8768661916523133E+000
 7.9428999999879024E-001, 7.9428999999879024E-001,-7.8868650863580640E+000
 7.9528999999879024E-001, 7.9528999999879024E-001,-7.8968639810637749E+000
 7.9628999999879024E-001, 7.9628999999879024E-001,-7.9068628757695194E+000
 7.9728999999879024E-001, 7.9728999999879024E-001,-7.9168617704752631E+000
 7.9828999999879025E-001, 7.9828999999879025E-001,-7.9268606651810369E+000
 7.9928999999879025E-001, 7.9928999999879025E-001,-7.9368595598867371E+000
 8.0028999999879025E-001, 8.0028999999879025E-001,-7.9468584545925083E+000
 8.0128999999879025E-001, 8.0128999999879025E-001,-7.9568573492982688E+000
 8.0228999999879025E-001, 8.0228999999879025E-001,-7.9668562440039832E+000
 8.0328999999879025E-001, 8.0328999999879025E-001,-7.9768551387097260E+000
 8.0428999999879025E-001, 8.0428999999879025E-001,-7.9868540334154465E+000
 8.0528999999879025E-001, 8.0528999999879025E-001,-7.9968529281211884E+000
 8.0628999999879025E-001, 8.0628999999879025E-001,-8.0068518228269099E+000
 8.0728999999879025E-001, 8.0728999999879025E-001,-8.0168507175326624E+000
 8.0828999999879025E-001, 8.0828999999879025E-001,-8.0268496122383937E+000
 8.0928999999879025E-001, 8.0928999999879025E-001,-8.0368485069440965E+000
 8.1028999999879026E-001, 8.1028999999879026E-001,-8.0468474016498899E+000
 8.1128999999879026E-001, 8.1128999999879026E-001,-8.0568462963556051E+000
 8.1228999999879026E-001, 8.1228999999879026E-001,-8.0668451910613737E+000
 8.1328999999879026E-001, 8.1328999999879026E-001,-8.0768440857671013E+000
 8.1428999999879026E-001, 8.1428999999879026E-001,-8.0868429804728201E+000
 8.1528999999879026E-001, 8.1528999999879026E-001,-8.0968418751785300E+000
 8.1628999999879026E-001, 8.1628999999879026E-001,-8.1068407698843092E+000
 8.1728999999879026E-001, 8.1728999999879026E-001,-8.1168396645900067E+000
 8.1828999999879026E-001, 8.1828999999879026E-001,-8.1268385592957575E+000
 8.1928999999879026E-001, 8.1928999999879026E-001,-8.1368374540014905E+000
 8.2028999999879026E-001, 8.2028999999879026E-001,-8.1468363487072448E+000
 8.2128999999879027E-001, 8.2128999999879027E-001,-8.1568352434129423E+000
 8.2228999999879027E-001, 8.2228999999879027E-001,-8.1668341381186984E+000
 8.2328999999879027E-001, 8.2328999999879027E-001,-8.1768330328244119E+000
 8.2428999999879027E-001, 8.2428999999879027E-001,-8.1868319275301467E+000
 8.2528999999879027E-001, 8.2528999999879027E-001,-8.1968308222358885E+000
 8.2628999999879027E-001, 8.2628999999879027E-001,-8.2068297169416180E+000
 8.2728999999879027E-001, 8.2728999999879027E-001,-8.2168286116473652E+000
 8.2828999999879027E-001, 8.2828999999879027E-001,-8.2268275063530805E+000
 8.2928999999879027E-001, 8.2928999999879027E-001,-8.2368264010588135E+000
 8.3028999999879027E-001, 8.3028999999879027E-001,-8.2468252957645465E+000
 8.3128999999879027E-001, 8.3128999999879027E-001,-8.2568241904702742E+000
 8.3228999999879028E-001, 8.3228999999879028E-001,-8.2668230851760427E+000
 8.3328999999879028E-001, 8.3328999999879028E-001,-8.2768219798817224E+000
 8.3428999999879028E-001, 8.3428999999879028E-001,-8.2868208745874838E+000
 8.3528999999879028E-001, 8.3528999999879028E-001,-8.2968197692931955E+000
 8.3628999999879028E-001, 8.3628999999879028E-001,-8.3068186639989410E+000
 8.3728999999879028E-001, 8.3728999999879028E-001,-8.3168175587046367E+000
 8.3828999999879028E-001, 8.3828999999879028E-001,-8.3268164534103715E+000
 8.3928999999879028E-001, 8.3928999999879028E-001,-8.3368153481160920E+000
 8.4028999999879028E-001, 8.4028999999879028E-001,-8.3468142428218588E+000
 8.4128999999879028E-001, 8.4128999999879028E-001,-8.3568131375275669E+000
 8.4228999999879028E-001, 8.4228999999879028E-001,-8.3668120322332697E+000
 8.4328999999879029E-001, 8.4328999999879029E-001,-8.3768109269390205E+000
 8.4428999999879029E-001, 8.4428999999879029E-001,-8.3868098216447358E+000
 8.4528999999879029E-001, 8.4528999999879029E-001,-8.3968087163504688E+000
 8.4628999999879029E-001, 8.4628999999879029E-001,-8.4068076110561716E+000
 8.4728999999879029E-001, 8.4728999999879029E-001,-8.4168065057619366E+000
 8.4828999999879029E-001, 8.4828999999879029E-001,-8.4268054004676269E+000
 8.4928999999879029E-001, 8.4928999999879029E-001,-8.4368042951733297E+000
 8.5028999999879029E-001, 8.5028999999879029E-001,-8.4468031898790823E+000
 8.5128999999879029E-001, 8.5128999999879029E-001,-8.4568020845848029E+000
 8.5228999999879029E-001, 8.5228999999879029E-001,-8.4668009792905128E+000
 8.5328999999879029E-001, 8.5328999999879029E-001,-8.4767998739962831E+000
 8.5428999999879029E-001, 8.5428999999879029E-001,-8.4867987687020072E+000
 8.5528999999879030E-001, 8.5528999999879030E-001,-8.4967976634077189E+000
 8.5628999999879030E-001, 8.5628999999879030E-001,-8.5067965581134573E+000
 8.5728999999879030E-001, 8.5728999999879030E-001,-8.5167954528191547E+000
 8.5828999999879030E-001, 8.5828999999879030E-001,-8.5267943475248646E+000
 8.5928999999879030E-001, 8.5928999999879030E-001,-8.5367932422305852E+000
 8.6028999999879030E-001, 8.6028999999879030E-001,-8.5467921369363431E+000
 8.6128999999879030E-001, 8.6128999999879030E-001,-8.5567910316420637E+000
 8.6228999999879030E-001, 8.6228999999879030E-001,-8.5667899263477540E+000
 8.6328999999879030E-001, 8.6328999999879030E-001,-8.5767888210535066E+000
 8.6428999999879030E-001, 8.6428999999879030E-001,-8.5867877157591739E+000
 8.6528999999879030E-001, 8.6528999999879030E-001,-8.5967866104648856E+000
 8.6628999999879031E-001, 8.6628999999879031E-001,-8.6067855051706488E+000
 8.6728999999879031E-001, 8.6728999999879031E-001,-8.6167843998763605E+000
 8.6828999999879031E-001, 8.6828999999879031E-001,-8.6267832945820793E+000
 8.6928999999879031E-001, 8.6928999999879031E-001,-8.6367821892877750E+000
 8.7028999999879031E-001, 8.7028999999879031E-001,-8.6467810839935524E+000
 8.7128999999879031E-001, 8.7128999999879031E-001,-8.6567799786992463E+000
 8.7228999999879031E-001, 8.7228999999879031E-001,-8.6667788734049385E+000
 8.7328999999879031E-001, 8.7328999999879031E-001,-8.6767777681106235E+000
 8.7428999999879031E-001, 8.7428999999879031E-001,-8.6867766628164063E+000
 8.7528999999879031E-001, 8.7528999999879031E-001,-8.6967755575221375E+000
 8.7628999999879031E-001, 8.7628999999879031E-001,-8.7067744522277923E+000
 8.7728999999879032E-001, 8.7728999999879032E-001,-8.7167733469335573E+000
 8.7828999999879032E-001, 8.7828999999879032E-001,-8.7267722416392566E+000
 8.7928999999879032E-001, 8.7928999999879032E-001,-8.7367711363449665E+000
 8.8028999999879032E-001, 8.8028999999879032E-001,-8.7467700310507066E+000
 8.8128999999879032E-001, 8.8128999999879032E-001,-8.7567689257564005E+000
 8.8228999999879032E-001, 8.8228999999879032E-001,-8.7667678204621087E+000
 8.8328999999879032E-001, 8.8328999999879032E-001,-8.7767667151678275E+000
 8.8428999999879032E-001, 8.8428999999879032E-001,-8.7867656098735729E+000
 8.8528999999879032E-001, 8.8528999999879032E-001,-8.7967645045792917E+000
 8.8628999999879032E-001, 8.8628999999879032E-001,-8.8067633992849341E+000
 8.8728999999879032E-001, 8.8728999999879032E-001,-8.8167622939907098E+000
 8.8828999999879033E-001, 8.8828999999879033E-001,-8.8267611886964126E+000
 8.8928999999879033E-001, 8.8928999999879033E-001,-8.8367600834021207E+000
 8.9028999999879033E-001, 8.9028999999879033E-001,-8.8467589781078058E+000
 8.9128999999879033E-001, 8.9128999999879033E-001,-8.8567578728135281E+000
 8.9228999999879033E-001, 8.9228999999879033E-001,-8.8667567675192647E+000
 8.9328999999879033E-001, 8.9328999999879033E-001,-8.8767556622249462E+000
 8.9428999999879033E-001, 8.9428999999879033E-001,-8.8867545569306632E+000
 8.9528999999879033E-001, 8.9528999999879033E-001,-8.8967534516363731E+000
 8.9628999999879033E-001, 8.9628999999879033E-001,-8.9067523463420883E+000
 8.9728999999879033E-001, 8.9728999999879033E-001,-8.9167512410477752E+000
 8.9828999999879033E-001, 8.9828999999879033E-001,-8.9267501357535384E+000
 8.9928999999879033E-001, 8.9928999999879033E-001,-8.9367490304591968E+000
 9.0028999999879034E-001, 9.0028999999879034E-001,-8.9467479251649085E+000
 9.0128999999879034E-001, 9.0128999999879034E-001,-8.9567468198706433E+000
 9.0228999999879034E-001, 9.0228999999879034E-001,-8.9667457145763336E+000
 9.0328999999879034E-001, 9.0328999999879034E-001,-8.9767446092820240E+000
 9.0428999999879034E-001, 9.0428999999879034E-001,-8.9867435039877854E+000
 9.0528999999879034E-001, 9.0528999999879034E-001,-8.9967423986934296E+000
 9.0628999999879034E-001, 9.0628999999879034E-001,-9.0067412933991964E+000
 9.0728999999879034E-001, 9.0728999999879034E-001,-9.0167401881049045E+000
 9.0828999999879034E-001, 9.0828999999879034E-001,-9.0267390828106002E+000
 9.0928999999879034E-001, 9.0928999999879034E-001,-9.0367379775163190E+000
 9.1028999999879034E-001, 9.1028999999879034E-001,-9.0467368722219899E+000
 9.1128999999879035E-001, 9.1128999999879035E-001,-9.0567357669277211E+000
 9.1228999999879035E-001, 9.1228999999879035E-001,-9.0667346616334026E+000
 9.1328999999879035E-001, 9.1328999999879035E-001,-9.0767335563391232E+000
 9.1428999999879035E-001, 9.1428999999879035E-001,-9.0867324510448597E+000
 9.1528999999879035E-001, 9.1528999999879035E-001,-9.0967313457505128E+000
 9.1628999999879035E-001, 9.1628999999879035E-001,-9.1067302404562565E+000
 9.1728999999879035E-001, 9.1728999999879035E-001,-9.1167291351619308E+000
 9.1828999999879035E-001, 9.1828999999879035E-001,-9.1267280298676212E+000
 9.1928999999879035E-001, 9.1928999999879035E-001,-9.1367269245733880E+000
 9.2028999999879035E-001, 9.2028999999879035E-001,-9.1467258192790073E+000
 9.2128999999879035E-001, 9.2128999999879035E-001,-9.1567247139847456E+000
 9.2228999999879036E-001, 9.2228999999879036E-001,-9.1667236086904325E+000
 9.2328999999879036E-001, 9.2328999999879036E-001,-9.1767225033961530E+000
 9.2428999999879036E-001, 9.2428999999879036E-001,-9.1867213981018256E+000
 9.2528999999879036E-001, 9.2528999999879036E-001,-9.1967202928075746E+000
 9.2628999999879036E-001, 9.2628999999879036E-001,-9.2067191875132437E+000
 9.2728999999879036E-001, 9.2728999999879036E-001,-9.2167180822189767E+000
 9.2828999999879036E-001, 9.2828999999879036E-001,-9.2267169769246777E+000
 9.2928999999879036E-001, 9.2928999999879036E-001,-9.2367158716303486E+000
 9.3028999999879036E-001, 9.3028999999879036E-001,-9.2467147663360709E+000
 9.3128999999879036E-001, 9.3128999999879036E-001,-9.2567136610417506E+000
 9.3228999999879036E-001, 9.3228999999879036E-001,-9.2667125557474463E+000
 9.3328999999879036E-001, 9.3328999999879036E-001,-9.2767114504531936E+000
 9.3428999999879037E-001, 9.3428999999879037E-001,-9.2867103451588484E+000
 9.3528999999879037E-001, 9.3528999999879037E-001,-9.2967092398645228E+000
 9.3628999999879037E-001, 9.3628999999879037E-001,-9.3067081345702665E+000
 9.3728999999879037E-001, 9.3728999999879037E-001,-9.3167070292759462E+000
 9.3828999999879037E-001, 9.3828999999879037E-001,-9.3267059239816721E+000
 9.3928999999879037E-001, 9.3928999999879037E-001,-9.3367048186873234E+000
 9.4028999999879037E-001, 9.4028999999879037E-001,-9.3467037133930493E+000
 9.4128999999879037E-001, 9.4128999999879037E-001,-9.3567026080987290E+000
 9.4228999999879037E-001, 9.4228999999879037E-001,-9.3667015028044212E+000
 9.4328999999879037E-001, 9.4328999999879037E-001,-9.3767003975101222E+000
 9.4428999999879037E-001, 9.4428999999879037E-001,-9.3866992922158179E+000
 9.4528999999879038E-001, 9.4528999999879038E-001,-9.3966981869215314E+000
 9.4628999999879038E-001, 9.4628999999879038E-001,-9.4066970816272359E+000
 9.4728999999879038E-001, 9.4728999999879038E-001,-9.4166959763329476E+000
 9.4828999999879038E-001, 9.4828999999879038E-001,-9.4266948710386078E+000
 9.4928999999879038E-001, 9.4928999999879038E-001,-9.4366937657442680E+000
 9.5028999999879038E-001, 9.5028999999879038E-001,-9.4466926604499903E+000
 9.5128999999879038E-001, 9.5128999999879038E-001,-9.4566915551556789E+000
 9.5228999999879038E-001, 9.5228999999879038E-001,-9.4666904498613533E+000
 9.5328999999879038E-001, 9.5328999999879038E-001,-9.4766893445670615E+000
 9.5428999999879038E-001, 9.5428999999879038E-001,-9.4866882392727874E+000
 9.5528999999879038E-001, 9.5528999999879038E-001,-9.4966871339784564E+000
 9.5628999999879039E-001, 9.5628999999879039E-001,-9.5066860286841468E+000
 9.5728999999879039E-001, 9.5728999999879039E-001,-9.5166849233898425E+000
 9.5828999999879039E-001, 9.5828999999879039E-001,-9.5266838180955133E+000
 9.5928999999879039E-001, 9.5928999999879039E-001,-9.5366827128012002E+000
 9.6028999999879039E-001, 9.6028999999879039E-001,-9.5466816075068799E+000
 9.6128999999879039E-001, 9.6128999999879039E-001,-9.5566805022125987E+000
 9.6228999999879039E-001, 9.6228999999879039E-001,-9.5666793969182855E+000
 9.6328999999879039E-001, 9.6328999999879039E-001,-9.5766782916239546E+000
 9.6428999999879039E-001, 9.6428999999879039E-001,-9.5866771863296609E+000
 9.6528999999879039E-001, 9.6528999999879039E-001,-9.5966760810353726E+000
 9.6628999999879039E-001, 9.6628999999879039E-001,-9.6066749757410861E+000
 9.6728999999879040E-001, 9.6728999999879040E-001,-9.6166738704467392E+000
 9.6828999999879040E-001, 9.6828999999879040E-001,-9.6266727651524526E+000
 9.6928999999879040E-001, 9.6928999999879040E-001,-9.6366716598581057E+000
 9.7028999999879040E-001, 9.7028999999879040E-001,-9.6466705545637836E+000
 9.7128999999879040E-001, 9.7128999999879040E-001,-9.6566694492694793E+000
 9.7228999999879040E-001, 9.7228999999879040E-001,-9.6666683439751555E+000
 9.7328999999879040E-001, 9.7328999999879040E-001,-9.6766672386808708E+000
 9.7428999999879040E-001, 9.7428999999879040E-001,-9.6866661333865185E+000
 9.7528999999879040E-001, 9.7528999999879040E-001,-9.6966650280922497E+000
 9.7628999999879040E-001, 9.7628999999879040E-001,-9.7066639227979135E+000
 9.7728999999879040E-001, 9.7728999999879040E-001,-9.7166628175036003E+000
 9.7828999999879040E-001, 9.7828999999879040E-001,-9.7266617122092516E+000
 9.7928999999879041E-001, 9.7928999999879041E-001,-9.7366606069149295E+000
 9.8028999999879041E-001, 9.8028999999879041E-001,-9.7466595016206217E+000
 9.8128999999879041E-001, 9.8128999999879041E-001,-9.7566583963263351E+000
 9.8228999999879041E-001, 9.8228999999879041E-001,-9.7666572910319633E+000
 9.8328999999879041E-001, 9.8328999999879041E-001,-9.7766561857376235E+000
 9.8428999999879041E-001, 9.8428999999879041E-001,-9.7866550804433032E+000
 9.8528999999879041E-001, 9.8528999999879041E-001,-9.7966539751489385E+000
 9.8628999999879041E-001, 9.8628999999879041E-001,-9.8066528698544957E+000
 9.8728999999879041E-001, 9.8728999999879041E-001,-9.8166517645600972E+000
 9.8828999999879041E-001, 9.8828999999879041E-001,-9.8266506592656029E+000
 9.8928999999879041E-001, 9.8928999999879041E-001,-9.8366495539710002E+000
 9.9028999999879042E-001, 9.9028999999879042E-001,-9.8466484486763353E+000
 9.9128999999879042E-001, 9.9128999999879042E-001,-9.8566473433814750E+000
 9.9228999999879042E-001, 9.9228999999879042E-001,-9.8666462380863003E+000
 9.9328999999879042E-001, 9.9328999999879042E-001,-9.8766451327908236E+000
 9.9428999999879042E-001, 9.9428999999879042E-001,-9.8866440274947660E+000
 9.9528999999879042E-001, 9.9528999999879042E-001,-9.8966429221978345E+000
 9.9628999999879042E-001, 9.9628999999879042E-001,-9.9066418168997377E+000
 9.9728999999879042E-001, 9.9728999999879042E-001,-9.9166407115998876E+000
 9.9828999999879042E-001, 9.9828999999879042E-001,-9.9266396062973588E+000
 9.9928999999879042E-001, 9.9928999999879042E-001,-9.9366385009909610E+000
 1.0002899999987904E+000, 1.0002899999987904E+000,-9.9466373956788665E+000
 1.0012899999987903E+000, 1.0012899999987903E+000,-9.9566362903583929E+000
 1.0022899999987902E+000, 1.0022899999987902E+000,-9.9666351850255559E+000
 1.0032899999987901E+000, 1.0032899999987901E+000,-9.9766340796745894E+000
 1.0042899999987900E+000, 1.0042899999987900E+000,-9.9866329742968603E+000
 1.0052899999987899E+000, 1.0052899999987899E+000,-9.9966318688798008E+000
 1.0062899999987898E+000, 1.0062899999987898E+000,-1.0006630763404752E+001
 1.0072899999987897E+000, 1.0072899999987897E+000,-1.0016629657844410E+001
 1.0082899999987895E+000, 1.0082899999987895E+000,-1.0026628552158597E+001
 1.0092899999987894E+000, 1.0092899999987894E+000,-1.0036627446287980E+001
 1.0102899999987893E+000, 1.0102899999987893E+000,-1.0046626340145384E+001
 1.0112899999987892E+000, 1.0112899999987892E+000,-1.0056625233602389E+001
 1.0122899999987891E+000, 1.0122899999987891E+000,-1.0066624126470112E+001
 1.0132899999987890E+000, 1.0132899999987890E+000,-1.0076623018470453E+001
 1.0142899999987889E+000, 1.0142899999987889E+000,-1.0086621909193971E+001
 1.0152899999987888E+000, 1.0152899999987888E+000,-1.0096620798038003E+001
 1.0162899999987887E+000, 1.0162899999987887E+000,-1.0106619684115664E+001
 1.0172899999987886E+000, 1.0172899999987886E+000,-1.0116618566121328E+001
 1.0182899999987884E+000, 1.0182899999987884E+000,-1.0126617442133108E+001
 1.0192899999987883E+000, 1.0192899999987883E+000,-1.0136616309322278E+001
 1.0202899999987882E+000, 1.0202899999987882E+000,-1.0146615163524928E+001
 1.0212899999987881E+000, 1.0212899999987881E+000,-1.0156613998612215E+001
 1.0222899999987880E+000, 1.0222899999987880E+000,-1.0166612805562698E+001
 1.0232899999987879E+000, 1.0232899999987879E+000,-1.0176611571097654E+001
 1.0242899999987878E+000, 1.0242899999987878E+000,-1.0186610275672068E+001
 1.0252899999987877E+000, 1.0252899999987877E+000,-1.0196608890517910E+001
 1.0262899999987876E+000, 1.0262899999987876E+000,-1.0206607373293165E+001
 1.0272899999987875E+000, 1.0272899999987875E+000,-1.0216605661679212E+001
 1.0282899999987873E+000, 1.0282899999987873E+000,-1.0226603663960677E+001
 1.0292899999987872E+000, 1.0292899999987872E+000,-1.0236601245168925E+001
 1.0302899999987871E+000, 1.0302899999987871E+000,-1.0246598206706604E+001
 1.0312899999987870E+000, 1.0312899999987870E+000,-1.0256594256399246E+001
 1.0322899999987869E+000, 1.0322899999987869E+000,-1.0266588964508410E+001
 1.0332899999987868E+000, 1.0332899999987868E+000,-1.0276581699191450E+001
 1.0342899999987867E+000, 1.0342899999987867E+000,-1.0286571531946320E+001
 1.0352899999987866E+000, 1.0352899999987866E+000,-1.0296557099392572E+001
 1.0362899999987865E+000, 1.0362899999987865E+000,-1.0306536401888408E+001
 1.0372899999987863E+000, 1.0372899999987863E+000,-1.0316506511546770E+001
 1.0382899999987862E+000, 1.0382899999987862E+000,-1.0326463151939475E+001
 1.0392899999987861E+000, 1.0392899999987861E+000,-1.0336400099589939E+001
 1.0402899999987860E+000, 1.0402899999987860E+000,-1.0346308345356736E+001
 1.0412899999987859E+000, 1.0412899999987859E+000,-1.0356174947834443E+001
 1.0422899999987858E+000, 1.0422899999987858E+000,-1.0365981523883637E+001
 1.0432899999987857E+000, 1.0432899999987857E+000,-1.0375702377868029E+001
 1.0442899999987856E+000, 1.0442899999987856E+000,-1.0385302409334969E+001
 1.0452899999987855E+000, 1.0452899999987855E+000,-1.0394735199866387E+001
 1.0462899999987854E+000, 1.0462899999987854E+000,-1.0403942063319416E+001
 1.0472899999987852E+000, 1.0472899999987852E+000,-1.0412853214698126E+001
 1.0482899999987851E+000, 1.0482899999987851E+000,-1.0421392212587564E+001
 1.0492899999987850E+000, 1.0492899999987850E+000,-1.0429483989575646E+001
 1.0502899999987849E+000, 1.0502899999987849E+000,-1.0437065046923284E+001
 1.0512899999987848E+000, 1.0512899999987848E+000,-1.0444092687400939E+001
 1.0522899999987847E+000, 1.0522899999987847E+000,-1.0450550002372081E+001
 1.0532899999987846E+000, 1.0532899999987846E+000,-1.0456445205292784E+001
 1.0542899999987845E+000, 1.0542899999987845E+000,-1.0461806460660771E+001
 1.0552899999987844E+000, 1.0552899999987844E+000,-1.0466674773860316E+001
 1.0562899999987843E+000, 1.0562899999987843E+000,-1.0471097270874463E+001
 1.0572899999987841E+000, 1.0572899999987841E+000,-1.0475122103642610E+001
 1.0582899999987840E+000, 1.0582899999987840E+000,-1.0478794848100113E+001
 1.0592899999987839E+000, 1.0592899999987839E+000,-1.0482158274687741E+001
 1.0602899999987838E+000, 1.0602899999987838E+000,-1.0485249326386281E+001
 1.0612899999987837E+000, 1.0612899999987837E+000,-1.0488100735674632E+001
 1.0622899999987836E+000, 1.0622899999987836E+000,-1.0490740892981353E+001
 1.0632899999987835E+000, 1.0632899999987835E+000,-1.0493194298233769E+001
 1.0642899999987834E+000, 1.0642899999987834E+000,-1.0495482147550593E+001
 1.0652899999987833E+000, 1.0652899999987833E+000,-1.0497622407456950E+001
 1.0662899999987832E+000, 1.0662899999987832E+000,-1.0499630874488517E+001
 1.0672899999987830E+000, 1.0672899999987830E+000,-1.0501521106619270E+001
 1.0682899999987829E+000, 1.0682899999987829E+000,-1.0503304864062653E+001
 1.0692899999987828E+000, 1.0692899999987828E+000,-1.0504992382364016E+001
 1.0702899999987827E+000, 1.0702899999987827E+000,-1.0506592602217824E+001
 1.0712899999987826E+000, 1.0712899999987826E+000,-1.0508113362179113E+001
 1.0722899999987825E+000, 1.0722899999987825E+000,-1.0509561560061591E+001
 1.0732899999987824E+000, 1.0732899999987824E+000,-1.0510943288157609E+001
 1.0742899999987823E+000, 1.0742899999987823E+000,-1.0512263946691615E+001
 1.0752899999987822E+000, 1.0752899999987822E+000,-1.0513528339211488E+001
 1.0762899999987821E+000, 1.0762899999987821E+000,-1.0514740753003105E+001
 1.0772899999987819E+000, 1.0772899999987819E+000,-1.0515905027088621E+001
 1.0782899999987818E+000, 1.0782899999987818E+000,-1.0517024609903583E+001
 1.0792899999987817E+000, 1.0792899999987817E+000,-1.0518102608386334E+001
 1.0802899999987816E+000, 1.0802899999987816E+000,-1.0519141829889037E+001
 1.0812899999987815E+000, 1.0812899999987815E+000,-1.0520144818094250E+001
 1.0822899999987814E+000, 1.0822899999987814E+000,-1.0521113883892609E+001
 1.0832899999987813E+000, 1.0832899999987813E+000,-1.0522051132010201E+001
 1.0842899999987812E+000, 1.0842899999987812E+000,-1.0522958484057380E+001
 1.0852899999987811E+000, 1.0852899999987811E+000,-1.0523837698533564E+001
 1.0862899999987810E+000, 1.0862899999987810E+000,-1.0524690388249949E+001
 1.0872899999987808E+000, 1.0872899999987808E+000,-1.0525518035550009E+001
 1.0882899999987807E+000, 1.0882899999987807E+000,-1.0526322005633418E+001
 1.0892899999987806E+000, 1.0892899999987806E+000,-1.0527103558274280E+001
 1.0902899999987805E+000, 1.0902899999987805E+000,-1.0527863858133529E+001
 1.0912899999987804E+000, 1.0912899999987804E+000,-1.0528603983875618E+001
 1.0922899999987803E+000, 1.0922899999987803E+000,-1.0529324936233944E+001
 1.0932899999987802E+000, 1.0932899999987802E+000,-1.0530027645178341E+001
 1.0942899999987801E+000, 1.0942899999987801E+000,-1.0530712976285567E+001
 1.0952899999987800E+000, 1.0952899999987800E+000,-1.0531381736434877E+001
 1.0962899999987799E+000, 1.0962899999987799E+000,-1.0532034678882972E+001
 1.0972899999987797E+000, 1.0972899999987797E+000,-1.0532672507824328E+001
 1.0982899999987796E+000, 1.0982899999987796E+000,-1.0533295882475496E+001
 1.0992899999987795E+000, 1.0992899999987795E+000,-1.0533905420762943E+001
 1.1002899999987794E+000, 1.1002899999987794E+000,-1.0534501702632962E+001
 1.1012899999987793E+000, 1.1012899999987793E+000,-1.0535085273046331E+001
 1.1022899999987792E+000, 1.1022899999987792E+000,-1.0535656644691047E+001
 1.1032899999987791E+000, 1.1032899999987791E+000,-1.0536216300439559E+001
 1.1042899999987790E+000, 1.1042899999987790E+000,-1.0536764695578631E+001
 1.1052899999987789E+000, 1.1052899999987789E+000,-1.0537302259835210E+001
 1.1062899999987788E+000, 1.1062899999987788E+000,-1.0537829399228261E+001
 1.1072899999987786E+000, 1.1072899999987786E+000,-1.0538346497755342E+001
 1.1082899999987785E+000, 1.1082899999987785E+000,-1.0538853918927387E+001
 1.1092899999987784E+000, 1.1092899999987784E+000,-1.0539352007187212E+001
 1.1102899999987783E+000, 1.1102899999987783E+000,-1.0539841089194489E+001
 1.1112899999987782E+000, 1.1112899999987782E+000,-1.0540321475018057E+001
 1.1122899999987781E+000, 1.1122899999987781E+000,-1.0540793459222552E+001
 1.1132899999987780E+000, 1.1132899999987780E+000,-1.0541257321869390E+001
 1.1142899999987779E+000, 1.1142899999987779E+000,-1.0541713329441009E+001
 1.1152899999987778E+000, 1.1152899999987778E+000,-1.0542161735700709E+001
 1.1162899999987776E+000, 1.1162899999987776E+000,-1.0542602782474050E+001
 1.1172899999987775E+000, 1.1172899999987775E+000,-1.0543036700368468E+001
 1.1182899999987774E+000, 1.1182899999987774E+000,-1.0543463709465083E+001
 1.1192899999987773E+000, 1.1192899999987773E+000,-1.0543884019931095E+001
 1.1202899999987772E+000, 1.1202899999987772E+000,-1.0544297832598772E+001
 1.1212899999987771E+000, 1.1212899999987771E+000,-1.0544705339509731E+001
 1.1222899999987770E+000, 1.1222899999987770E+000,-1.0545106724413408E+001
 1.1232899999987769E+000, 1.1232899999987769E+000,-1.0545502163224036E+001
 1.1242899999987768E+000, 1.1242899999987768E+000,-1.0545891824471241E+001
 1.1252899999987767E+000, 1.1252899999987767E+000,-1.0546275869683708E+001
 1.1262899999987765E+000, 1.1262899999987765E+000,-1.0546654453785028E+001
 1.1272899999987764E+000, 1.1272899999987764E+000,-1.0547027725434065E+001
 1.1282899999987763E+000, 1.1282899999987763E+000,-1.0547395827361637E+001
 1.1292899999987762E+000, 1.1292899999987762E+000,-1.0547758896668226E+001
 1.1302899999987761E+000, 1.1302899999987761E+000,-1.0548117065125977E+001
 1.1312899999987760E+000, 1.1312899999987760E+000,-1.0548470459447620E+001
 1.1322899999987759E+000, 1.1322899999987759E+000,-1.0548819201519308E+001
 1.1332899999987758E+000, 1.1332899999987758E+000,-1.0549163408670713E+001
 1.1342899999987757E+000, 1.1342899999987757E+000,-1.0549503193876582E+001
 1.1352899999987756E+000, 1.1352899999987756E+000,-1.0549838665967377E+001
 1.1362899999987754E+000, 1.1362899999987754E+000,-1.0550169929844431E+001
 1.1372899999987753E+000, 1.1372899999987753E+000,-1.0550497086646550E+001
 1.1382899999987752E+000, 1.1382899999987752E+000,-1.0550820233942973E+001
 1.1392899999987751E+000, 1.1392899999987751E+000,-1.0551139465875204E+001
 1.1402899999987750E+000, 1.1402899999987750E+000,-1.0551454873337200E+001
 1.1412899999987749E+000, 1.1412899999987749E+000,-1.0551766544111530E+001
 1.1422899999987748E+000, 1.1422899999987748E+000,-1.0552074563007565E+001
 1.1432899999987747E+000, 1.1432899999987747E+000,-1.0552379011998321E+001
 1.1442899999987746E+000, 1.1442899999987746E+000,-1.0552679970335822E+001
 1.1452899999987745E+000, 1.1452899999987745E+000,-1.0552977514676074E+001
 1.1462899999987743E+000, 1.1462899999987743E+000,-1.0553271719196600E+001
 1.1472899999987742E+000, 1.1472899999987742E+000,-1.0553562655678457E+001
 1.1482899999987741E+000, 1.1482899999987741E+000,-1.0553850393640525E+001
 1.1492899999987740E+000, 1.1492899999987740E+000,-1.0554135000398322E+001
 1.1502899999987739E+000, 1.1502899999987739E+000,-1.0554416541184104E+001
 1.1512899999987738E+000, 1.1512899999987738E+000,-1.0554695079210948E+001
 1.1522899999987737E+000, 1.1522899999987737E+000,-1.0554970675770647E+001
 1.1532899999987736E+000, 1.1532899999987736E+000,-1.0555243390292979E+001
 1.1542899999987735E+000, 1.1542899999987735E+000,-1.0555513280437705E+001
 1.1552899999987734E+000, 1.1552899999987734E+000,-1.0555780402147727E+001
 1.1562899999987732E+000, 1.1562899999987732E+000,-1.0556044809729967E+001
 1.1572899999987731E+000, 1.1572899999987731E+000,-1.0556306555906650E+001
 1.1582899999987730E+000, 1.1582899999987730E+000,-1.0556565691886107E+001
 1.1592899999987729E+000, 1.1592899999987729E+000,-1.0556822267406337E+001
 1.1602899999987728E+000, 1.1602899999987728E+000,-1.0557076330808172E+001
 1.1612899999987727E+000, 1.1612899999987727E+000,-1.0557327929067368E+001
 1.1622899999987726E+000, 1.1622899999987726E+000,-1.0557577107862807E+001
 1.1632899999987725E+000, 1.1632899999987725E+000,-1.0557823911613985E+001
 1.1642899999987724E+000, 1.1642899999987724E+000,-1.0558068383519425E+001
 1.1652899999987723E+000, 1.1652899999987723E+000,-1.0558310565624964E+001
 1.1662899999987721E+000, 1.1662899999987721E+000,-1.0558550498834142E+001
 1.1672899999987720E+000, 1.1672899999987720E+000,-1.0558788222968325E+001
 1.1682899999987719E+000, 1.1682899999987719E+000,-1.0559023776800720E+001
 1.1692899999987718E+000, 1.1692899999987718E+000,-1.0559257198094834E+001
 1.1702899999987717E+000, 1.1702899999987717E+000,-1.0559488523626200E+001
 1.1712899999987716E+000, 1.1712899999987716E+000,-1.0559717789235613E+001
 1.1722899999987715E+000, 1.1722899999987715E+000,-1.0559945029834976E+001
 1.1732899999987714E+000, 1.1732899999987714E+000,-1.0560170279469805E+001
 1.1742899999987713E+000, 1.1742899999987713E+000,-1.0560393571328124E+001
 1.1752899999987712E+000, 1.1752899999987712E+000,-1.0560614937761688E+001
 1.1762899999987710E+000, 1.1762899999987710E+000,-1.0560834410338881E+001
 1.1772899999987709E+000, 1.1772899999987709E+000,-1.0561052019846093E+001
 1.1782899999987708E+000, 1.1782899999987708E+000,-1.0561267796325145E+001
 1.1792899999987707E+000, 1.1792899999987707E+000,-1.0561481769091063E+001
 1.1802899999987706E+000, 1.1802899999987706E+000,-1.0561693966763855E+001
 1.1812899999987705E+000, 1.1812899999987705E+000,-1.0561904417283708E+001
 1.1822899999987704E+000, 1.1822899999987704E+000,-1.0562113147926489E+001
 1.1832899999987703E+000, 1.1832899999987703E+000,-1.0562320185336288E+001
 1.1842899999987702E+000, 1.1842899999987702E+000,-1.0562525555537807E+001
 1.1852899999987700E+000, 1.1852899999987700E+000,-1.0562729283959321E+001
 1.1862899999987699E+000, 1.1862899999987699E+000,-1.0562931395441641E+001
 1.1872899999987698E+000, 1.1872899999987698E+000,-1.0563131914268968E+001
 1.1882899999987697E+000, 1.1882899999987697E+000,-1.0563330864177420E+001
 1.1892899999987696E+000, 1.1892899999987696E+000,-1.0563528268377807E+001
 1.1902899999987695E+000, 1.1902899999987695E+000,-1.0563724149548513E+001
 1.1912899999987694E+000, 1.1912899999987694E+000,-1.0563918529887392E+001
 1.1922899999987693E+000, 1.1922899999987693E+000,-1.0564111431099228E+001
 1.1932899999987692E+000, 1.1932899999987692E+000,-1.0564302874413666E+001
 1.1942899999987691E+000, 1.1942899999987691E+000,-1.0564492880612558E+001
 1.1952899999987689E+000, 1.1952899999987689E+000,-1.0564681470023459E+001
 1.1962899999987688E+000, 1.1962899999987688E+000,-1.0564868662544272E+001
 1.1972899999987687E+000, 1.1972899999987687E+000,-1.0565054477658709E+001
 1.1982899999987686E+000, 1.1982899999987686E+000,-1.0565238934428065E+001
 1.1992899999987685E+000, 1.1992899999987685E+000,-1.0565422051534421E+001
 1.2002899999987684E+000, 1.2002899999987684E+000,-1.0565603847259137E+001
 1.2012899999987683E+000, 1.2012899999987683E+000,-1.0565784339516078E+001
 1.2022899999987682E+000, 1.2022899999987682E+000,-1.0565963545840633E+001
 1.2032899999987681E+000, 1.2032899999987681E+000,-1.0566141483432284E+001
 1.2042899999987680E+000, 1.2042899999987680E+000,-1.0566318169132920E+001
 1.2052899999987678E+000, 1.2052899999987678E+000,-1.0566493619439203E+001
 1.2062899999987677E+000, 1.2062899999987677E+000,-1.0566667850538884E+001
 1.2072899999987676E+000, 1.2072899999987676E+000,-1.0566840878277429E+001
 1.2082899999987675E+000, 1.2082899999987675E+000,-1.0567012718207440E+001
 1.2092899999987674E+000, 1.2092899999987674E+000,-1.0567183385573049E+001
 1.2102899999987673E+000, 1.2102899999987673E+000,-1.0567352895321116E+001
 1.2112899999987672E+000, 1.2112899999987672E+000,-1.0567521262110386E+001
 1.2122899999987671E+000, 1.2122899999987671E+000,-1.0567688500318305E+001
 1.2132899999987670E+000, 1.2132899999987670E+000,-1.0567854624050794E+001
 1.2142899999987669E+000, 1.2142899999987669E+000,-1.0568019647136566E+001
 1.2152899999987667E+000, 1.2152899999987667E+000,-1.0568183583173672E+001
 1.2162899999987666E+000, 1.2162899999987666E+000,-1.0568346445462987E+001
 1.2172899999987665E+000, 1.2172899999987665E+000,-1.0568508247103084E+001
 1.2182899999987664E+000, 1.2182899999987664E+000,-1.0568669000913468E+001
 1.2192899999987663E+000, 1.2192899999987663E+000,-1.0568828719500265E+001
 1.2202899999987662E+000, 1.2202899999987662E+000,-1.0568987415233336E+001
 1.2212899999987661E+000, 1.2212899999987661E+000,-1.0569145100258007E+001
 1.2222899999987660E+000, 1.2222899999987660E+000,-1.0569301786499715E+001
 1.2232899999987659E+000, 1.2232899999987659E+000,-1.0569457485679409E+001
 1.2242899999987658E+000, 1.2242899999987658E+000,-1.0569612209291863E+001
 1.2252899999987656E+000, 1.2252899999987656E+000,-1.0569765968636874E+001
 1.2262899999987655E+000, 1.2262899999987655E+000,-1.0569918774825391E+001
 1.2272899999987654E+000, 1.2272899999987654E+000,-1.0570070638755483E+001
 1.2282899999987653E+000, 1.2282899999987653E+000,-1.0570221571149547E+001
 1.2292899999987652E+000, 1.2292899999987652E+000,-1.0570371582534934E+001
 1.2302899999987651E+000, 1.2302899999987651E+000,-1.0570520683274038E+001
 1.2312899999987650E+000, 1.2312899999987650E+000,-1.0570668883521440E+001
 1.2322899999987649E+000, 1.2322899999987649E+000,-1.0570816193288588E+001
 1.2332899999987648E+000, 1.2332899999987648E+000,-1.0570962622400916E+001
 1.2342899999987647E+000, 1.2342899999987647E+000,-1.0571108180529521E+001
 1.2352899999987645E+000, 1.2352899999987645E+000,-1.0571252877167387E+001
 1.2362899999987644E+000, 1.2362899999987644E+000,-1.0571396721664689E+001
 1.2372899999987643E+000, 1.2372899999987643E+000,-1.0571539723210176E+001
 1.2382899999987642E+000, 1.2382899999987642E+000,-1.0571681890849396E+001
 1.2392899999987641E+000, 1.2392899999987641E+000,-1.0571823233455556E+001
 1.2402899999987640E+000, 1.2402899999987640E+000,-1.0571963759788765E+001
 1.2412899999987639E+000, 1.2412899999987639E+000,-1.0572103478443632E+001
 1.2422899999987638E+000, 1.2422899999987638E+000,-1.0572242397886395E+001
 1.2432899999987637E+000, 1.2432899999987637E+000,-1.0572380526445523E+001
 1.2442899999987636E+000, 1.2442899999987636E+000,-1.0572517872318889E+001
 1.2452899999987634E+000, 1.2452899999987634E+000,-1.0572654443568821E+001
 1.2462899999987633E+000, 1.2462899999987633E+000,-1.0572790248129090E+001
 1.2472899999987632E+000, 1.2472899999987632E+000,-1.0572925293823474E+001
 1.2482899999987631E+000, 1.2482899999987631E+000,-1.0573059588327403E+001
 1.2492899999987630E+000, 1.2492899999987630E+000,-1.0573193139218517E+001
 1.2502899999987629E+000, 1.2502899999987629E+000,-1.0573325953951692E+001
 1.2512899999987628E+000, 1.2512899999987628E+000,-1.0573458039864262E+001
 1.2522899999987627E+000, 1.2522899999987627E+000,-1.0573589404174019E+001
 1.2532899999987626E+000, 1.2532899999987626E+000,-1.0573720054012670E+001
 1.2542899999987625E+000, 1.2542899999987625E+000,-1.0573849996379433E+001
 1.2552899999987623E+000, 1.2552899999987623E+000,-1.0573979238164490E+001
 1.2562899999987622E+000, 1.2562899999987622E+000,-1.0574107786186476E+001
 1.2572899999987621E+000, 1.2572899999987621E+000,-1.0574235647122368E+001
 1.2582899999987620E+000, 1.2582899999987620E+000,-1.0574362827575600E+001
 1.2592899999987619E+000, 1.2592899999987619E+000,-1.0574489334049618E+001
 1.2602899999987618E+000, 1.2602899999987618E+000,-1.0574615172935063E+001
 1.2612899999987617E+000, 1.2612899999987617E+000,-1.0574740350553606E+001
 1.2622899999987616E+000, 1.2622899999987616E+000,-1.0574864873112482E+001
 1.2632899999987615E+000, 1.2632899999987615E+000,-1.0574988746728703E+001
 1.2642899999987613E+000, 1.2642899999987613E+000,-1.0575111977459079E+001
 1.2652899999987612E+000, 1.2652899999987612E+000,-1.0575234571245405E+001
 1.2662899999987611E+000, 1.2662899999987611E+000,-1.0575356533938805E+001
 1.2672899999987610E+000, 1.2672899999987610E+000,-1.0575477871342924E+001
 1.2682899999987609E+000, 1.2682899999987609E+000,-1.0575598589137911E+001
 1.2692899999987608E+000, 1.2692899999987608E+000,-1.0575718692947609E+001
 1.2702899999987607E+000, 1.2702899999987607E+000,-1.0575838188315700E+001
 1.2712899999987606E+000, 1.2712899999987606E+000,-1.0575957080694584E+001
 1.2722899999987605E+000, 1.2722899999987605E+000,-1.0576075375469582E+001
 1.2732899999987604E+000, 1.2732899999987604E+000,-1.0576193077958397E+001
 1.2742899999987602E+000, 1.2742899999987602E+000,-1.0576310193390650E+001
 1.2752899999987601E+000, 1.2752899999987601E+000,-1.0576426726931393E+001
 1.2762899999987600E+000, 1.2762899999987600E+000,-1.0576542683669922E+001
 1.2772899999987599E+000, 1.2772899999987599E+000,-1.0576658068638206E+001
 1.2782899999987598E+000, 1.2782899999987598E+000,-1.0576772886786170E+001
 1.2792899999987597E+000, 1.2792899999987597E+000,-1.0576887143001887E+001
 1.2802899999987596E+000, 1.2802899999987596E+000,-1.0577000842110657E+001
 1.2812899999987595E+000, 1.2812899999987595E+000,-1.0577113988863951E+001
 1.2822899999987594E+000, 1.2822899999987594E+000,-1.0577226587968653E+001
 1.2832899999987593E+000, 1.2832899999987593E+000,-1.0577338644038937E+001
 1.2842899999987591E+000, 1.2842899999987591E+000,-1.0577450161658343E+001
 1.2852899999987590E+000, 1.2852899999987590E+000,-1.0577561145322706E+001
 1.2862899999987589E+000, 1.2862899999987589E+000,-1.0577671599495568E+001
 1.2872899999987588E+000, 1.2872899999987588E+000,-1.0577781528563555E+001
 1.2882899999987587E+000, 1.2882899999987587E+000,-1.0577890936868400E+001
 1.2892899999987586E+000, 1.2892899999987586E+000,-1.0577999828664808E+001
 1.2902899999987585E+000, 1.2902899999987585E+000,-1.0578108208206400E+001
 1.2912899999987584E+000, 1.2912899999987584E+000,-1.0578216079642521E+001
 1.2922899999987583E+000, 1.2922899999987583E+000,-1.0578323447101777E+001
 1.2932899999987582E+000, 1.2932899999987582E+000,-1.0578430314626875E+001
 1.2942899999987580E+000, 1.2942899999987580E+000,-1.0578536686252342E+001
 1.2952899999987579E+000, 1.2952899999987579E+000,-1.0578642565919104E+001
 1.2962899999987578E+000, 1.2962899999987578E+000,-1.0578747957544810E+001
 1.2972899999987577E+000, 1.2972899999987577E+000,-1.0578852864991426E+001
 1.2982899999987576E+000, 1.2982899999987576E+000,-1.0578957292071006E+001
 1.2992899999987575E+000, 1.2992899999987575E+000,-1.0579061242548967E+001
 1.3002899999987574E+000, 1.3002899999987574E+000,-1.0579164720141234E+001
 1.3012899999987573E+000, 1.3012899999987573E+000,-1.0579267728523565E+001
 1.3022899999987572E+000, 1.3022899999987572E+000,-1.0579370271314776E+001
 1.3032899999987571E+000, 1.3032899999987571E+000,-1.0579472352102853E+001
 1.3042899999987569E+000, 1.3042899999987569E+000,-1.0579573974428792E+001
 1.3052899999987568E+000, 1.3052899999987568E+000,-1.0579675141783298E+001
 1.3062899999987567E+000, 1.3062899999987567E+000,-1.0579775857622593E+001
 1.3072899999987566E+000, 1.3072899999987566E+000,-1.0579876125352143E+001
 1.3082899999987565E+000, 1.3082899999987565E+000,-1.0579975948348952E+001
 1.3092899999987564E+000, 1.3092899999987564E+000,-1.0580075329939971E+001
 1.3102899999987563E+000, 1.3102899999987563E+000,-1.0580174273413007E+001
 1.3112899999987562E+000, 1.3112899999987562E+000,-1.0580272782011866E+001
 1.3122899999987561E+000, 1.3122899999987561E+000,-1.0580370858970534E+001
 1.3132899999987560E+000, 1.3132899999987560E+000,-1.0580468507430430E+001
 1.3142899999987558E+000, 1.3142899999987558E+000,-1.0580565730554246E+001
 1.3152899999987557E+000, 1.3152899999987557E+000,-1.0580662531429725E+001
 1.3162899999987556E+000, 1.3162899999987556E+000,-1.0580758913128115E+001
 1.3172899999987555E+000, 1.3172899999987555E+000,-1.0580854878664478E+001
 1.3182899999987554E+000, 1.3182899999987554E+000,-1.0580950431045572E+001
 1.3192899999987553E+000, 1.3192899999987553E+000,-1.0581045573212648E+001
 1.3202899999987552E+000, 1.3202899999987552E+000,-1.0581140308102222E+001
 1.3212899999987551E+000, 1.3212899999987551E+000,-1.0581234638598760E+001
 1.3222899999987550E+000, 1.3222899999987550E+000,-1.0581328567560522E+001
 1.3232899999987549E+000, 1.3232899999987549E+000,-1.0581422097808069E+001
 1.3242899999987547E+000, 1.3242899999987547E+000,-1.0581515232138223E+001
 1.3252899999987546E+000, 1.3252899999987546E+000,-1.0581607973306054E+001
 1.3262899999987545E+000, 1.3262899999987545E+000,-1.0581700324045373E+001
 1.3272899999987544E+000, 1.3272899999987544E+000,-1.0581792287053124E+001
 1.3282899999987543E+000, 1.3282899999987543E+000,-1.0581883864994376E+001
 1.3292899999987542E+000, 1.3292899999987542E+000,-1.0581975060512328E+001
 1.3302899999987541E+000, 1.3302899999987541E+000,-1.0582065876207224E+001
 1.3312899999987540E+000, 1.3312899999987540E+000,-1.0582156314670295E+001
 1.3322899999987539E+000, 1.3322899999987539E+000,-1.0582246378444687E+001
 1.3332899999987537E+000, 1.3332899999987537E+000,-1.0582336070059814E+001
 1.3342899999987536E+000, 1.3342899999987536E+000,-1.0582425392000449E+001
 1.3352899999987535E+000, 1.3352899999987535E+000,-1.0582514346737755E+001
 1.3362899999987534E+000, 1.3362899999987534E+000,-1.0582602936720503E+001
 1.3372899999987533E+000, 1.3372899999987533E+000,-1.0582691164355646E+001
 1.3382899999987532E+000, 1.3382899999987532E+000,-1.0582779032034706E+001
 1.3392899999987531E+000, 1.3392899999987531E+000,-1.0582866542118243E+001
 1.3402899999987530E+000, 1.3402899999987530E+000,-1.0582953696943001E+001
 1.3412899999987529E+000, 1.3412899999987529E+000,-1.0583040498817383E+001
 1.3422899999987528E+000, 1.3422899999987528E+000,-1.0583126950023948E+001
 1.3432899999987526E+000, 1.3432899999987526E+000,-1.0583213052849885E+001
 1.3442899999987525E+000, 1.3442899999987525E+000,-1.0583298809507955E+001
 1.3452899999987524E+000, 1.3452899999987524E+000,-1.0583384222217832E+001
 1.3462899999987523E+000, 1.3462899999987523E+000,-1.0583469293162301E+001
 1.3472899999987522E+000, 1.3472899999987522E+000,-1.0583554024534894E+001
 1.3482899999987521E+000, 1.3482899999987521E+000,-1.0583638418454299E+001
 1.3492899999987520E+000, 1.3492899999987520E+000,-1.0583722477063715E+001
 1.3502899999987519E+000, 1.3502899999987519E+000,-1.0583806202447125E+001
 1.3512899999987518E+000, 1.3512899999987518E+000,-1.0583889596688969E+001
 1.3522899999987517E+000, 1.3522899999987517E+000,-1.0583972661856487E+001
 1.3532899999987515E+000, 1.3532899999987515E+000,-1.0584055399964873E+001
 1.3542899999987514E+000, 1.3542899999987514E+000,-1.0584137813033056E+001
 1.3552899999987513E+000, 1.3552899999987513E+000,-1.0584219903066668E+001
 1.3562899999987512E+000, 1.3562899999987512E+000,-1.0584301672035462E+001
 1.3572899999987511E+000, 1.3572899999987511E+000,-1.0584383121878069E+001
 1.3582899999987510E+000, 1.3582899999987510E+000,-1.0584464254542514E+001
 1.3592899999987509E+000, 1.3592899999987509E+000,-1.0584545071940290E+001
 1.3602899999987508E+000, 1.3602899999987508E+000,-1.0584625575967571E+001
 1.3612899999987507E+000, 1.3612899999987507E+000,-1.0584705768483621E+001
 1.3622899999987506E+000, 1.3622899999987506E+000,-1.0584785651364665E+001
 1.3632899999987504E+000, 1.3632899999987504E+000,-1.0584865226421076E+001
 1.3642899999987503E+000, 1.3642899999987503E+000,-1.0584944495490220E+001
 1.3652899999987502E+000, 1.3652899999987502E+000,-1.0585023460383896E+001
 1.3662899999987501E+000, 1.3662899999987501E+000,-1.0585102122853073E+001
 1.3672899999987500E+000, 1.3672899999987500E+000,-1.0585180484695158E+001
 1.3682899999987499E+000, 1.3682899999987499E+000,-1.0585258547620638E+001
 1.3692899999987498E+000, 1.3692899999987498E+000,-1.0585336313399226E+001
 1.3702899999987497E+000, 1.3702899999987497E+000,-1.0585413783711346E+001
 1.3712899999987496E+000, 1.3712899999987496E+000,-1.0585490960271729E+001
 1.3722899999987495E+000, 1.3722899999987495E+000,-1.0585567844748610E+001
 1.3732899999987493E+000, 1.3732899999987493E+000,-1.0585644438809645E+001
 1.3742899999987492E+000, 1.3742899999987492E+000,-1.0585720744107107E+001
 1.3752899999987491E+000, 1.3752899999987491E+000,-1.0585796762256624E+001
 1.3762899999987490E+000, 1.3762899999987490E+000,-1.0585872494874939E+001
 1.3772899999987489E+000, 1.3772899999987489E+000,-1.0585947943582438E+001
 1.3782899999987488E+000, 1.3782899999987488E+000,-1.0586023109927188E+001
 1.3792899999987487E+000, 1.3792899999987487E+000,-1.0586097995511365E+001
 1.3802899999987486E+000, 1.3802899999987486E+000,-1.0586172601867963E+001
 1.3812899999987485E+000, 1.3812899999987485E+000,-1.0586246930543835E+001
 1.3822899999987484E+000, 1.3822899999987484E+000,-1.0586320983046063E+001
 1.3832899999987482E+000, 1.3832899999987482E+000,-1.0586394760907435E+001
 1.3842899999987481E+000, 1.3842899999987481E+000,-1.0586468265598402E+001
 1.3852899999987480E+000, 1.3852899999987480E+000,-1.0586541498619404E+001
 1.3862899999987479E+000, 1.3862899999987479E+000,-1.0586614461428134E+001
 1.3872899999987478E+000, 1.3872899999987478E+000,-1.0586687155476014E+001
 1.3882899999987477E+000, 1.3882899999987477E+000,-1.0586759582203202E+001
 1.3892899999987476E+000, 1.3892899999987476E+000,-1.0586831743027481E+001
 1.3902899999987475E+000, 1.3902899999987475E+000,-1.0586903639364607E+001
 1.3912899999987474E+000, 1.3912899999987474E+000,-1.0586975272631665E+001
 1.3922899999987473E+000, 1.3922899999987473E+000,-1.0587046644183134E+001
 1.3932899999987471E+000, 1.3932899999987471E+000,-1.0587117755405460E+001
 1.3942899999987470E+000, 1.3942899999987470E+000,-1.0587188607666274E+001
 1.3952899999987469E+000, 1.3952899999987469E+000,-1.0587259202305640E+001
 1.3962899999987468E+000, 1.3962899999987468E+000,-1.0587329540641919E+001
 1.3972899999987467E+000, 1.3972899999987467E+000,-1.0587399624024711E+001
 1.3982899999987466E+000, 1.3982899999987466E+000,-1.0587469453746928E+001
 1.3992899999987465E+000, 1.3992899999987465E+000,-1.0587539031107884E+001
 1.4002899999987464E+000, 1.4002899999987464E+000,-1.0587608357393703E+001
 1.4012899999987463E+000, 1.4012899999987463E+000,-1.0587677433900421E+001
 1.4022899999987462E+000, 1.4022899999987462E+000,-1.0587746261850823E+001
 1.4032899999987460E+000, 1.4032899999987460E+000,-1.0587814842529960E+001
 1.4042899999987459E+000, 1.4042899999987459E+000,-1.0587883177163135E+001
 1.4052899999987458E+000, 1.4052899999987458E+000,-1.0587951266972048E+001
 1.4062899999987457E+000, 1.4062899999987457E+000,-1.0588019113188455E+001
 1.4072899999987456E+000, 1.4072899999987456E+000,-1.0588086717012819E+001
 1.4082899999987455E+000, 1.4082899999987455E+000,-1.0588154079634684E+001
 1.4092899999987454E+000, 1.4092899999987454E+000,-1.0588221202252960E+001
 1.4102899999987453E+000, 1.4102899999987453E+000,-1.0588288086023532E+001
 1.4112899999987452E+000, 1.4112899999987452E+000,-1.0588354732124360E+001
 1.4122899999987450E+000, 1.4122899999987450E+000,-1.0588421141693626E+001
 1.4132899999987449E+000, 1.4132899999987449E+000,-1.0588487315882807E+001
 1.4142899999987448E+000, 1.4142899999987448E+000,-1.0588553255836882E+001
 1.4152899999987447E+000, 1.4152899999987447E+000,-1.0588618962659535E+001
 1.4162899999987446E+000, 1.4162899999987446E+000,-1.0588684437472279E+001
 1.4172899999987445E+000, 1.4172899999987445E+000,-1.0588749681374811E+001
 1.4182899999987444E+000, 1.4182899999987444E+000,-1.0588814695460355E+001
 1.4192899999987443E+000, 1.4192899999987443E+000,-1.0588879480813333E+001
 1.4202899999987442E+000, 1.4202899999987442E+000,-1.0588944038501090E+001
 1.4212899999987441E+000, 1.4212899999987441E+000,-1.0589008369596996E+001
 1.4222899999987439E+000, 1.4222899999987439E+000,-1.0589072475152424E+001
 1.4232899999987438E+000, 1.4232899999987438E+000,-1.0589136356217484E+001
 1.4242899999987437E+000, 1.4242899999987437E+000,-1.0589200013806110E+001
 1.4252899999987436E+000, 1.4252899999987436E+000,-1.0589263448977574E+001
 1.4262899999987435E+000, 1.4262899999987435E+000,-1.0589326662729153E+001
 1.4272899999987434E+000, 1.4272899999987434E+000,-1.0589389656087349E+001
 1.4282899999987433E+000, 1.4282899999987433E+000,-1.0589452430031699E+001
 1.4292899999987432E+000, 1.4292899999987432E+000,-1.0589514985573082E+001
 1.4302899999987431E+000, 1.4302899999987431E+000,-1.0589577323683278E+001
 1.4312899999987430E+000, 1.4312899999987430E+000,-1.0589639445345483E+001
 1.4322899999987428E+000, 1.4322899999987428E+000,-1.0589701351521930E+001
 1.4332899999987427E+000, 1.4332899999987427E+000,-1.0589763043169299E+001
 1.4342899999987426E+000, 1.4342899999987426E+000,-1.0589824521236723E+001
 1.4352899999987425E+000, 1.4352899999987425E+000,-1.0589885786667617E+001
 1.4362899999987424E+000, 1.4362899999987424E+000,-1.0589946840402737E+001
 1.4372899999987423E+000, 1.4372899999987423E+000,-1.0590007683366743E+001
 1.4382899999987422E+000, 1.4382899999987422E+000,-1.0590068316468004E+001
 1.4392899999987421E+000, 1.4392899999987421E+000,-1.0590128740613157E+001
 1.4402899999987420E+000, 1.4402899999987420E+000,-1.0590188956719294E+001
 1.4412899999987419E+000, 1.4412899999987419E+000,-1.0590248965671801E+001
 1.4422899999987417E+000, 1.4422899999987417E+000,-1.0590308768361901E+001
 1.4432899999987416E+000, 1.4432899999987416E+000,-1.0590368365667032E+001
 1.4442899999987415E+000, 1.4442899999987415E+000,-1.0590427758457849E+001
 1.4452899999987414E+000, 1.4452899999987414E+000,-1.0590486947602443E+001
 1.4462899999987413E+000, 1.4462899999987413E+000,-1.0590545933953102E+001
 1.4472899999987412E+000, 1.4472899999987412E+000,-1.0590604718361691E+001
 1.4482899999987411E+000, 1.4482899999987411E+000,-1.0590663301676980E+001
 1.4492899999987410E+000, 1.4492899999987410E+000,-1.0590721684727866E+001
 1.4502899999987409E+000, 1.4502899999987409E+000,-1.0590779868348099E+001
 1.4512899999987408E+000, 1.4512899999987408E+000,-1.0590837853350479E+001
 1.4522899999987406E+000, 1.4522899999987406E+000,-1.0590895640564717E+001
 1.4532899999987405E+000, 1.4532899999987405E+000,-1.0590953230781887E+001
 1.4542899999987404E+000, 1.4542899999987404E+000,-1.0591010624807598E+001
 1.4552899999987403E+000, 1.4552899999987403E+000,-1.0591067823443542E+001
 1.4562899999987402E+000, 1.4562899999987402E+000,-1.0591124827479309E+001
 1.4572899999987401E+000, 1.4572899999987401E+000,-1.0591181637684761E+001
 1.4582899999987400E+000, 1.4582899999987400E+000,-1.0591238254835474E+001
 1.4592899999987399E+000, 1.4592899999987399E+000,-1.0591294679713689E+001
 1.4602899999987398E+000, 1.4602899999987398E+000,-1.0591350913074736E+001
 1.4612899999987397E+000, 1.4612899999987397E+000,-1.0591406955669100E+001
 1.4622899999987395E+000, 1.4622899999987395E+000,-1.0591462808242694E+001
 1.4632899999987394E+000, 1.4632899999987394E+000,-1.0591518471549961E+001
 1.4642899999987393E+000, 1.4642899999987393E+000,-1.0591573946326582E+001
 1.4652899999987392E+000, 1.4652899999987392E+000,-1.0591629233289815E+001
 1.4662899999987391E+000, 1.4662899999987391E+000,-1.0591684333194298E+001
 1.4672899999987390E+000, 1.4672899999987390E+000,-1.0591739246721676E+001
 1.4682899999987389E+000, 1.4682899999987389E+000,-1.0591793974607581E+001
 1.4692899999987388E+000, 1.4692899999987388E+000,-1.0591848517552387E+001
 1.4702899999987387E+000, 1.4702899999987387E+000,-1.0591902876257022E+001
 1.4712899999987386E+000, 1.4712899999987386E+000,-1.0591957051420565E+001
 1.4722899999987384E+000, 1.4722899999987384E+000,-1.0592011043727052E+001
 1.4732899999987383E+000, 1.4732899999987383E+000,-1.0592064853872001E+001
 1.4742899999987382E+000, 1.4742899999987382E+000,-1.0592118482523412E+001
 1.4752899999987381E+000, 1.4752899999987381E+000,-1.0592171930351018E+001
 1.4762899999987380E+000, 1.4762899999987380E+000,-1.0592225198025954E+001
 1.4772899999987379E+000, 1.4772899999987379E+000,-1.0592278286221045E+001
 1.4782899999987378E+000, 1.4782899999987378E+000,-1.0592331195571084E+001
 1.4792899999987377E+000, 1.4792899999987377E+000,-1.0592383926744137E+001
 1.4802899999987376E+000, 1.4802899999987376E+000,-1.0592436480382046E+001
 1.4812899999987374E+000, 1.4812899999987374E+000,-1.0592488857117008E+001
 1.4822899999987373E+000, 1.4822899999987373E+000,-1.0592541057591683E+001
 1.4832899999987372E+000, 1.4832899999987372E+000,-1.0592593082443623E+001
 1.4842899999987371E+000, 1.4842899999987371E+000,-1.0592644932276565E+001
 1.4852899999987370E+000, 1.4852899999987370E+000,-1.0592696607724678E+001
 1.4862899999987369E+000, 1.4862899999987369E+000,-1.0592748109408117E+001
 1.4872899999987368E+000, 1.4872899999987368E+000,-1.0592799437927942E+001
 1.4882899999987367E+000, 1.4882899999987367E+000,-1.0592850593880808E+001
 1.4892899999987366E+000, 1.4892899999987366E+000,-1.0592901577879763E+001
 1.4902899999987365E+000, 1.4902899999987365E+000,-1.0592952390502582E+001
 1.4912899999987363E+000, 1.4912899999987363E+000,-1.0593003032360883E+001
 1.4922899999987362E+000, 1.4922899999987362E+000,-1.0593053504028031E+001
 1.4932899999987361E+000, 1.4932899999987361E+000,-1.0593103806094421E+001
 1.4942899999987360E+000, 1.4942899999987360E+000,-1.0593153939105294E+001
 1.4952899999987359E+000, 1.4952899999987359E+000,-1.0593203903669700E+001
 1.4962899999987358E+000, 1.4962899999987358E+000,-1.0593253700338973E+001
 1.4972899999987357E+000, 1.4972899999987357E+000,-1.0593303329650585E+001
 1.4982899999987356E+000, 1.4982899999987356E+000,-1.0593352792211039E+001
 1.4992899999987355E+000, 1.4992899999987355E+000,-1.0593402088528851E+001
 1.5002899999987354E+000, 1.5002899999987354E+000,-1.0593451219163205E+001
 1.5012899999987352E+000, 1.5012899999987352E+000,-1.0593500184673067E+001
 1.5022899999987351E+000, 1.5022899999987351E+000,-1.0593548985580277E+001
 1.5032899999987350E+000, 1.5032899999987350E+000,-1.0593597622434562E+001
 1.5042899999987349E+000, 1.5042899999987349E+000,-1.0593646095746156E+001
 1.5052899999987348E+000, 1.5052899999987348E+000,-1.0593694406057052E+001
 1.5062899999987347E+000, 1.5062899999987347E+000,-1.0593742553882050E+001
 1.5072899999987346E+000, 1.5072899999987346E+000,-1.0593790539739048E+001
 1.5082899999987345E+000, 1.5082899999987345E+000,-1.0593838364142444E+001
 1.5092899999987344E+000, 1.5092899999987344E+000,-1.0593886027598437E+001
 1.5102899999987343E+000, 1.5102899999987343E+000,-1.0593933530603204E+001
 1.5112899999987341E+000, 1.5112899999987341E+000,-1.0593980873685414E+001
 1.5122899999987340E+000, 1.5122899999987340E+000,-1.0594028057313489E+001
 1.5132899999987339E+000, 1.5132899999987339E+000,-1.0594075081992735E+001
 1.5142899999987338E+000, 1.5142899999987338E+000,-1.0594121948204219E+001
 1.5152899999987337E+000, 1.5152899999987337E+000,-1.0594168656437406E+001
 1.5162899999987336E+000, 1.5162899999987336E+000,-1.0594215207172596E+001
 1.5172899999987335E+000, 1.5172899999987335E+000,-1.0594261600880451E+001
 1.5182899999987334E+000, 1.5182899999987334E+000,-1.0594307838037869E+001
 1.5192899999987333E+000, 1.5192899999987333E+000,-1.0594353919118552E+001
 1.5202899999987332E+000, 1.5202899999987332E+000,-1.0594399844571301E+001
 1.5212899999987330E+000, 1.5212899999987330E+000,-1.0594445614872056E+001
 1.5222899999987329E+000, 1.5222899999987329E+000,-1.0594491230476820E+001
 1.5232899999987328E+000, 1.5232899999987328E+000,-1.0594536691826203E+001
 1.5242899999987327E+000, 1.5242899999987327E+000,-1.0594581999381411E+001
 1.5252899999987326E+000, 1.5252899999987326E+000,-1.0594627153593363E+001
 1.5262899999987325E+000, 1.5262899999987325E+000,-1.0594672154884105E+001
 1.5272899999987324E+000, 1.5272899999987324E+000,-1.0594717003697804E+001
 1.5282899999987323E+000, 1.5282899999987323E+000,-1.0594761700490601E+001
 1.5292899999987322E+000, 1.5292899999987322E+000,-1.0594806245660219E+001
 1.5302899999987321E+000, 1.5302899999987321E+000,-1.0594850639665943E+001
 1.5312899999987319E+000, 1.5312899999987319E+000,-1.0594894882908545E+001
 1.5322899999987318E+000, 1.5322899999987318E+000,-1.0594938975817378E+001
 1.5332899999987317E+000, 1.5332899999987317E+000,-1.0594982918799557E+001
 1.5342899999987316E+000, 1.5342899999987316E+000,-1.0595026712286076E+001
 1.5352899999987315E+000, 1.5352899999987315E+000,-1.0595070356669090E+001
 1.5362899999987314E+000, 1.5362899999987314E+000,-1.0595113852372608E+001
 1.5372899999987313E+000, 1.5372899999987313E+000,-1.0595157199795224E+001
 1.5382899999987312E+000, 1.5382899999987312E+000,-1.0595200399317108E+001
 1.5392899999987311E+000, 1.5392899999987311E+000,-1.0595243451351450E+001
 1.5402899999987310E+000, 1.5402899999987310E+000,-1.0595286356286634E+001
 1.5412899999987308E+000, 1.5412899999987308E+000,-1.0595329114507571E+001
 1.5422899999987307E+000, 1.5422899999987307E+000,-1.0595371726428693E+001
 1.5432899999987306E+000, 1.5432899999987306E+000,-1.0595414192392360E+001
 1.5442899999987305E+000, 1.5442899999987305E+000,-1.0595456512795902E+001
 1.5452899999987304E+000, 1.5452899999987304E+000,-1.0595498688017601E+001
 1.5462899999987303E+000, 1.5462899999987303E+000,-1.0595540718423065E+001
 1.5472899999987302E+000, 1.5472899999987302E+000,-1.0595582604392662E+001
 1.5482899999987301E+000, 1.5482899999987301E+000,-1.0595624346294855E+001
 1.5492899999987300E+000, 1.5492899999987300E+000,-1.0595665944478712E+001
 1.5502899999987299E+000, 1.5502899999987299E+000,-1.0595707399312666E+001
 1.5512899999987297E+000, 1.5512899999987297E+000,-1.0595748711137437E+001
 1.5522899999987296E+000, 1.5522899999987296E+000,-1.0595789880344785E+001
 1.5532899999987295E+000, 1.5532899999987295E+000,-1.0595830907246324E+001
 1.5542899999987294E+000, 1.5542899999987294E+000,-1.0595871792212890E+001
 1.5552899999987293E+000, 1.5552899999987293E+000,-1.0595912535588946E+001
 1.5562899999987292E+000, 1.5562899999987292E+000,-1.0595953137699993E+001
 1.5572899999987291E+000, 1.5572899999987291E+000,-1.0595993598902979E+001
 1.5582899999987290E+000, 1.5582899999987290E+000,-1.0596033919518483E+001
 1.5592899999987289E+000, 1.5592899999987289E+000,-1.0596074099896502E+001
 1.5602899999987287E+000, 1.5602899999987287E+000,-1.0596114140344440E+001
 1.5612899999987286E+000, 1.5612899999987286E+000,-1.0596154041211939E+001
 1.5622899999987285E+000, 1.5622899999987285E+000,-1.0596193802807464E+001
 1.5632899999987284E+000, 1.5632899999987284E+000,-1.0596233425449608E+001
 1.5642899999987283E+000, 1.5642899999987283E+000,-1.0596272909474639E+001
 1.5652899999987282E+000, 1.5652899999987282E+000,-1.0596312255178358E+001
 1.5662899999987281E+000, 1.5662899999987281E+000,-1.0596351462896520E+001
 1.5672899999987280E+000, 1.5672899999987280E+000,-1.0596390532895450E+001
 1.5682899999987279E+000, 1.5682899999987279E+000,-1.0596429465526947E+001
 1.5692899999987278E+000, 1.5692899999987278E+000,-1.0596468261084301E+001
 1.5702899999987276E+000, 1.5702899999987276E+000,-1.0596506919857767E+001
 1.5712899999987275E+000, 1.5712899999987275E+000,-1.0596545442140929E+001
 1.5722899999987274E+000, 1.5722899999987274E+000,-1.0596583828246143E+001
 1.5732899999987273E+000, 1.5732899999987273E+000,-1.0596622078460911E+001
 1.5742899999987272E+000, 1.5742899999987272E+000,-1.0596660193061368E+001
 1.5752899999987271E+000, 1.5752899999987271E+000,-1.0596698172344800E+001
 1.5762899999987270E+000, 1.5762899999987270E+000,-1.0596736016605638E+001
 1.5772899999987269E+000, 1.5772899999987269E+000,-1.0596773726115757E+001
 1.5782899999987268E+000, 1.5782899999987268E+000,-1.0596811301159105E+001
 1.5792899999987267E+000, 1.5792899999987267E+000,-1.0596848742005919E+001
 1.5802899999987265E+000, 1.5802899999987265E+000,-1.0596886048926567E+001
 1.5812899999987264E+000, 1.5812899999987264E+000,-1.0596923222196340E+001
 1.5822899999987263E+000, 1.5822899999987263E+000,-1.0596960262096982E+001
 1.5832899999987262E+000, 1.5832899999987262E+000,-1.0596997168867651E+001
 1.5842899999987261E+000, 1.5842899999987261E+000,-1.0597033942803783E+001
 1.5852899999987260E+000, 1.5852899999987260E+000,-1.0597070584141333E+001
 1.5862899999987259E+000, 1.5862899999987259E+000,-1.0597107093137888E+001
 1.5872899999987258E+000, 1.5872899999987258E+000,-1.0597143470064875E+001
 1.5882899999987257E+000, 1.5882899999987257E+000,-1.0597179715161268E+001
 1.5892899999987256E+000, 1.5892899999987256E+000,-1.0597215828680518E+001
 1.5902899999987254E+000, 1.5902899999987254E+000,-1.0597251810896342E+001
 1.5912899999987253E+000, 1.5912899999987253E+000,-1.0597287662016786E+001
 1.5922899999987252E+000, 1.5922899999987252E+000,-1.0597323382295334E+001
 1.5932899999987251E+000, 1.5932899999987251E+000,-1.0597358971980121E+001
 1.5942899999987250E+000, 1.5942899999987250E+000,-1.0597394431306427E+001
 1.5952899999987249E+000, 1.5952899999987249E+000,-1.0597429760514100E+001
 1.5962899999987248E+000, 1.5962899999987248E+000,-1.0597464959821243E+001
 1.5972899999987247E+000, 1.5972899999987247E+000,-1.0597500029468824E+001
 1.5982899999987246E+000, 1.5982899999987246E+000,-1.0597534969698234E+001
 1.5992899999987245E+000, 1.5992899999987245E+000,-1.0597569780705273E+001
 1.6002899999987243E+000, 1.6002899999987243E+000,-1.0597604462732779E+001
 1.6012899999987242E+000, 1.6012899999987242E+000,-1.0597639015993170E+001
 1.6022899999987241E+000, 1.6022899999987241E+000,-1.0597673440707993E+001
 1.6032899999987240E+000, 1.6032899999987240E+000,-1.0597707737106676E+001
 1.6042899999987239E+000, 1.6042899999987239E+000,-1.0597741905376296E+001
 1.6052899999987238E+000, 1.6052899999987238E+000,-1.0597775945761418E+001
 1.6062899999987237E+000, 1.6062899999987237E+000,-1.0597809858429365E+001
 1.6072899999987236E+000, 1.6072899999987236E+000,-1.0597843643617995E+001
 1.6082899999987235E+000, 1.6082899999987235E+000,-1.0597877301526724E+001
 1.6092899999987234E+000, 1.6092899999987234E+000,-1.0597910832336167E+001
 1.6102899999987232E+000, 1.6102899999987232E+000,-1.0597944236269226E+001
 1.6112899999987231E+000, 1.6112899999987231E+000,-1.0597977513518693E+001
 1.6122899999987230E+000, 1.6122899999987230E+000,-1.0598010664285107E+001
 1.6132899999987229E+000, 1.6132899999987229E+000,-1.0598043688735007E+001
 1.6142899999987228E+000, 1.6142899999987228E+000,-1.0598076587084469E+001
 1.6152899999987227E+000, 1.6152899999987227E+000,-1.0598109359524903E+001
 1.6162899999987226E+000, 1.6162899999987226E+000,-1.0598142006212861E+001
 1.6172899999987225E+000, 1.6172899999987225E+000,-1.0598174527355349E+001
 1.6182899999987224E+000, 1.6182899999987224E+000,-1.0598206923124691E+001
 1.6192899999987223E+000, 1.6192899999987223E+000,-1.0598239193692969E+001
 1.6202899999987221E+000, 1.6202899999987221E+000,-1.0598271339260588E+001
 1.6212899999987220E+000, 1.6212899999987220E+000,-1.0598303359982282E+001
 1.6222899999987219E+000, 1.6222899999987219E+000,-1.0598335256026235E+001
 1.6232899999987218E+000, 1.6232899999987218E+000,-1.0598367027571436E+001
 1.6242899999987217E+000, 1.6242899999987217E+000,-1.0598398674790717E+001
 1.6252899999987216E+000, 1.6252899999987216E+000,-1.0598430197857654E+001
 1.6262899999987215E+000, 1.6262899999987215E+000,-1.0598461596890409E+001
 1.6272899999987214E+000, 1.6272899999987214E+000,-1.0598492872089842E+001
 1.6282899999987213E+000, 1.6282899999987213E+000,-1.0598524023619895E+001
 1.6292899999987212E+000, 1.6292899999987212E+000,-1.0598555051616060E+001
 1.6302899999987210E+000, 1.6302899999987210E+000,-1.0598585956228051E+001
 1.6312899999987209E+000, 1.6312899999987209E+000,-1.0598616737616235E+001
 1.6322899999987208E+000, 1.6322899999987208E+000,-1.0598647395942596E+001
 1.6332899999987207E+000, 1.6332899999987207E+000,-1.0598677931354892E+001
 1.6342899999987206E+000, 1.6342899999987206E+000,-1.0598708343983763E+001
 1.6352899999987205E+000, 1.6352899999987205E+000,-1.0598738633978252E+001
 1.6362899999987204E+000, 1.6362899999987204E+000,-1.0598768801473968E+001
 1.6372899999987203E+000, 1.6372899999987203E+000,-1.0598798846614862E+001
 1.6382899999987202E+000, 1.6382899999987202E+000,-1.0598828769541321E+001
 1.6392899999987200E+000, 1.6392899999987200E+000,-1.0598858570389746E+001
 1.6402899999987199E+000, 1.6402899999987199E+000,-1.0598888249281066E+001
 1.6412899999987198E+000, 1.6412899999987198E+000,-1.0598917806359758E+001
 1.6422899999987197E+000, 1.6422899999987197E+000,-1.0598947241738131E+001
 1.6432899999987196E+000, 1.6432899999987196E+000,-1.0598976555560132E+001
 1.6442899999987195E+000, 1.6442899999987195E+000,-1.0599005747940646E+001
 1.6452899999987194E+000, 1.6452899999987194E+000,-1.0599034819004595E+001
 1.6462899999987193E+000, 1.6462899999987193E+000,-1.0599063768868717E+001
 1.6472899999987192E+000, 1.6472899999987192E+000,-1.0599092597653014E+001
 1.6482899999987191E+000, 1.6482899999987191E+000,-1.0599121305475183E+001
 1.6492899999987189E+000, 1.6492899999987189E+000,-1.0599149892438987E+001
 1.6502899999987188E+000, 1.6502899999987188E+000,-1.0599178358670114E+001
 1.6512899999987187E+000, 1.6512899999987187E+000,-1.0599206704274030E+001
 1.6522899999987186E+000, 1.6522899999987186E+000,-1.0599234929350326E+001
 1.6532899999987185E+000, 1.6532899999987185E+000,-1.0599263034005947E+001
 1.6542899999987184E+000, 1.6542899999987184E+000,-1.0599291018340519E+001
 1.6552899999987183E+000, 1.6552899999987183E+000,-1.0599318882470975E+001
 1.6562899999987182E+000, 1.6562899999987182E+000,-1.0599346626480074E+001
 1.6572899999987181E+000, 1.6572899999987181E+000,-1.0599374250491492E+001
 1.6582899999987180E+000, 1.6582899999987180E+000,-1.0599401754563583E+001
 1.6592899999987178E+000, 1.6592899999987178E+000,-1.0599429138803124E+001
 1.6602899999987177E+000, 1.6602899999987177E+000,-1.0599456403304938E+001
 1.6612899999987176E+000, 1.6612899999987176E+000,-1.0599483548153787E+001
 1.6622899999987175E+000, 1.6622899999987175E+000,-1.0599510573450045E+001
 1.6632899999987174E+000, 1.6632899999987174E+000,-1.0599537479251669E+001
 1.6642899999987173E+000, 1.6642899999987173E+000,-1.0599564265655552E+001
 1.6652899999987172E+000, 1.6652899999987172E+000,-1.0599590932745569E+001
 1.6662899999987171E+000, 1.6662899999987171E+000,-1.0599617480592659E+001
 1.6672899999987170E+000, 1.6672899999987170E+000,-1.0599643909277493E+001
 1.6682899999987169E+000, 1.6682899999987169E+000,-1.0599670218872056E+001
 1.6692899999987167E+000, 1.6692899999987167E+000,-1.0599696409451294E+001
 1.6702899999987166E+000, 1.6702899999987166E+000,-1.0599722481078622E+001
 1.6712899999987165E+000, 1.6712899999987165E+000,-1.0599748433821144E+001
 1.6722899999987164E+000, 1.6722899999987164E+000,-1.0599774267757217E+001
 1.6732899999987163E+000, 1.6732899999987163E+000,-1.0599799982937437E+001
 1.6742899999987162E+000, 1.6742899999987162E+000,-1.0599825579425097E+001
 1.6752899999987161E+000, 1.6752899999987161E+000,-1.0599851057287498E+001
 1.6762899999987160E+000, 1.6762899999987160E+000,-1.0599876416572997E+001
 1.6772899999987159E+000, 1.6772899999987159E+000,-1.0599901657346152E+001
 1.6782899999987158E+000, 1.6782899999987158E+000,-1.0599926779645465E+001
 1.6792899999987156E+000, 1.6792899999987156E+000,-1.0599951783554996E+001
 1.6802899999987155E+000, 1.6802899999987155E+000,-1.0599976669085164E+001
 1.6812899999987154E+000, 1.6812899999987154E+000,-1.0600001436294797E+001
 1.6822899999987153E+000, 1.6822899999987153E+000,-1.0600026085246844E+001
 1.6832899999987152E+000, 1.6832899999987152E+000,-1.0600050615954212E+001
 1.6842899999987151E+000, 1.6842899999987151E+000,-1.0600075028490457E+001
 1.6852899999987150E+000, 1.6852899999987150E+000,-1.0600099322856696E+001
 1.6862899999987149E+000, 1.6862899999987149E+000,-1.0600123499137684E+001
 1.6872899999987148E+000, 1.6872899999987148E+000,-1.0600147557327714E+001
 1.6882899999987147E+000, 1.6882899999987147E+000,-1.0600171497466912E+001
 1.6892899999987145E+000, 1.6892899999987145E+000,-1.0600195319588115E+001
 1.6902899999987144E+000, 1.6902899999987144E+000,-1.0600219023748746E+001
 1.6912899999987143E+000, 1.6912899999987143E+000,-1.0600242609926044E+001
 1.6922899999987142E+000, 1.6922899999987142E+000,-1.0600266078182742E+001
 1.6932899999987141E+000, 1.6932899999987141E+000,-1.0600289428524587E+001
 1.6942899999987140E+000, 1.6942899999987140E+000,-1.0600312660975778E+001
 1.6952899999987139E+000, 1.6952899999987139E+000,-1.0600335775545821E+001
 1.6962899999987138E+000, 1.6962899999987138E+000,-1.0600358772255735E+001
 1.6972899999987137E+000, 1.6972899999987137E+000,-1.0600381651128332E+001
 1.6982899999987136E+000, 1.6982899999987136E+000,-1.0600404412161755E+001
 1.6992899999987134E+000, 1.6992899999987134E+000,-1.0600427055381822E+001
 1.7002899999987133E+000, 1.7002899999987133E+000,-1.0600449580777362E+001
 1.7012899999987132E+000, 1.7012899999987132E+000,-1.0600471988359912E+001
 1.7022899999987131E+000, 1.7022899999987131E+000,-1.0600494278138846E+001
 1.7032899999987130E+000, 1.7032899999987130E+000,-1.0600516450109557E+001
 1.7042899999987129E+000, 1.7042899999987129E+000,-1.0600538504276249E+001
 1.7052899999987128E+000, 1.7052899999987128E+000,-1.0600560440631668E+001
 1.7062899999987127E+000, 1.7062899999987127E+000,-1.0600582259178694E+001
 1.7072899999987126E+000, 1.7072899999987126E+000,-1.0600603959895833E+001
 1.7082899999987124E+000, 1.7082899999987124E+000,-1.0600625542773033E+001
 1.7092899999987123E+000, 1.7092899999987123E+000,-1.0600647007814914E+001
 1.7102899999987122E+000, 1.7102899999987122E+000,-1.0600668355002972E+001
 1.7112899999987121E+000, 1.7112899999987121E+000,-1.0600689584309876E+001
 1.7122899999987120E+000, 1.7122899999987120E+000,-1.0600710695728475E+001
 1.7132899999987119E+000, 1.7132899999987119E+000,-1.0600731689249812E+001
 1.7142899999987118E+000, 1.7142899999987118E+000,-1.0600752564809643E+001
 1.7152899999987117E+000, 1.7152899999987117E+000,-1.0600773322410571E+001
 1.7162899999987116E+000, 1.7162899999987116E+000,-1.0600793962049130E+001
 1.7172899999987115E+000, 1.7172899999987115E+000,-1.0600814483670122E+001
 1.7182899999987113E+000, 1.7182899999987113E+000,-1.0600834887244400E+001
 1.7192899999987112E+000, 1.7192899999987112E+000,-1.0600855172721337E+001
 1.7202899999987111E+000, 1.7202899999987111E+000,-1.0600875340105588E+001
 1.7212899999987110E+000, 1.7212899999987110E+000,-1.0600895389323442E+001
 1.7222899999987109E+000, 1.7222899999987109E+000,-1.0600915320357572E+001
 1.7232899999987108E+000, 1.7232899999987108E+000,-1.0600935133167138E+001
 1.7242899999987107E+000, 1.7242899999987107E+000,-1.0600954827685701E+001
 1.7252899999987106E+000, 1.7252899999987106E+000,-1.0600974403869870E+001
 1.7262899999987105E+000, 1.7262899999987105E+000,-1.0600993861694633E+001
 1.7272899999987104E+000, 1.7272899999987104E+000,-1.0601013201078839E+001
 1.7282899999987102E+000, 1.7282899999987102E+000,-1.0601032422015392E+001
 1.7292899999987101E+000, 1.7292899999987101E+000,-1.0601051524387495E+001
 1.7302899999987100E+000, 1.7302899999987100E+000,-1.0601070508189931E+001
 1.7312899999987099E+000, 1.7312899999987099E+000,-1.0601089373313618E+001
 1.7322899999987098E+000, 1.7322899999987098E+000,-1.0601108119737694E+001
 1.7332899999987097E+000, 1.7332899999987097E+000,-1.0601126747389603E+001
 1.7342899999987096E+000, 1.7342899999987096E+000,-1.0601145256187770E+001
 1.7352899999987095E+000, 1.7352899999987095E+000,-1.0601163646075872E+001
 1.7362899999987094E+000, 1.7362899999987094E+000,-1.0601181916967013E+001
 1.7372899999987093E+000, 1.7372899999987093E+000,-1.0601200068802740E+001
 1.7382899999987091E+000, 1.7382899999987091E+000,-1.0601218101508262E+001
 1.7392899999987090E+000, 1.7392899999987090E+000,-1.0601236014990567E+001
 1.7402899999987089E+000, 1.7402899999987089E+000,-1.0601253809187307E+001
 1.7412899999987088E+000, 1.7412899999987088E+000,-1.0601271483968906E+001
 1.7422899999987087E+000, 1.7422899999987087E+000,-1.0601289039314933E+001
 1.7432899999987086E+000, 1.7432899999987086E+000,-1.0601306475113750E+001
 1.7442899999987085E+000, 1.7442899999987085E+000,-1.0601323791244209E+001
 1.7452899999987084E+000, 1.7452899999987084E+000,-1.0601340987635115E+001
 1.7462899999987083E+000, 1.7462899999987083E+000,-1.0601358064229657E+001
 1.7472899999987082E+000, 1.7472899999987082E+000,-1.0601375020849529E+001
 1.7482899999987080E+000, 1.7482899999987080E+000,-1.0601391857465257E+001
 1.7492899999987079E+000, 1.7492899999987079E+000,-1.0601408573923544E+001
 1.7502899999987078E+000, 1.7502899999987078E+000,-1.0601425170153808E+001
 1.7512899999987077E+000, 1.7512899999987077E+000,-1.0601441646047849E+001
 1.7522899999987076E+000, 1.7522899999987076E+000,-1.0601458001475486E+001
 1.7532899999987075E+000, 1.7532899999987075E+000,-1.0601474236338738E+001
 1.7542899999987074E+000, 1.7542899999987074E+000,-1.0601490350505763E+001
 1.7552899999987073E+000, 1.7552899999987073E+000,-1.0601506343863674E+001
 1.7562899999987072E+000, 1.7562899999987072E+000,-1.0601522216335756E+001
 1.7572899999987071E+000, 1.7572899999987071E+000,-1.0601537967750609E+001
 1.7582899999987069E+000, 1.7582899999987069E+000,-1.0601553597983491E+001
 1.7592899999987068E+000, 1.7592899999987068E+000,-1.0601569106918063E+001
 1.7602899999987067E+000, 1.7602899999987067E+000,-1.0601584494430048E+001
 1.7612899999987066E+000, 1.7612899999987066E+000,-1.0601599760378640E+001
 1.7622899999987065E+000, 1.7622899999987065E+000,-1.0601614904621082E+001
 1.7632899999987064E+000, 1.7632899999987064E+000,-1.0601629927045769E+001
 1.7642899999987063E+000, 1.7642899999987063E+000,-1.0601644827496827E+001
 1.7652899999987062E+000, 1.7652899999987062E+000,-1.0601659605804706E+001
 1.7662899999987061E+000, 1.7662899999987061E+000,-1.0601674261865600E+001
 1.7672899999987060E+000, 1.7672899999987060E+000,-1.0601688795504797E+001
 1.7682899999987058E+000, 1.7682899999987058E+000,-1.0601703206568807E+001
 1.7692899999987057E+000, 1.7692899999987057E+000,-1.0601717494939217E+001
 1.7702899999987056E+000, 1.7702899999987056E+000,-1.0601731660417689E+001
 1.7712899999987055E+000, 1.7712899999987055E+000,-1.0601745702860089E+001
 1.7722899999987054E+000, 1.7722899999987054E+000,-1.0601759622110151E+001
 1.7732899999987053E+000, 1.7732899999987053E+000,-1.0601773417975943E+001
 1.7742899999987052E+000, 1.7742899999987052E+000,-1.0601787090310477E+001
 1.7752899999987051E+000, 1.7752899999987051E+000,-1.0601800638954057E+001
 1.7762899999987050E+000, 1.7762899999987050E+000,-1.0601814063728618E+001
 1.7772899999987049E+000, 1.7772899999987049E+000,-1.0601827364447283E+001
 1.7782899999987047E+000, 1.7782899999987047E+000,-1.0601840540913251E+001
 1.7792899999987046E+000, 1.7792899999987046E+000,-1.0601853592963216E+001
 1.7802899999987045E+000, 1.7802899999987045E+000,-1.0601866520443856E+001
 1.7812899999987044E+000, 1.7812899999987044E+000,-1.0601879323094836E+001
 1.7822899999987043E+000, 1.7822899999987043E+000,-1.0601892000798044E+001
 1.7832899999987042E+000, 1.7832899999987042E+000,-1.0601904553317359E+001
 1.7842899999987041E+000, 1.7842899999987041E+000,-1.0601916980457759E+001
 1.7852899999987040E+000, 1.7852899999987040E+000,-1.0601929282041400E+001
 1.7862899999987039E+000, 1.7862899999987039E+000,-1.0601941457836590E+001
 1.7872899999987037E+000, 1.7872899999987037E+000,-1.0601953507670743E+001
 1.7882899999987036E+000, 1.7882899999987036E+000,-1.0601965431305986E+001
 1.7892899999987035E+000, 1.7892899999987035E+000,-1.0601977228536516E+001
 1.7902899999987034E+000, 1.7902899999987034E+000,-1.0601988899145711E+001
 1.7912899999987033E+000, 1.7912899999987033E+000,-1.0602000442944435E+001
 1.7922899999987032E+000, 1.7922899999987032E+000,-1.0602011859657654E+001
 1.7932899999987031E+000, 1.7932899999987031E+000,-1.0602023149097615E+001
 1.7942899999987030E+000, 1.7942899999987030E+000,-1.0602034311044179E+001
 1.7952899999987029E+000, 1.7952899999987029E+000,-1.0602045345232025E+001
 1.7962899999987028E+000, 1.7962899999987028E+000,-1.0602056251469566E+001
 1.7972899999987026E+000, 1.7972899999987026E+000,-1.0602067029491145E+001
 1.7982899999987025E+000, 1.7982899999987025E+000,-1.0602077679049820E+001
 1.7992899999987024E+000, 1.7992899999987024E+000,-1.0602088199907733E+001
 1.8002899999987023E+000, 1.8002899999987023E+000,-1.0602098591840377E+001
 1.8012899999987022E+000, 1.8012899999987022E+000,-1.0602108854566978E+001
 1.8022899999987021E+000, 1.8022899999987021E+000,-1.0602118987845847E+001
 1.8032899999987020E+000, 1.8032899999987020E+000,-1.0602128991413521E+001
 1.8042899999987019E+000, 1.8042899999987019E+000,-1.0602138865026950E+001
 1.8052899999987018E+000, 1.8052899999987018E+000,-1.0602148608400221E+001
 1.8062899999987017E+000, 1.8062899999987017E+000,-1.0602158221281393E+001
 1.8072899999987015E+000, 1.8072899999987015E+000,-1.0602167703386371E+001
 1.8082899999987014E+000, 1.8082899999987014E+000,-1.0602177054457083E+001
 1.8092899999987013E+000, 1.8092899999987013E+000,-1.0602186274185307E+001
 1.8102899999987012E+000, 1.8102899999987012E+000,-1.0602195362322211E+001
 1.8112899999987011E+000, 1.8112899999987011E+000,-1.0602204318557892E+001
 1.8122899999987010E+000, 1.8122899999987010E+000,-1.0602213142612310E+001
 1.8132899999987009E+000, 1.8132899999987009E+000,-1.0602221834203773E+001
 1.8142899999987008E+000, 1.8142899999987008E+000,-1.0602230393011068E+001
 1.8152899999987007E+000, 1.8152899999987007E+000,-1.0602238818745755E+001
 1.8162899999987006E+000, 1.8162899999987006E+000,-1.0602247111124708E+001
 1.8172899999987004E+000, 1.8172899999987004E+000,-1.0602255269802827E+001
 1.8182899999987003E+000, 1.8182899999987003E+000,-1.0602263294496415E+001
 1.8192899999987002E+000, 1.8192899999987002E+000,-1.0602271184879298E+001
 1.8202899999987001E+000, 1.8202899999987001E+000,-1.0602278940621510E+001
 1.8212899999987000E+000, 1.8212899999987000E+000,-1.0602286561408208E+001
 1.8222899999986999E+000, 1.8222899999986999E+000,-1.0602294046922040E+001
 1.8232899999986998E+000, 1.8232899999986998E+000,-1.0602301396821948E+001
 1.8242899999986997E+000, 1.8242899999986997E+000,-1.0602308610773171E+001
 1.8252899999986996E+000, 1.8252899999986996E+000,-1.0602315688428591E+001
 1.8262899999986995E+000, 1.8262899999986995E+000,-1.0602322629458344E+001
 1.8272899999986993E+000, 1.8272899999986993E+000,-1.0602329433496767E+001
 1.8282899999986992E+000, 1.8282899999986992E+000,-1.0602336100231092E+001
 1.8292899999986991E+000, 1.8292899999986991E+000,-1.0602342629250220E+001
 1.8302899999986990E+000, 1.8302899999986990E+000,-1.0602349020216092E+001
 1.8312899999986989E+000, 1.8312899999986989E+000,-1.0602355272799029E+001
 1.8322899999986988E+000, 1.8322899999986988E+000,-1.0602361386573115E+001
 1.8332899999986987E+000, 1.8332899999986987E+000,-1.0602367361196068E+001
 1.8342899999986986E+000, 1.8342899999986986E+000,-1.0602373196309951E+001
 1.8352899999986985E+000, 1.8352899999986985E+000,-1.0602378891471185E+001
 1.8362899999986984E+000, 1.8362899999986984E+000,-1.0602384446347509E+001
 1.8372899999986982E+000, 1.8372899999986982E+000,-1.0602389860527554E+001
 1.8382899999986981E+000, 1.8382899999986981E+000,-1.0602395133617389E+001
 1.8392899999986980E+000, 1.8392899999986980E+000,-1.0602400265210331E+001
 1.8402899999986979E+000, 1.8402899999986979E+000,-1.0602405254920260E+001
 1.8412899999986978E+000, 1.8412899999986978E+000,-1.0602410102312612E+001
 1.8422899999986977E+000, 1.8422899999986977E+000,-1.0602414806996894E+001
 1.8432899999986976E+000, 1.8432899999986976E+000,-1.0602419368543455E+001
 1.8442899999986975E+000, 1.8442899999986975E+000,-1.0602423786520649E+001
 1.8452899999986974E+000, 1.8452899999986974E+000,-1.0602428060495933E+001
 1.8462899999986973E+000, 1.8462899999986973E+000,-1.0602432190052001E+001
 1.8472899999986971E+000, 1.8472899999986971E+000,-1.0602436174728016E+001
 1.8482899999986970E+000, 1.8482899999986970E+000,-1.0602440014124149E+001
 1.8492899999986969E+000, 1.8492899999986969E+000,-1.0602443707732673E+001
 1.8502899999986968E+000, 1.8502899999986968E+000,-1.0602447255140836E+001
 1.8512899999986967E+000, 1.8512899999986967E+000,-1.0602450655868854E+001
 1.8522899999986966E+000, 1.8522899999986966E+000,-1.0602453909459898E+001
 1.8532899999986965E+000, 1.8532899999986965E+000,-1.0602457015455837E+001
 1.8542899999986964E+000, 1.8542899999986964E+000,-1.0602459973361457E+001
 1.8552899999986963E+000, 1.8552899999986963E+000,-1.0602462782697838E+001
 1.8562899999986961E+000, 1.8562899999986961E+000,-1.0602465442991690E+001
 1.8572899999986960E+000, 1.8572899999986960E+000,-1.0602467953761689E+001
 1.8582899999986959E+000, 1.8582899999986959E+000,-1.0602470314462982E+001
 1.8592899999986958E+000, 1.8592899999986958E+000,-1.0602472524637385E+001
 1.8602899999986957E+000, 1.8602899999986957E+000,-1.0602474583764206E+001
 1.8612899999986956E+000, 1.8612899999986956E+000,-1.0602476491307467E+001
 1.8622899999986955E+000, 1.8622899999986955E+000,-1.0602478246791776E+001
 1.8632899999986954E+000, 1.8632899999986954E+000,-1.0602479849633125E+001
 1.8642899999986953E+000, 1.8642899999986953E+000,-1.0602481299371115E+001
 1.8652899999986952E+000, 1.8652899999986952E+000,-1.0602482595407762E+001
 1.8662899999986950E+000, 1.8662899999986950E+000,-1.0602483737232012E+001
 1.8672899999986949E+000, 1.8672899999986949E+000,-1.0602484724281233E+001
 1.8682899999986948E+000, 1.8682899999986948E+000,-1.0602485555993239E+001
 1.8692899999986947E+000, 1.8692899999986947E+000,-1.0602486231822546E+001
 1.8702899999986946E+000, 1.8702899999986946E+000,-1.0602486751175190E+001
 1.8712899999986945E+000, 1.8712899999986945E+000,-1.0602487113498370E+001
 1.8722899999986944E+000, 1.8722899999986944E+000,-1.0602487318210013E+001
 1.8732899999986943E+000, 1.8732899999986943E+000,-1.0602487368092664E+001
 1.8742899999986942E+000, 1.8742899999986942E+000,-1.0602487368096805E+001
 1.8752899999986941E+000, 1.8752899999986941E+000,-1.0602487368094751E+001
 1.8762899999986939E+000, 1.8762899999986939E+000,-1.0602487368089687E+001
 1.8772899999986938E+000, 1.8772899999986938E+000,-1.0602487368078146E+001
 1.8782899999986937E+000, 1.8782899999986937E+000,-1.0602487368081185E+001
 1.8792899999986936E+000, 1.8792899999986936E+000,-1.0602487368079110E+001
 1.8802899999986935E+000, 1.8802899999986935E+000,-1.0602487368067628E+001
 1.8812899999986934E+000, 1.8812899999986934E+000,-1.0602487368068740E+001
 1.8822899999986933E+000, 1.8822899999986933E+000,-1.0602487368072129E+001
 1.8832899999986932E+000, 1.8832899999986932E+000,-1.0602487368067216E+001
 1.8842899999986931E+000, 1.8842899999986931E+000,-1.0602487368053872E+001
 1.8852899999986930E+000, 1.8852899999986930E+000,-1.0602487368051360E+001
 1.8862899999986928E+000, 1.8862899999986928E+000,-1.0602487368047189E+001
 1.8872899999986927E+000, 1.8872899999986927E+000,-1.0602487368050433E+001
 1.8882899999986926E+000, 1.8882899999986926E+000,-1.0602487368044617E+001
 1.8892899999986925E+000, 1.8892899999986925E+000,-1.0602487368039466E+001
 1.8902899999986924E+000, 1.8902899999986924E+000,-1.0602487368036266E+001
 1.8912899999986923E+000, 1.8912899999986923E+000,-1.0602487368030289E+001
 1.8922899999986922E+000, 1.8922899999986922E+000,-1.0602487368033483E+001
 1.8932899999986921E+000, 1.8932899999986921E+000,-1.0602487368027663E+001
 1.8942899999986920E+000, 1.8942899999986920E+000,-1.0602487368033554E+001
 1.8952899999986919E+000, 1.8952899999986919E+000,-1.0602487368026017E+001
 1.8962899999986917E+000, 1.8962899999986917E+000,-1.0602487368025454E+001
 1.8972899999986916E+000, 1.8972899999986916E+000,-1.0602487368007603E+001
 1.8982899999986915E+000, 1.8982899999986915E+000,-1.0602487368006749E+001
 1.8992899999986914E+000, 1.8992899999986914E+000,-1.0602487368011875E+001
 1.9002899999986913E+000, 1.9002899999986913E+000,-1.0602487368004319E+001
 1.9012899999986912E+000, 1.9012899999986912E+000,-1.0602487368009260E+001
 1.9022899999986911E+000, 1.9022899999986911E+000,-1.0602487367986042E+001
 1.9032899999986910E+000, 1.9032899999986910E+000,-1.0602487368002514E+001
 1.9042899999986909E+000, 1.9042899999986909E+000,-1.0602487367989738E+001
 1.9052899999986908E+000, 1.9052899999986908E+000,-1.0602487367993659E+001
 1.9062899999986906E+000, 1.9062899999986906E+000,-1.0602487367988751E+001
 1.9072899999986905E+000, 1.9072899999986905E+000,-1.0602487367976309E+001
 1.9082899999986904E+000, 1.9082899999986904E+000,-1.0602487367974708E+001
 1.9092899999986903E+000, 1.9092899999986903E+000,-1.0602487367969673E+001
 1.9102899999986902E+000, 1.9102899999986902E+000,-1.0602487367963642E+001
 1.9112899999986901E+000, 1.9112899999986901E+000,-1.0602487367965935E+001
 1.9122899999986900E+000, 1.9122899999986900E+000,-1.0602487367960993E+001
 1.9132899999986899E+000, 1.9132899999986899E+000,-1.0602487367969744E+001
 1.9142899999986898E+000, 1.9142899999986898E+000,-1.0602487367959446E+001
 1.9152899999986897E+000, 1.9152899999986897E+000,-1.0602487367945976E+001
 1.9162899999986895E+000, 1.9162899999986895E+000,-1.0602487367944342E+001
 1.9172899999986894E+000, 1.9172899999986894E+000,-1.0602487367949450E+001
 1.9182899999986893E+000, 1.9182899999986893E+000,-1.0602487367943693E+001
 1.9192899999986892E+000, 1.9192899999986892E+000,-1.0602487367941375E+001
 1.9202899999986891E+000, 1.9202899999986891E+000,-1.0602487367936309E+001
 1.9212899999986890E+000, 1.9212899999986890E+000,-1.0602487367939524E+001
 1.9222899999986889E+000, 1.9222899999986889E+000,-1.0602487367939235E+001
 1.9232899999986888E+000, 1.9232899999986888E+000,-1.0602487367922286E+001
 1.9242899999986887E+000, 1.9242899999986887E+000,-1.0602487367920567E+001
 1.9252899999986886E+000, 1.9252899999986886E+000,-1.0602487367919252E+001
 1.9262899999986884E+000, 1.9262899999986884E+000,-1.0602487367914215E+001
 1.9272899999986883E+000, 1.9272899999986883E+000,-1.0602487367908191E+001
 1.9282899999986882E+000, 1.9282899999986882E+000,-1.0602487367913170E+001
 1.9292899999986881E+000, 1.9292899999986881E+000,-1.0602487367900990E+001
 1.9302899999986880E+000, 1.9302899999986880E+000,-1.0602487367906711E+001
 1.9312899999986879E+000, 1.9312899999986879E+000,-1.0602487367892758E+001
 1.9322899999986878E+000, 1.9322899999986878E+000,-1.0602487367902166E+001
 1.9332899999986877E+000, 1.9332899999986877E+000,-1.0602487367890987E+001
 1.9342899999986876E+000, 1.9342899999986876E+000,-1.0602487367891209E+001
 1.9352899999986874E+000, 1.9352899999986874E+000,-1.0602487367882638E+001
 1.9362899999986873E+000, 1.9362899999986873E+000,-1.0602487367887555E+001
 1.9372899999986872E+000, 1.9372899999986872E+000,-1.0602487367881793E+001
 1.9382899999986871E+000, 1.9382899999986871E+000,-1.0602487367875749E+001
 1.9392899999986870E+000, 1.9392899999986870E+000,-1.0602487367868793E+001
 1.9402899999986869E+000, 1.9402899999986869E+000,-1.0602487367871964E+001
 1.9412899999986868E+000, 1.9412899999986868E+000,-1.0602487367870772E+001
 1.9422899999986867E+000, 1.9422899999986867E+000,-1.0602487367863944E+001
 1.9432899999986866E+000, 1.9432899999986866E+000,-1.0602487367863400E+001
 1.9442899999986865E+000, 1.9442899999986865E+000,-1.0602487367852854E+001
 1.9452899999986863E+000, 1.9452899999986863E+000,-1.0602487367846678E+001
 1.9462899999986862E+000, 1.9462899999986862E+000,-1.0602487367849871E+001
 1.9472899999986861E+000, 1.9472899999986861E+000,-1.0602487367843166E+001
 1.9482899999986860E+000, 1.9482899999986860E+000,-1.0602487367837099E+001
 1.9492899999986859E+000, 1.9492899999986859E+000,-1.0602487367842972E+001
 1.9502899999986858E+000, 1.9502899999986858E+000,-1.0602487367833652E+001
 1.9512899999986857E+000, 1.9512899999986857E+000,-1.0602487367834826E+001
 1.9522899999986856E+000, 1.9522899999986856E+000,-1.0602487367828061E+001
 1.9532899999986855E+000, 1.9532899999986855E+000,-1.0602487367821976E+001
 1.9542899999986854E+000, 1.9542899999986854E+000,-1.0602487367816817E+001
 1.9552899999986852E+000, 1.9552899999986852E+000,-1.0602487367809895E+001
 1.9562899999986851E+000, 1.9562899999986851E+000,-1.0602487367819480E+001
 1.9572899999986850E+000, 1.9572899999986850E+000,-1.0602487367806527E+001
 1.9582899999986849E+000, 1.9582899999986849E+000,-1.0602487367812229E+001
 1.9592899999986848E+000, 1.9592899999986848E+000,-1.0602487367788124E+001
 1.9602899999986847E+000, 1.9602899999986847E+000,-1.0602487367791737E+001
 1.9612899999986846E+000, 1.9612899999986846E+000,-1.0602487367796984E+001
 1.9622899999986845E+000, 1.9622899999986845E+000,-1.0602487367802258E+001
 1.9632899999986844E+000, 1.9632899999986844E+000,-1.0602487367790983E+001
 1.9642899999986843E+000, 1.9642899999986843E+000,-1.0602487367793138E+001
 1.9652899999986841E+000, 1.9652899999986841E+000,-1.0602487367788203E+001
 1.9662899999986840E+000, 1.9662899999986840E+000,-1.0602487367781276E+001
 1.9672899999986839E+000, 1.9672899999986839E+000,-1.0602487367775193E+001
 1.9682899999986838E+000, 1.9682899999986838E+000,-1.0602487367773767E+001
 1.9692899999986837E+000, 1.9692899999986837E+000,-1.0602487367773350E+001
 1.9702899999986836E+000, 1.9702899999986836E+000,-1.0602487367760139E+001
 1.9712899999986835E+000, 1.9712899999986835E+000,-1.0602487367765832E+001
 1.9722899999986834E+000, 1.9722899999986834E+000,-1.0602487367747248E+001
 1.9732899999986833E+000, 1.9732899999986833E+000,-1.0602487367758318E+001
 1.9742899999986832E+000, 1.9742899999986832E+000,-1.0602487367757341E+001
 1.9752899999986830E+000, 1.9752899999986830E+000,-1.0602487367745892E+001
 1.9762899999986829E+000, 1.9762899999986829E+000,-1.0602487367748944E+001
 1.9772899999986828E+000, 1.9772899999986828E+000,-1.0602487367738503E+001
 1.9782899999986827E+000, 1.9782899999986827E+000,-1.0602487367736956E+001
 1.9792899999986826E+000, 1.9792899999986826E+000,-1.0602487367736547E+001
 1.9802899999986825E+000, 1.9802899999986825E+000,-1.0602487367727946E+001
 1.9812899999986824E+000, 1.9812899999986824E+000,-1.0602487367723612E+001
 1.9822899999986823E+000, 1.9822899999986823E+000,-1.0602487367724025E+001
 1.9832899999986822E+000, 1.9832899999986822E+000,-1.0602487367726491E+001
 1.9842899999986821E+000, 1.9842899999986821E+000,-1.0602487367721553E+001
 1.9852899999986819E+000, 1.9852899999986819E+000,-1.0602487367719263E+001
 1.9862899999986818E+000, 1.9862899999986818E+000,-1.0602487367718821E+001
 1.9872899999986817E+000, 1.9872899999986817E+000,-1.0602487367705594E+001
 1.9882899999986816E+000, 1.9882899999986816E+000,-1.0602487367704878E+001
 1.9892899999986815E+000, 1.9892899999986815E+000,-1.0602487367694330E+001
 1.9902899999986814E+000, 1.9902899999986814E+000,-1.0602487367687274E+001
 1.9912899999986813E+000, 1.9912899999986813E+000,-1.0602487367695066E+001
 1.9922899999986812E+000, 1.9922899999986812E+000,-1.0602487367690255E+001
 1.9932899999986811E+000, 1.9932899999986811E+000,-1.0602487367689761E+001
 1.9942899999986810E+000, 1.9942899999986810E+000,-1.0602487367677444E+001
 1.9952899999986808E+000, 1.9952899999986808E+000,-1.0602487367682256E+001
 1.9962899999986807E+000, 1.9962899999986807E+000,-1.0602487367676481E+001
 1.9972899999986806E+000, 1.9972899999986806E+000,-1.0602487367679689E+001
 1.9982899999986805E+000, 1.9982899999986805E+000,-1.0602487367666559E+001
 1.9992899999986804E+000, 1.9992899999986804E+000,-1.0602487367672259E+001
 2.0002899999986803E+000, 2.0002899999986803E+000,-1.0602487367660096E+001
 2.0012899999986802E+000, 2.0012899999986802E+000,-1.0602487367659407E+001
 2.0022899999986801E+000, 2.0022899999986801E+000,-1.0602487367652589E+001
 2.0032899999986800E+000, 2.0032899999986800E+000,-1.0602487367646518E+001
 2.0042899999986798E+000, 2.0042899999986798E+000,-1.0602487367656115E+001
 2.0052899999986797E+000, 2.0052899999986797E+000,-1.0602487367633920E+001
 2.0062899999986796E+000, 2.0062899999986796E+000,-1.0602487367638480E+001
 2.0072899999986795E+000, 2.0072899999986795E+000,-1.0602487367642849E+001
 2.0082899999986794E+000, 2.0082899999986794E+000,-1.0602487367636170E+001
 2.0092899999986793E+000, 2.0092899999986793E+000,-1.0602487367635614E+001
 2.0102899999986792E+000, 2.0102899999986792E+000,-1.0602487367624176E+001
 2.0112899999986791E+000, 2.0112899999986791E+000,-1.0602487367622604E+001
 2.0122899999986790E+000, 2.0122899999986790E+000,-1.0602487367631445E+001
 2.0132899999986789E+000, 2.0132899999986789E+000,-1.0602487367623981E+001
 2.0142899999986787E+000, 2.0142899999986787E+000,-1.0602487367613275E+001
 2.0152899999986786E+000, 2.0152899999986786E+000,-1.0602487367618142E+001
 2.0162899999986785E+000, 2.0162899999986785E+000,-1.0602487367611461E+001
 2.0172899999986784E+000, 2.0172899999986784E+000,-1.0602487367605395E+001
 2.0182899999986783E+000, 2.0182899999986783E+000,-1.0602487367598442E+001
 2.0192899999986782E+000, 2.0192899999986782E+000,-1.0602487367599672E+001
 2.0202899999986781E+000, 2.0202899999986781E+000,-1.0602487367592021E+001
 2.0212899999986780E+000, 2.0212899999986780E+000,-1.0602487367595177E+001
 2.0222899999986779E+000, 2.0222899999986779E+000,-1.0602487367584732E+001
 2.0232899999986778E+000, 2.0232899999986778E+000,-1.0602487367583183E+001
 2.0242899999986776E+000, 2.0242899999986776E+000,-1.0602487367581883E+001
 2.0252899999986775E+000, 2.0252899999986775E+000,-1.0602487367580562E+001
 2.0262899999986774E+000, 2.0262899999986774E+000,-1.0602487367569116E+001
 2.0272899999986773E+000, 2.0272899999986773E+000,-1.0602487367573961E+001
 2.0282899999986772E+000, 2.0282899999986772E+000,-1.0602487367567289E+001
 2.0292899999986771E+000, 2.0292899999986771E+000,-1.0602487367562123E+001
 2.0302899999986770E+000, 2.0302899999986770E+000,-1.0602487367558918E+001
 2.0312899999986769E+000, 2.0312899999986769E+000,-1.0602487367547415E+001
 2.0322899999986768E+000, 2.0322899999986768E+000,-1.0602487367552271E+001
 2.0332899999986767E+000, 2.0332899999986767E+000,-1.0602487367556630E+001
 2.0342899999986765E+000, 2.0342899999986765E+000,-1.0602487367549953E+001
 2.0352899999986764E+000, 2.0352899999986764E+000,-1.0602487367542992E+001
 2.0362899999986763E+000, 2.0362899999986763E+000,-1.0602487367531397E+001
 2.0372899999986762E+000, 2.0372899999986762E+000,-1.0602487367540856E+001
 2.0382899999986761E+000, 2.0382899999986761E+000,-1.0602487367529688E+001
 2.0392899999986760E+000, 2.0392899999986760E+000,-1.0602487367533648E+001
 2.0402899999986759E+000, 2.0402899999986759E+000,-1.0602487367523221E+001
 2.0412899999986758E+000, 2.0412899999986758E+000,-1.0602487367521681E+001
 2.0422899999986757E+000, 2.0422899999986757E+000,-1.0602487367516641E+001
 2.0432899999986756E+000, 2.0432899999986756E+000,-1.0602487367513449E+001
 2.0442899999986754E+000, 2.0442899999986754E+000,-1.0602487367518496E+001
 2.0452899999986753E+000, 2.0452899999986753E+000,-1.0602487367506322E+001
 2.0462899999986752E+000, 2.0462899999986752E+000,-1.0602487367500997E+001
 2.0472899999986751E+000, 2.0472899999986751E+000,-1.0602487367506006E+001
 2.0482899999986750E+000, 2.0482899999986750E+000,-1.0602487367493833E+001
 2.0492899999986749E+000, 2.0492899999986749E+000,-1.0602487367495964E+001
 2.0502899999986748E+000, 2.0502899999986748E+000,-1.0602487367491017E+001
 2.0512899999986747E+000, 2.0512899999986747E+000,-1.0602487367495137E+001
 2.0522899999986746E+000, 2.0522899999986746E+000,-1.0602487367479201E+001
 2.0532899999986745E+000, 2.0532899999986745E+000,-1.0602487367477503E+001
 2.0542899999986743E+000, 2.0542899999986743E+000,-1.0602487367471570E+001
 2.0552899999986742E+000, 2.0552899999986742E+000,-1.0602487367464621E+001
 2.0562899999986741E+000, 2.0562899999986741E+000,-1.0602487367463169E+001
 2.0572899999986740E+000, 2.0572899999986740E+000,-1.0602487367468273E+001
 2.0582899999986739E+000, 2.0582899999986739E+000,-1.0602487367460716E+001
 2.0592899999986738E+000, 2.0592899999986738E+000,-1.0602487367455524E+001
 2.0602899999986737E+000, 2.0602899999986737E+000,-1.0602487367453215E+001
 2.0612899999986736E+000, 2.0612899999986736E+000,-1.0602487367448155E+001
 2.0622899999986735E+000, 2.0622899999986735E+000,-1.0602487367435705E+001
 2.0632899999986734E+000, 2.0632899999986734E+000,-1.0602487367440524E+001
 2.0642899999986732E+000, 2.0642899999986732E+000,-1.0602487367428328E+001
 2.0652899999986731E+000, 2.0652899999986731E+000,-1.0602487367428541E+001
 2.0662899999986730E+000, 2.0662899999986730E+000,-1.0602487367426370E+001
 2.0672899999986729E+000, 2.0672899999986729E+000,-1.0602487367431474E+001
 2.0682899999986728E+000, 2.0682899999986728E+000,-1.0602487367424803E+001
 2.0692899999986727E+000, 2.0692899999986727E+000,-1.0602487367418725E+001
 2.0702899999986726E+000, 2.0702899999986726E+000,-1.0602487367427447E+001
 2.0712899999986725E+000, 2.0712899999986725E+000,-1.0602487367405224E+001
 2.0722899999986724E+000, 2.0722899999986724E+000,-1.0602487367410667E+001
 2.0732899999986723E+000, 2.0732899999986723E+000,-1.0602487367404022E+001
 2.0742899999986721E+000, 2.0742899999986721E+000,-1.0602487367397055E+001
 2.0752899999986720E+000, 2.0752899999986720E+000,-1.0602487367400231E+001
 2.0762899999986719E+000, 2.0762899999986719E+000,-1.0602487367401732E+001
 2.0772899999986718E+000, 2.0772899999986718E+000,-1.0602487367389447E+001
 2.0782899999986717E+000, 2.0782899999986717E+000,-1.0602487367392484E+001
 2.0792899999986716E+000, 2.0792899999986716E+000,-1.0602487367391292E+001
 2.0802899999986715E+000, 2.0802899999986715E+000,-1.0602487367381638E+001
 2.0812899999986714E+000, 2.0812899999986714E+000,-1.0602487367378318E+001
 2.0822899999986713E+000, 2.0822899999986713E+000,-1.0602487367365915E+001
 2.0832899999986711E+000, 2.0832899999986711E+000,-1.0602487367367004E+001
 2.0842899999986710E+000, 2.0842899999986710E+000,-1.0602487367363972E+001
 2.0852899999986709E+000, 2.0852899999986709E+000,-1.0602487367364411E+001
 2.0862899999986708E+000, 2.0862899999986708E+000,-1.0602487367368685E+001
 2.0872899999986707E+000, 2.0872899999986707E+000,-1.0602487367350957E+001
 2.0882899999986706E+000, 2.0882899999986706E+000,-1.0602487367351006E+001
 2.0892899999986705E+000, 2.0892899999986705E+000,-1.0602487367349738E+001
 2.0902899999986704E+000, 2.0902899999986704E+000,-1.0602487367348438E+001
 2.0912899999986703E+000, 2.0912899999986703E+000,-1.0602487367336078E+001
 2.0922899999986702E+000, 2.0922899999986702E+000,-1.0602487367335373E+001
 2.0932899999986700E+000, 2.0932899999986700E+000,-1.0602487367339606E+001
 2.0942899999986699E+000, 2.0942899999986699E+000,-1.0602487367334716E+001
 2.0952899999986698E+000, 2.0952899999986698E+000,-1.0602487367322277E+001
 2.0962899999986697E+000, 2.0962899999986697E+000,-1.0602487367327097E+001
 2.0972899999986696E+000, 2.0972899999986696E+000,-1.0602487367325057E+001
 2.0982899999986695E+000, 2.0982899999986695E+000,-1.0602487367319103E+001
 2.0992899999986694E+000, 2.0992899999986694E+000,-1.0602487367306640E+001
 2.1002899999986693E+000, 2.1002899999986693E+000,-1.0602487367312349E+001
 2.1012899999986692E+000, 2.1012899999986692E+000,-1.0602487367306603E+001
 2.1022899999986691E+000, 2.1022899999986691E+000,-1.0602487367302491E+001
 2.1032899999986689E+000, 2.1032899999986689E+000,-1.0602487367290962E+001
 2.1042899999986688E+000, 2.1042899999986688E+000,-1.0602487367291186E+001
 2.1052899999986687E+000, 2.1052899999986687E+000,-1.0602487367293639E+001
 2.1062899999986686E+000, 2.1062899999986686E+000,-1.0602487367283185E+001
 2.1072899999986685E+000, 2.1072899999986685E+000,-1.0602487367287166E+001
 2.1082899999986684E+000, 2.1082899999986684E+000,-1.0602487367281366E+001
 2.1092899999986683E+000, 2.1092899999986683E+000,-1.0602487367269795E+001
 2.1102899999986682E+000, 2.1102899999986682E+000,-1.0602487367274637E+001
 2.1112899999986681E+000, 2.1112899999986681E+000,-1.0602487367273499E+001
 2.1122899999986680E+000, 2.1122899999986680E+000,-1.0602487367272197E+001
 2.1132899999986678E+000, 2.1132899999986678E+000,-1.0602487367266269E+001
 2.1142899999986677E+000, 2.1142899999986677E+000,-1.0602487367259315E+001
 2.1152899999986676E+000, 2.1152899999986676E+000,-1.0602487367252342E+001
 2.1162899999986675E+000, 2.1162899999986675E+000,-1.0602487367251781E+001
 2.1172899999986674E+000, 2.1172899999986674E+000,-1.0602487367251387E+001
 2.1182899999986673E+000, 2.1182899999986673E+000,-1.0602487367257417E+001
 2.1192899999986672E+000, 2.1192899999986672E+000,-1.0602487367244368E+001
 2.1202899999986671E+000, 2.1202899999986671E+000,-1.0602487367237238E+001
 2.1212899999986670E+000, 2.1212899999986670E+000,-1.0602487367237572E+001
 2.1222899999986669E+000, 2.1222899999986669E+000,-1.0602487367228083E+001
 2.1232899999986667E+000, 2.1232899999986667E+000,-1.0602487367235668E+001
 2.1242899999986666E+000, 2.1242899999986666E+000,-1.0602487367233707E+001
 2.1252899999986665E+000, 2.1252899999986665E+000,-1.0602487367227758E+001
 2.1262899999986664E+000, 2.1262899999986664E+000,-1.0602487367218124E+001
 2.1272899999986663E+000, 2.1272899999986663E+000,-1.0602487367219291E+001
 2.1282899999986662E+000, 2.1282899999986662E+000,-1.0602487367219830E+001
 2.1292899999986661E+000, 2.1292899999986661E+000,-1.0602487367217673E+001
 2.1302899999986660E+000, 2.1302899999986660E+000,-1.0602487367210834E+001
 2.1312899999986659E+000, 2.1312899999986659E+000,-1.0602487367204759E+001
 2.1322899999986658E+000, 2.1322899999986658E+000,-1.0602487367203324E+001
 2.1332899999986656E+000, 2.1332899999986656E+000,-1.0602487367197391E+001
 2.1342899999986655E+000, 2.1342899999986655E+000,-1.0602487367195060E+001
 2.1352899999986654E+000, 2.1352899999986654E+000,-1.0602487367190903E+001
 2.1362899999986653E+000, 2.1362899999986653E+000,-1.0602487367188626E+001
 2.1372899999986652E+000, 2.1372899999986652E+000,-1.0602487367186393E+001
 2.1382899999986651E+000, 2.1382899999986651E+000,-1.0602487367181340E+001
 2.1392899999986650E+000, 2.1392899999986650E+000,-1.0602487367168891E+001
 2.1402899999986649E+000, 2.1402899999986649E+000,-1.0602487367168195E+001
 2.1412899999986648E+000, 2.1412899999986648E+000,-1.0602487367166002E+001
 2.1422899999986647E+000, 2.1422899999986647E+000,-1.0602487367166464E+001
 2.1432899999986645E+000, 2.1432899999986645E+000,-1.0602487367160588E+001
 2.1442899999986644E+000, 2.1442899999986644E+000,-1.0602487367154536E+001
 2.1452899999986643E+000, 2.1452899999986643E+000,-1.0602487367157728E+001
 2.1462899999986642E+000, 2.1462899999986642E+000,-1.0602487367145493E+001
 2.1472899999986641E+000, 2.1472899999986641E+000,-1.0602487367162258E+001
 2.1482899999986640E+000, 2.1482899999986640E+000,-1.0602487367148598E+001
 2.1492899999986639E+000, 2.1492899999986639E+000,-1.0602487367144125E+001
 2.1502899999986638E+000, 2.1502899999986638E+000,-1.0602487367147361E+001
 2.1512899999986637E+000, 2.1512899999986637E+000,-1.0602487367145287E+001
 2.1522899999986635E+000, 2.1522899999986635E+000,-1.0602487367140222E+001
 2.1532899999986634E+000, 2.1532899999986634E+000,-1.0602487367138828E+001
 2.1542899999986633E+000, 2.1542899999986633E+000,-1.0602487367117220E+001
 2.1552899999986632E+000, 2.1552899999986632E+000,-1.0602487367120004E+001
 2.1562899999986631E+000, 2.1562899999986631E+000,-1.0602487367118808E+001
 2.1572899999986630E+000, 2.1572899999986630E+000,-1.0602487367117510E+001
 2.1582899999986629E+000, 2.1582899999986629E+000,-1.0602487367112470E+001
 2.1592899999986628E+000, 2.1592899999986628E+000,-1.0602487367111957E+001
 2.1602899999986627E+000, 2.1602899999986627E+000,-1.0602487367099634E+001
 2.1612899999986626E+000, 2.1612899999986626E+000,-1.0602487367103556E+001
 2.1622899999986624E+000, 2.1622899999986624E+000,-1.0602487367097769E+001
 2.1632899999986623E+000, 2.1632899999986623E+000,-1.0602487367095440E+001
 2.1642899999986622E+000, 2.1642899999986622E+000,-1.0602487367095014E+001
 2.1652899999986621E+000, 2.1652899999986621E+000,-1.0602487367094620E+001
 2.1662899999986620E+000, 2.1662899999986620E+000,-1.0602487367083182E+001
 2.1672899999986619E+000, 2.1672899999986619E+000,-1.0602487367076101E+001
 2.1682899999986618E+000, 2.1682899999986618E+000,-1.0602487367080151E+001
 2.1692899999986617E+000, 2.1692899999986617E+000,-1.0602487367086304E+001
 2.1702899999986616E+000, 2.1702899999986616E+000,-1.0602487367084301E+001
 2.1712899999986615E+000, 2.1712899999986615E+000,-1.0602487367065528E+001
 2.1722899999986613E+000, 2.1722899999986613E+000,-1.0602487367071065E+001
 2.1732899999986612E+000, 2.1732899999986612E+000,-1.0602487367069049E+001
 2.1742899999986611E+000, 2.1742899999986611E+000,-1.0602487367059371E+001
 2.1752899999986610E+000, 2.1752899999986610E+000,-1.0602487367062460E+001
 2.1762899999986609E+000, 2.1762899999986609E+000,-1.0602487367060373E+001
 2.1772899999986608E+000, 2.1772899999986608E+000,-1.0602487367042499E+001
 2.1782899999986607E+000, 2.1782899999986607E+000,-1.0602487367037021E+001
 2.1792899999986606E+000, 2.1792899999986606E+000,-1.0602487367047537E+001
 2.1802899999986605E+000, 2.1802899999986605E+000,-1.0602487367040119E+001
 2.1812899999986604E+000, 2.1812899999986604E+000,-1.0602487367024777E+001
 2.1822899999986602E+000, 2.1822899999986602E+000,-1.0602487367034154E+001
 2.1832899999986601E+000, 2.1832899999986601E+000,-1.0602487367016559E+001
 2.1842899999986600E+000, 2.1842899999986600E+000,-1.0602487367021244E+001
 2.1852899999986599E+000, 2.1852899999986599E+000,-1.0602487367018316E+001
 2.1862899999986598E+000, 2.1862899999986598E+000,-1.0602487367018746E+001
 2.1872899999986597E+000, 2.1872899999986597E+000,-1.0602487367011975E+001
 2.1882899999986596E+000, 2.1882899999986596E+000,-1.0602487367006786E+001
 2.1892899999986595E+000, 2.1892899999986595E+000,-1.0602487367000750E+001
 2.1902899999986594E+000, 2.1902899999986594E+000,-1.0602487367003047E+001
 2.1912899999986593E+000, 2.1912899999986593E+000,-1.0602487367001849E+001
 2.1922899999986591E+000, 2.1922899999986591E+000,-1.0602487366991282E+001
 2.1932899999986590E+000, 2.1932899999986590E+000,-1.0602487366991532E+001
 2.1942899999986589E+000, 2.1942899999986589E+000,-1.0602487366994003E+001
 2.1952899999986588E+000, 2.1952899999986588E+000,-1.0602487366982638E+001
 2.1962899999986587E+000, 2.1962899999986587E+000,-1.0602487366974657E+001
 2.1972899999986586E+000, 2.1972899999986586E+000,-1.0602487366979588E+001
 2.1982899999986585E+000, 2.1982899999986585E+000,-1.0602487366969202E+001
 2.1992899999986584E+000, 2.1992899999986584E+000,-1.0602487366972278E+001
 2.2002899999986583E+000, 2.2002899999986583E+000,-1.0602487366967361E+001
 2.2012899999986582E+000, 2.2012899999986582E+000,-1.0602487366976113E+001
 2.2022899999986580E+000, 2.2022899999986580E+000,-1.0602487366963119E+001
 2.2032899999986579E+000, 2.2032899999986579E+000,-1.0602487366964198E+001
 2.2042899999986578E+000, 2.2042899999986578E+000,-1.0602487366951916E+001
 2.2052899999986577E+000, 2.2052899999986577E+000,-1.0602487366950314E+001
 2.2062899999986576E+000, 2.2062899999986576E+000,-1.0602487366955417E+001
 2.2072899999986575E+000, 2.2072899999986575E+000,-1.0602487366937726E+001
 2.2082899999986574E+000, 2.2082899999986574E+000,-1.0602487366942409E+001
 2.2092899999986573E+000, 2.2092899999986573E+000,-1.0602487366942146E+001
 2.2102899999986572E+000, 2.2102899999986572E+000,-1.0602487366935350E+001
 2.2112899999986571E+000, 2.2112899999986571E+000,-1.0602487366921970E+001
 2.2122899999986569E+000, 2.2122899999986569E+000,-1.0602487366922135E+001
 2.2132899999986568E+000, 2.2132899999986568E+000,-1.0602487366922649E+001
 2.2142899999986567E+000, 2.2142899999986567E+000,-1.0602487366925125E+001
 2.2152899999986566E+000, 2.2152899999986566E+000,-1.0602487366918403E+001
 2.2162899999986565E+000, 2.2162899999986565E+000,-1.0602487366919634E+001
 2.2172899999986564E+000, 2.2172899999986564E+000,-1.0602487366911983E+001
 2.2182899999986563E+000, 2.2182899999986563E+000,-1.0602487366910507E+001
 2.2192899999986562E+000, 2.2192899999986562E+000,-1.0602487366902778E+001
 2.2202899999986561E+000, 2.2202899999986561E+000,-1.0602487366902203E+001
 2.2212899999986560E+000, 2.2212899999986560E+000,-1.0602487366902704E+001
 2.2222899999986558E+000, 2.2222899999986558E+000,-1.0602487366895929E+001
 2.2232899999986557E+000, 2.2232899999986557E+000,-1.0602487366901791E+001
 2.2242899999986556E+000, 2.2242899999986556E+000,-1.0602487366883212E+001
 2.2252899999986555E+000, 2.2252899999986555E+000,-1.0602487366875931E+001
 2.2262899999986554E+000, 2.2262899999986554E+000,-1.0602487366886406E+001
 2.2272899999986553E+000, 2.2272899999986553E+000,-1.0602487366886308E+001
 2.2282899999986552E+000, 2.2282899999986552E+000,-1.0602487366877732E+001
 2.2292899999986551E+000, 2.2292899999986551E+000,-1.0602487366877122E+001
 2.2302899999986550E+000, 2.2302899999986550E+000,-1.0602487366871204E+001
 2.2312899999986548E+000, 2.2312899999986548E+000,-1.0602487366865160E+001
 2.2322899999986547E+000, 2.2322899999986547E+000,-1.0602487366863720E+001
 2.2332899999986546E+000, 2.2332899999986546E+000,-1.0602487366858677E+001
 2.2342899999986545E+000, 2.2342899999986545E+000,-1.0602487366851763E+001
 2.2352899999986544E+000, 2.2352899999986544E+000,-1.0602487366850303E+001
 2.2362899999986543E+000, 2.2362899999986543E+000,-1.0602487366844368E+001
 2.2372899999986542E+000, 2.2372899999986542E+000,-1.0602487366842936E+001
 2.2382899999986541E+000, 2.2382899999986541E+000,-1.0602487366841626E+001
 2.2392899999986540E+000, 2.2392899999986540E+000,-1.0602487366831078E+001
 2.2402899999986539E+000, 2.2402899999986539E+000,-1.0602487366824008E+001
 2.2412899999986537E+000, 2.2412899999986537E+000,-1.0602487366827171E+001
 2.2422899999986536E+000, 2.2422899999986536E+000,-1.0602487366827775E+001
 2.2432899999986535E+000, 2.2432899999986535E+000,-1.0602487366824729E+001
 2.2442899999986534E+000, 2.2442899999986534E+000,-1.0602487366819650E+001
 2.2452899999986533E+000, 2.2452899999986533E+000,-1.0602487366828397E+001
 2.2462899999986532E+000, 2.2462899999986532E+000,-1.0602487366806164E+001
 2.2472899999986531E+000, 2.2472899999986531E+000,-1.0602487366806107E+001
 2.2482899999986530E+000, 2.2482899999986530E+000,-1.0602487366809454E+001
 2.2492899999986529E+000, 2.2492899999986529E+000,-1.0602487366798114E+001
 2.2502899999986528E+000, 2.2502899999986528E+000,-1.0602487366796552E+001
 2.2512899999986526E+000, 2.2512899999986526E+000,-1.0602487366801647E+001
 2.2522899999986525E+000, 2.2522899999986525E+000,-1.0602487366789472E+001
 2.2532899999986524E+000, 2.2532899999986524E+000,-1.0602487366796083E+001
 2.2542899999986523E+000, 2.2542899999986523E+000,-1.0602487366787678E+001
 2.2552899999986522E+000, 2.2552899999986522E+000,-1.0602487366783354E+001
 2.2562899999986521E+000, 2.2562899999986521E+000,-1.0602487366780172E+001
 2.2572899999986520E+000, 2.2572899999986520E+000,-1.0602487366774199E+001
 2.2582899999986519E+000, 2.2582899999986519E+000,-1.0602487366767249E+001
 2.2592899999986518E+000, 2.2592899999986518E+000,-1.0602487366761167E+001
 2.2602899999986517E+000, 2.2602899999986517E+000,-1.0602487366759735E+001
 2.2612899999986515E+000, 2.2612899999986515E+000,-1.0602487366748283E+001
 2.2622899999986514E+000, 2.2622899999986514E+000,-1.0602487366751339E+001
 2.2632899999986513E+000, 2.2632899999986513E+000,-1.0602487366751937E+001
 2.2642899999986512E+000, 2.2642899999986512E+000,-1.0602487366767244E+001
 2.2652899999986511E+000, 2.2652899999986511E+000,-1.0602487366745175E+001
 2.2662899999986510E+000, 2.2662899999986510E+000,-1.0602487366747962E+001
 2.2672899999986509E+000, 2.2672899999986509E+000,-1.0602487366748560E+001
 2.2682899999986508E+000, 2.2682899999986508E+000,-1.0602487366735353E+001
 2.2692899999986507E+000, 2.2692899999986507E+000,-1.0602487366733735E+001
 2.2702899999986506E+000, 2.2702899999986506E+000,-1.0602487366734211E+001
 2.2712899999986504E+000, 2.2712899999986504E+000,-1.0602487366732950E+001
 2.2722899999986503E+000, 2.2722899999986503E+000,-1.0602487366726132E+001
 2.2732899999986502E+000, 2.2732899999986502E+000,-1.0602487366719155E+001
 2.2742899999986501E+000, 2.2742899999986501E+000,-1.0602487366713087E+001
 2.2752899999986500E+000, 2.2752899999986500E+000,-1.0602487366722682E+001
 2.2762899999986499E+000, 2.2762899999986499E+000,-1.0602487366711523E+001
 2.2772899999986498E+000, 2.2772899999986498E+000,-1.0602487366709958E+001
 2.2782899999986497E+000, 2.2782899999986497E+000,-1.0602487366708640E+001
 2.2792899999986496E+000, 2.2792899999986496E+000,-1.0602487366696289E+001
 2.2802899999986495E+000, 2.2802899999986495E+000,-1.0602487366697389E+001
 2.2812899999986493E+000, 2.2812899999986493E+000,-1.0602487366695240E+001
 2.2822899999986492E+000, 2.2822899999986492E+000,-1.0602487366683775E+001
 2.2832899999986491E+000, 2.2832899999986491E+000,-1.0602487366688614E+001
 2.2842899999986490E+000, 2.2842899999986490E+000,-1.0602487366681943E+001
 2.2852899999986489E+000, 2.2852899999986489E+000,-1.0602487366686020E+001
 2.2862899999986488E+000, 2.2862899999986488E+000,-1.0602487366679341E+001
 2.2872899999986487E+000, 2.2872899999986487E+000,-1.0602487366667743E+001
 2.2882899999986486E+000, 2.2882899999986486E+000,-1.0602487366665283E+001
 2.2892899999986485E+000, 2.2892899999986485E+000,-1.0602487366665734E+001
 2.2902899999986484E+000, 2.2902899999986484E+000,-1.0602487366669097E+001
 2.2912899999986482E+000, 2.2912899999986482E+000,-1.0602487366654024E+001
 2.2922899999986481E+000, 2.2922899999986481E+000,-1.0602487366653261E+001
 2.2932899999986480E+000, 2.2932899999986480E+000,-1.0602487366656597E+001
 2.2942899999986479E+000, 2.2942899999986479E+000,-1.0602487366650783E+001
 2.2952899999986478E+000, 2.2952899999986478E+000,-1.0602487366649360E+001
 2.2962899999986477E+000, 2.2962899999986477E+000,-1.0602487366640734E+001
 2.2972899999986476E+000, 2.2972899999986476E+000,-1.0602487366630898E+001
 2.2982899999986475E+000, 2.2982899999986475E+000,-1.0602487366635771E+001
 2.2992899999986474E+000, 2.2992899999986474E+000,-1.0602487366633731E+001
 2.3002899999986473E+000, 2.3002899999986473E+000,-1.0602487366627781E+001
 2.3012899999986471E+000, 2.3012899999986471E+000,-1.0602487366625457E+001
 2.3022899999986470E+000, 2.3022899999986470E+000,-1.0602487366614877E+001
 2.3032899999986469E+000, 2.3032899999986469E+000,-1.0602487366614231E+001
 2.3042899999986468E+000, 2.3042899999986468E+000,-1.0602487366617551E+001
 2.3052899999986467E+000, 2.3052899999986467E+000,-1.0602487366606233E+001
 2.3062899999986466E+000, 2.3062899999986466E+000,-1.0602487366607349E+001
 2.3072899999986465E+000, 2.3072899999986465E+000,-1.0602487366605207E+001
 2.3082899999986464E+000, 2.3082899999986464E+000,-1.0602487366598357E+001
 2.3092899999986463E+000, 2.3092899999986463E+000,-1.0602487366586763E+001
 2.3102899999986461E+000, 2.3102899999986461E+000,-1.0602487366590703E+001
 2.3112899999986460E+000, 2.3112899999986460E+000,-1.0602487366587745E+001
 2.3122899999986459E+000, 2.3122899999986459E+000,-1.0602487366589090E+001
 2.3132899999986458E+000, 2.3132899999986458E+000,-1.0602487366582331E+001
 2.3142899999986457E+000, 2.3142899999986457E+000,-1.0602487366575364E+001
 2.3152899999986456E+000, 2.3152899999986456E+000,-1.0602487366578529E+001
 2.3162899999986455E+000, 2.3162899999986455E+000,-1.0602487366579139E+001
 2.3172899999986454E+000, 2.3172899999986454E+000,-1.0602487366567729E+001
 2.3182899999986453E+000, 2.3182899999986453E+000,-1.0602487366567058E+001
 2.3192899999986452E+000, 2.3192899999986452E+000,-1.0602487366566669E+001
 2.3202899999986450E+000, 2.3202899999986450E+000,-1.0602487366564491E+001
 2.3212899999986449E+000, 2.3212899999986449E+000,-1.0602487366546596E+001
 2.3222899999986448E+000, 2.3222899999986448E+000,-1.0602487366546647E+001
 2.3232899999986447E+000, 2.3232899999986447E+000,-1.0602487366555509E+001
 2.3242899999986446E+000, 2.3242899999986446E+000,-1.0602487366548957E+001
 2.3252899999986445E+000, 2.3252899999986445E+000,-1.0602487366541988E+001
 2.3262899999986444E+000, 2.3262899999986444E+000,-1.0602487366543222E+001
 2.3272899999986443E+000, 2.3272899999986443E+000,-1.0602487366539298E+001
 2.3282899999986442E+000, 2.3282899999986442E+000,-1.0602487366528674E+001
 2.3292899999986441E+000, 2.3292899999986441E+000,-1.0602487366517876E+001
 2.3302899999986439E+000, 2.3302899999986439E+000,-1.0602487366526459E+001
 2.3312899999986438E+000, 2.3312899999986438E+000,-1.0602487366520794E+001
 2.3322899999986437E+000, 2.3322899999986437E+000,-1.0602487366524894E+001
 2.3332899999986436E+000, 2.3332899999986436E+000,-1.0602487366512685E+001
 2.3342899999986435E+000, 2.3342899999986435E+000,-1.0602487366501844E+001
 2.3352899999986434E+000, 2.3352899999986434E+000,-1.0602487366504906E+001
 2.3362899999986433E+000, 2.3362899999986433E+000,-1.0602487366503723E+001
 2.3372899999986432E+000, 2.3372899999986432E+000,-1.0602487366496897E+001
 2.3382899999986431E+000, 2.3382899999986431E+000,-1.0602487366498137E+001
 2.3392899999986430E+000, 2.3392899999986430E+000,-1.0602487366506143E+001
 2.3402899999986428E+000, 2.3402899999986428E+000,-1.0602487366490314E+001
 2.3412899999986427E+000, 2.3412899999986427E+000,-1.0602487366494138E+001
 2.3422899999986426E+000, 2.3422899999986426E+000,-1.0602487366482826E+001
 2.3432899999986425E+000, 2.3432899999986425E+000,-1.0602487366482142E+001
 2.3442899999986424E+000, 2.3442899999986424E+000,-1.0602487366474451E+001
 2.3452899999986423E+000, 2.3452899999986423E+000,-1.0602487366469243E+001
 2.3462899999986422E+000, 2.3462899999986422E+000,-1.0602487366467841E+001
 2.3472899999986421E+000, 2.3472899999986421E+000,-1.0602487366470257E+001
 2.3482899999986420E+000, 2.3482899999986420E+000,-1.0602487366460698E+001
 2.3492899999986419E+000, 2.3492899999986419E+000,-1.0602487366460066E+001
 2.3502899999986417E+000, 2.3502899999986417E+000,-1.0602487366457893E+001
 2.3512899999986416E+000, 2.3512899999986416E+000,-1.0602487366452824E+001
 2.3522899999986415E+000, 2.3522899999986415E+000,-1.0602487366450520E+001
 2.3532899999986414E+000, 2.3532899999986414E+000,-1.0602487366445466E+001
 2.3542899999986413E+000, 2.3542899999986413E+000,-1.0602487366444954E+001
 2.3552899999986412E+000, 2.3552899999986412E+000,-1.0602487366441880E+001
 2.3562899999986411E+000, 2.3562899999986411E+000,-1.0602487366424853E+001
 2.3572899999986410E+000, 2.3572899999986410E+000,-1.0602487366430449E+001
 2.3582899999986409E+000, 2.3582899999986409E+000,-1.0602487366422015E+001
 2.3592899999986408E+000, 2.3592899999986408E+000,-1.0602487366428727E+001
 2.3602899999986406E+000, 2.3602899999986406E+000,-1.0602487366426743E+001
 2.3612899999986405E+000, 2.3612899999986405E+000,-1.0602487366418996E+001
 2.3622899999986404E+000, 2.3622899999986404E+000,-1.0602487366417520E+001
 2.3632899999986403E+000, 2.3632899999986403E+000,-1.0602487366417103E+001
 2.3642899999986402E+000, 2.3642899999986402E+000,-1.0602487366405683E+001
 2.3652899999986401E+000, 2.3652899999986401E+000,-1.0602487366416048E+001
 2.3662899999986400E+000, 2.3662899999986400E+000,-1.0602487366408633E+001
 2.3672899999986399E+000, 2.3672899999986399E+000,-1.0602487366397913E+001
 2.3682899999986398E+000, 2.3682899999986398E+000,-1.0602487366397250E+001
 2.3692899999986397E+000, 2.3692899999986397E+000,-1.0602487366384926E+001
 2.3702899999986395E+000, 2.3702899999986395E+000,-1.0602487366393465E+001
 2.3712899999986394E+000, 2.3712899999986394E+000,-1.0602487366386903E+001
 2.3722899999986393E+000, 2.3722899999986393E+000,-1.0602487366387253E+001
 2.3732899999986392E+000, 2.3732899999986392E+000,-1.0602487366386887E+001
 2.3742899999986391E+000, 2.3742899999986391E+000,-1.0602487366374561E+001
 2.3752899999986390E+000, 2.3752899999986390E+000,-1.0602487366377590E+001
 2.3762899999986389E+000, 2.3762899999986389E+000,-1.0602487366367146E+001
 2.3772899999986388E+000, 2.3772899999986388E+000,-1.0602487366366496E+001
 2.3782899999986387E+000, 2.3782899999986387E+000,-1.0602487366359686E+001
 2.3792899999986385E+000, 2.3792899999986385E+000,-1.0602487366363766E+001
 2.3802899999986384E+000, 2.3802899999986384E+000,-1.0602487366350664E+001
 2.3812899999986383E+000, 2.3812899999986383E+000,-1.0602487366345315E+001
 2.3822899999986382E+000, 2.3822899999986382E+000,-1.0602487366350314E+001
 2.3832899999986381E+000, 2.3832899999986381E+000,-1.0602487366348278E+001
 2.3842899999986380E+000, 2.3842899999986380E+000,-1.0602487366339503E+001
 2.3852899999986379E+000, 2.3852899999986379E+000,-1.0602487366340826E+001
 2.3862899999986378E+000, 2.3862899999986378E+000,-1.0602487366329449E+001
 2.3872899999986377E+000, 2.3872899999986377E+000,-1.0602487366327876E+001
 2.3882899999986376E+000, 2.3882899999986376E+000,-1.0602487366322826E+001
 2.3892899999986374E+000, 2.3892899999986374E+000,-1.0602487366321423E+001
 2.3902899999986373E+000, 2.3902899999986373E+000,-1.0602487366327429E+001
 2.3912899999986372E+000, 2.3912899999986372E+000,-1.0602487366319004E+001
 2.3922899999986371E+000, 2.3922899999986371E+000,-1.0602487366311991E+001
 2.3932899999986370E+000, 2.3932899999986370E+000,-1.0602487366310530E+001
 2.3942899999986369E+000, 2.3942899999986369E+000,-1.0602487366305494E+001
 2.3952899999986368E+000, 2.3952899999986368E+000,-1.0602487366297673E+001
 2.3962899999986367E+000, 2.3962899999986367E+000,-1.0602487366298874E+001
 2.3972899999986366E+000, 2.3972899999986366E+000,-1.0602487366290328E+001
 2.3982899999986365E+000, 2.3982899999986365E+000,-1.0602487366290628E+001
 2.3992899999986363E+000, 2.3992899999986363E+000,-1.0602487366289362E+001
 2.4002899999986362E+000, 2.4002899999986362E+000,-1.0602487366288059E+001
 2.4012899999986361E+000, 2.4012899999986361E+000,-1.0602487366282130E+001
 2.4022899999986360E+000, 2.4022899999986360E+000,-1.0602487366280698E+001
 2.4032899999986359E+000, 2.4032899999986359E+000,-1.0602487366269244E+001
 2.4042899999986358E+000, 2.4042899999986358E+000,-1.0602487366274080E+001
 2.4052899999986357E+000, 2.4052899999986357E+000,-1.0602487366273840E+001
 2.4062899999986356E+000, 2.4062899999986356E+000,-1.0602487366260611E+001
 2.4072899999986355E+000, 2.4072899999986355E+000,-1.0602487366275568E+001
 2.4082899999986354E+000, 2.4082899999986354E+000,-1.0602487366258130E+001
 2.4092899999986352E+000, 2.4092899999986352E+000,-1.0602487366251770E+001
 2.4102899999986351E+000, 2.4102899999986351E+000,-1.0602487366251227E+001
 2.4112899999986350E+000, 2.4112899999986350E+000,-1.0602487366244413E+001
 2.4122899999986349E+000, 2.4122899999986349E+000,-1.0602487366249385E+001
 2.4132899999986348E+000, 2.4132899999986348E+000,-1.0602487366243615E+001
 2.4142899999986347E+000, 2.4142899999986347E+000,-1.0602487366237574E+001
 2.4152899999986346E+000, 2.4152899999986346E+000,-1.0602487366240766E+001
 2.4162899999986345E+000, 2.4162899999986345E+000,-1.0602487366228541E+001
 2.4172899999986344E+000, 2.4172899999986344E+000,-1.0602487366223215E+001
 2.4182899999986343E+000, 2.4182899999986343E+000,-1.0602487366226429E+001
 2.4192899999986341E+000, 2.4192899999986341E+000,-1.0602487366231660E+001
 2.4202899999986340E+000, 2.4202899999986340E+000,-1.0602487366229616E+001
 2.4212899999986339E+000, 2.4212899999986339E+000,-1.0602487366219052E+001
 2.4222899999986338E+000, 2.4222899999986338E+000,-1.0602487366207347E+001
 2.4232899999986337E+000, 2.4232899999986337E+000,-1.0602487366209511E+001
 2.4242899999986336E+000, 2.4242899999986336E+000,-1.0602487366200828E+001
 2.4252899999986335E+000, 2.4252899999986335E+000,-1.0602487366192920E+001
 2.4262899999986334E+000, 2.4262899999986334E+000,-1.0602487366202467E+001
 2.4272899999986333E+000, 2.4272899999986333E+000,-1.0602487366185795E+001
 2.4282899999986332E+000, 2.4282899999986332E+000,-1.0602487366189596E+001
 2.4292899999986330E+000, 2.4292899999986330E+000,-1.0602487366195739E+001
 2.4302899999986329E+000, 2.4302899999986329E+000,-1.0602487366165235E+001
 2.4312899999986328E+000, 2.4312899999986328E+000,-1.0602487366187034E+001
 2.4322899999986327E+000, 2.4322899999986327E+000,-1.0602487366179925E+001
 2.4332899999986326E+000, 2.4332899999986326E+000,-1.0602487366168315E+001
 2.4342899999986325E+000, 2.4342899999986325E+000,-1.0602487366172266E+001
 2.4352899999986324E+000, 2.4352899999986324E+000,-1.0602487366172891E+001
 2.4362899999986323E+000, 2.4362899999986323E+000,-1.0602487366160592E+001
 2.4372899999986322E+000, 2.4372899999986322E+000,-1.0602487366158091E+001
 2.4382899999986321E+000, 2.4382899999986321E+000,-1.0602487366159444E+001
 2.4392899999986319E+000, 2.4392899999986319E+000,-1.0602487366141647E+001
 2.4402899999986318E+000, 2.4402899999986318E+000,-1.0602487366144537E+001
 2.4412899999986317E+000, 2.4412899999986317E+000,-1.0602487366144233E+001
 2.4422899999986316E+000, 2.4422899999986316E+000,-1.0602487366142061E+001
 2.4432899999986315E+000, 2.4432899999986315E+000,-1.0602487366125953E+001
 2.4442899999986314E+000, 2.4442899999986314E+000,-1.0602487366130678E+001
 2.4452899999986313E+000, 2.4452899999986313E+000,-1.0602487366129534E+001
 2.4462899999986312E+000, 2.4462899999986312E+000,-1.0602487366129129E+001
 2.4472899999986311E+000, 2.4472899999986311E+000,-1.0602487366115909E+001
 2.4482899999986310E+000, 2.4482899999986310E+000,-1.0602487366121595E+001
 2.4492899999986308E+000, 2.4492899999986308E+000,-1.0602487366113166E+001
 2.4502899999986307E+000, 2.4502899999986307E+000,-1.0602487366112564E+001
 2.4512899999986306E+000, 2.4512899999986306E+000,-1.0602487366112170E+001
 2.4522899999986305E+000, 2.4522899999986305E+000,-1.0602487366106267E+001
 2.4532899999986304E+000, 2.4532899999986304E+000,-1.0602487366110353E+001
 2.4542899999986303E+000, 2.4542899999986303E+000,-1.0602487366103684E+001
 2.4552899999986302E+000, 2.4552899999986302E+000,-1.0602487366108647E+001
 2.4562899999986301E+000, 2.4562899999986301E+000,-1.0602487366090040E+001
 2.4572899999986300E+000, 2.4572899999986300E+000,-1.0602487366090967E+001
 2.4582899999986298E+000, 2.4582899999986298E+000,-1.0602487366098980E+001
 2.4592899999986297E+000, 2.4592899999986297E+000,-1.0602487366082249E+001
 2.4602899999986296E+000, 2.4602899999986296E+000,-1.0602487366071280E+001
 2.4612899999986295E+000, 2.4612899999986295E+000,-1.0602487366070623E+001
 2.4622899999986294E+000, 2.4622899999986294E+000,-1.0602487366073959E+001
 2.4632899999986293E+000, 2.4632899999986293E+000,-1.0602487366072776E+001
 2.4642899999986292E+000, 2.4642899999986292E+000,-1.0602487366054904E+001
 2.4652899999986291E+000, 2.4652899999986291E+000,-1.0602487366065109E+001
 2.4662899999986290E+000, 2.4662899999986290E+000,-1.0602487366059473E+001
 2.4672899999986289E+000, 2.4672899999986289E+000,-1.0602487366052532E+001
 2.4682899999986287E+000, 2.4682899999986287E+000,-1.0602487366045565E+001
 2.4692899999986286E+000, 2.4692899999986286E+000,-1.0602487366045898E+001
 2.4702899999986285E+000, 2.4702899999986285E+000,-1.0602487366043730E+001
 2.4712899999986284E+000, 2.4712899999986284E+000,-1.0602487366043306E+001
 2.4722899999986283E+000, 2.4722899999986283E+000,-1.0602487366032779E+001
 2.4732899999986282E+000, 2.4732899999986282E+000,-1.0602487366024810E+001
 2.4742899999986281E+000, 2.4742899999986281E+000,-1.0602487366034364E+001
 2.4752899999986280E+000, 2.4752899999986280E+000,-1.0602487366029623E+001
 2.4762899999986279E+000, 2.4762899999986279E+000,-1.0602487366021808E+001
 2.4772899999986278E+000, 2.4772899999986278E+000,-1.0602487366025844E+001
 2.4782899999986276E+000, 2.4782899999986276E+000,-1.0602487366019160E+001
 2.4792899999986275E+000, 2.4792899999986275E+000,-1.0602487366018606E+001
 2.4802899999986274E+000, 2.4802899999986274E+000,-1.0602487366012706E+001
 2.4812899999986273E+000, 2.4812899999986273E+000,-1.0602487366006647E+001
 2.4822899999986272E+000, 2.4822899999986272E+000,-1.0602487366000595E+001
 2.4832899999986271E+000, 2.4832899999986271E+000,-1.0602487366000052E+001
 2.4842899999986270E+000, 2.4842899999986270E+000,-1.0602487365996090E+001
 2.4852899999986269E+000, 2.4852899999986269E+000,-1.0602487365990973E+001
 2.4862899999986268E+000, 2.4862899999986268E+000,-1.0602487365984953E+001
 2.4872899999986267E+000, 2.4872899999986267E+000,-1.0602487365995458E+001
 2.4882899999986265E+000, 2.4882899999986265E+000,-1.0602487365982526E+001
 2.4892899999986264E+000, 2.4892899999986264E+000,-1.0602487365986432E+001
 2.4902899999986263E+000, 2.4902899999986263E+000,-1.0602487365976016E+001
 2.4912899999986262E+000, 2.4912899999986262E+000,-1.0602487365964313E+001
 2.4922899999986261E+000, 2.4922899999986261E+000,-1.0602487365968249E+001
 2.4932899999986260E+000, 2.4932899999986260E+000,-1.0602487365961576E+001
 2.4942899999986259E+000, 2.4942899999986259E+000,-1.0602487365954602E+001
 2.4952899999986258E+000, 2.4952899999986258E+000,-1.0602487365960460E+001
 2.4962899999986257E+000, 2.4962899999986257E+000,-1.0602487365953817E+001
 2.4972899999986256E+000, 2.4972899999986256E+000,-1.0602487365946857E+001
 2.4982899999986254E+000, 2.4982899999986254E+000,-1.0602487365950926E+001
 2.4992899999986253E+000, 2.4992899999986253E+000,-1.0602487365945127E+001
 2.5002899999986252E+000, 2.5002899999986252E+000,-1.0602487365942814E+001
 2.5012899999986251E+000, 2.5012899999986251E+000,-1.0602487365943272E+001
 2.5022899999986250E+000, 2.5022899999986250E+000,-1.0602487365935598E+001
 2.5032899999986249E+000, 2.5032899999986249E+000,-1.0602487365934124E+001
 2.5042899999986248E+000, 2.5042899999986248E+000,-1.0602487365924459E+001
 2.5052899999986247E+000, 2.5052899999986247E+000,-1.0602487365922928E+001
 2.5062899999986246E+000, 2.5062899999986246E+000,-1.0602487365928042E+001
 2.5072899999986245E+000, 2.5072899999986245E+000,-1.0602487365919586E+001
 2.5082899999986243E+000, 2.5082899999986243E+000,-1.0602487365914364E+001
 2.5092899999986242E+000, 2.5092899999986242E+000,-1.0602487365908333E+001
 2.5102899999986241E+000, 2.5102899999986241E+000,-1.0602487365912420E+001
 2.5112899999986240E+000, 2.5112899999986240E+000,-1.0602487365895580E+001
 2.5122899999986239E+000, 2.5122899999986239E+000,-1.0602487365898497E+001
 2.5132899999986238E+000, 2.5132899999986238E+000,-1.0602487365903723E+001
 2.5142899999986237E+000, 2.5142899999986237E+000,-1.0602487365892447E+001
 2.5152899999986236E+000, 2.5152899999986236E+000,-1.0602487365897288E+001
 2.5162899999986235E+000, 2.5162899999986235E+000,-1.0602487365895239E+001
 2.5172899999986234E+000, 2.5172899999986234E+000,-1.0602487365883782E+001
 2.5182899999986232E+000, 2.5182899999986232E+000,-1.0602487365872053E+001
 2.5192899999986231E+000, 2.5192899999986231E+000,-1.0602487365887036E+001
 2.5202899999986230E+000, 2.5202899999986230E+000,-1.0602487365875119E+001
 2.5212899999986229E+000, 2.5212899999986229E+000,-1.0602487365868022E+001
 2.5222899999986228E+000, 2.5222899999986228E+000,-1.0602487365873866E+001
 2.5232899999986227E+000, 2.5232899999986227E+000,-1.0602487365859915E+001
 2.5242899999986226E+000, 2.5242899999986226E+000,-1.0602487365858288E+001
 2.5252899999986225E+000, 2.5252899999986225E+000,-1.0602487365864278E+001
 2.5262899999986224E+000, 2.5262899999986224E+000,-1.0602487365853914E+001
 2.5272899999986222E+000, 2.5272899999986222E+000,-1.0602487365845956E+001
 2.5282899999986221E+000, 2.5282899999986221E+000,-1.0602487365850889E+001
 2.5292899999986220E+000, 2.5292899999986220E+000,-1.0602487365843325E+001
 2.5302899999986219E+000, 2.5302899999986219E+000,-1.0602487365837234E+001
 2.5312899999986218E+000, 2.5312899999986218E+000,-1.0602487365834911E+001
 2.5322899999986217E+000, 2.5322899999986217E+000,-1.0602487365836259E+001
 2.5332899999986216E+000, 2.5332899999986216E+000,-1.0602487365823974E+001
 2.5342899999986215E+000, 2.5342899999986215E+000,-1.0602487365827903E+001
 2.5352899999986214E+000, 2.5352899999986214E+000,-1.0602487365826740E+001
 2.5362899999986213E+000, 2.5362899999986213E+000,-1.0602487365827230E+001
 2.5372899999986211E+000, 2.5372899999986211E+000,-1.0602487365814039E+001
 2.5382899999986210E+000, 2.5382899999986210E+000,-1.0602487365806899E+001
 2.5392899999986209E+000, 2.5392899999986209E+000,-1.0602487365808122E+001
 2.5402899999986208E+000, 2.5402899999986208E+000,-1.0602487365805086E+001
 2.5412899999986207E+000, 2.5412899999986207E+000,-1.0602487365800004E+001
 2.5422899999986206E+000, 2.5422899999986206E+000,-1.0602487365802334E+001
 2.5432899999986205E+000, 2.5432899999986205E+000,-1.0602487365802915E+001
 2.5442899999986204E+000, 2.5442899999986204E+000,-1.0602487365790610E+001
 2.5452899999986203E+000, 2.5452899999986203E+000,-1.0602487365791717E+001
 2.5462899999986202E+000, 2.5462899999986202E+000,-1.0602487365790461E+001
 2.5472899999986200E+000, 2.5472899999986200E+000,-1.0602487365788264E+001
 2.5482899999986199E+000, 2.5482899999986199E+000,-1.0602487365798876E+001
 2.5492899999986198E+000, 2.5492899999986198E+000,-1.0602487365774913E+001
 2.5502899999986197E+000, 2.5502899999986197E+000,-1.0602487365774788E+001
 2.5512899999986196E+000, 2.5512899999986196E+000,-1.0602487365768894E+001
 2.5522899999986195E+000, 2.5522899999986195E+000,-1.0602487365766569E+001
 2.5532899999986194E+000, 2.5532899999986194E+000,-1.0602487365760613E+001
 2.5542899999986193E+000, 2.5542899999986193E+000,-1.0602487365764695E+001
 2.5552899999986192E+000, 2.5552899999986192E+000,-1.0602487365746082E+001
 2.5562899999986191E+000, 2.5562899999986191E+000,-1.0602487365750735E+001
 2.5572899999986189E+000, 2.5572899999986189E+000,-1.0602487365751376E+001
 2.5582899999986188E+000, 2.5582899999986188E+000,-1.0602487365743702E+001
 2.5592899999986187E+000, 2.5592899999986187E+000,-1.0602487365737616E+001
 2.5602899999986186E+000, 2.5602899999986186E+000,-1.0602487365732454E+001
 2.5612899999986185E+000, 2.5612899999986185E+000,-1.0602487365736561E+001
 2.5622899999986184E+000, 2.5622899999986184E+000,-1.0602487365729869E+001
 2.5632899999986183E+000, 2.5632899999986183E+000,-1.0602487365719185E+001
 2.5642899999986182E+000, 2.5642899999986182E+000,-1.0602487365715834E+001
 2.5652899999986181E+000, 2.5652899999986181E+000,-1.0602487365714468E+001
 2.5662899999986180E+000, 2.5662899999986180E+000,-1.0602487365710331E+001
 2.5672899999986178E+000, 2.5672899999986178E+000,-1.0602487365712673E+001
 2.5682899999986177E+000, 2.5682899999986177E+000,-1.0602487365706844E+001
 2.5692899999986176E+000, 2.5692899999986176E+000,-1.0602487365706319E+001
 2.5702899999986175E+000, 2.5702899999986175E+000,-1.0602487365700405E+001
 2.5712899999986174E+000, 2.5712899999986174E+000,-1.0602487365698977E+001
 2.5722899999986173E+000, 2.5722899999986173E+000,-1.0602487365703183E+001
 2.5732899999986172E+000, 2.5732899999986172E+000,-1.0602487365686356E+001
 2.5742899999986171E+000, 2.5742899999986171E+000,-1.0602487365689282E+001
 2.5752899999986170E+000, 2.5752899999986170E+000,-1.0602487365677936E+001
 2.5762899999986169E+000, 2.5762899999986169E+000,-1.0602487365677257E+001
 2.5772899999986167E+000, 2.5772899999986167E+000,-1.0602487365675975E+001
 2.5782899999986166E+000, 2.5782899999986166E+000,-1.0602487365674667E+001
 2.5792899999986165E+000, 2.5792899999986165E+000,-1.0602487365679774E+001
 2.5802899999986164E+000, 2.5802899999986164E+000,-1.0602487365668500E+001
 2.5812899999986163E+000, 2.5812899999986163E+000,-1.0602487365662297E+001
 2.5822899999986162E+000, 2.5822899999986162E+000,-1.0602487365671015E+001
 2.5832899999986161E+000, 2.5832899999986161E+000,-1.0602487365655200E+001
 2.5842899999986160E+000, 2.5842899999986160E+000,-1.0602487365647088E+001
 2.5852899999986159E+000, 2.5852899999986159E+000,-1.0602487365651132E+001
 2.5862899999986158E+000, 2.5862899999986158E+000,-1.0602487365650859E+001
 2.5872899999986156E+000, 2.5872899999986156E+000,-1.0602487365645844E+001
 2.5882899999986155E+000, 2.5882899999986155E+000,-1.0602487365638929E+001
 2.5892899999986154E+000, 2.5892899999986154E+000,-1.0602487365637479E+001
 2.5902899999986153E+000, 2.5902899999986153E+000,-1.0602487365620501E+001
 2.5912899999986152E+000, 2.5912899999986152E+000,-1.0602487365635330E+001
 2.5922899999986151E+000, 2.5922899999986151E+000,-1.0602487365628948E+001
 2.5932899999986150E+000, 2.5932899999986150E+000,-1.0602487365627494E+001
 2.5942899999986149E+000, 2.5942899999986149E+000,-1.0602487365621560E+001
 2.5952899999986148E+000, 2.5952899999986148E+000,-1.0602487365624771E+001
 2.5962899999986147E+000, 2.5962899999986147E+000,-1.0602487365618948E+001
 2.5972899999986145E+000, 2.5972899999986145E+000,-1.0602487365613786E+001
 2.5982899999986144E+000, 2.5982899999986144E+000,-1.0602487365602235E+001
 2.5992899999986143E+000, 2.5992899999986143E+000,-1.0602487365605295E+001
 2.6002899999986142E+000, 2.6002899999986142E+000,-1.0602487365598583E+001
 2.6012899999986141E+000, 2.6012899999986141E+000,-1.0602487365602656E+001
 2.6022899999986140E+000, 2.6022899999986140E+000,-1.0602487365591339E+001
 2.6032899999986139E+000, 2.6032899999986139E+000,-1.0602487365580515E+001
 2.6042899999986138E+000, 2.6042899999986138E+000,-1.0602487365590010E+001
 2.6052899999986137E+000, 2.6052899999986137E+000,-1.0602487365584354E+001
 2.6062899999986135E+000, 2.6062899999986135E+000,-1.0602487365582931E+001
 2.6072899999986134E+000, 2.6072899999986134E+000,-1.0602487365576101E+001
 2.6082899999986133E+000, 2.6082899999986133E+000,-1.0602487365574664E+001
 2.6092899999986132E+000, 2.6092899999986132E+000,-1.0602487365568720E+001
 2.6102899999986131E+000, 2.6102899999986131E+000,-1.0602487365562665E+001
 2.6112899999986130E+000, 2.6112899999986130E+000,-1.0602487365566759E+001
 2.6122899999986129E+000, 2.6122899999986129E+000,-1.0602487365559183E+001
 2.6132899999986128E+000, 2.6132899999986128E+000,-1.0602487365548454E+001
 2.6142899999986127E+000, 2.6142899999986127E+000,-1.0602487365552427E+001
 2.6152899999986126E+000, 2.6152899999986126E+000,-1.0602487365545738E+001
 2.6162899999986124E+000, 2.6162899999986124E+000,-1.0602487365549806E+001
 2.6172899999986123E+000, 2.6172899999986123E+000,-1.0602487365548651E+001
 2.6182899999986122E+000, 2.6182899999986122E+000,-1.0602487365543610E+001
 2.6192899999986121E+000, 2.6192899999986121E+000,-1.0602487365530273E+001
 2.6202899999986120E+000, 2.6202899999986120E+000,-1.0602487365535069E+001
 2.6212899999986119E+000, 2.6212899999986119E+000,-1.0602487365522881E+001
 2.6222899999986118E+000, 2.6222899999986118E+000,-1.0602487365522181E+001
 2.6232899999986117E+000, 2.6232899999986117E+000,-1.0602487365521787E+001
 2.6242899999986116E+000, 2.6242899999986116E+000,-1.0602487365514989E+001
 2.6252899999986115E+000, 2.6252899999986115E+000,-1.0602487365520844E+001
 2.6262899999986113E+000, 2.6262899999986113E+000,-1.0602487365508697E+001
 2.6272899999986112E+000, 2.6272899999986112E+000,-1.0602487365507095E+001
 2.6282899999986111E+000, 2.6282899999986111E+000,-1.0602487365499364E+001
 2.6292899999986110E+000, 2.6292899999986110E+000,-1.0602487365499671E+001
 2.6302899999986109E+000, 2.6302899999986109E+000,-1.0602487365504834E+001
 2.6312899999986108E+000, 2.6312899999986108E+000,-1.0602487365488031E+001
 2.6322899999986107E+000, 2.6322899999986107E+000,-1.0602487365485427E+001
 2.6332899999986106E+000, 2.6332899999986106E+000,-1.0602487365480354E+001
 2.6342899999986105E+000, 2.6342899999986105E+000,-1.0602487365489987E+001
 2.6352899999986104E+000, 2.6352899999986104E+000,-1.0602487365481659E+001
 2.6362899999986102E+000, 2.6362899999986102E+000,-1.0602487365470912E+001
 2.6372899999986101E+000, 2.6372899999986101E+000,-1.0602487365476676E+001
 2.6382899999986100E+000, 2.6382899999986100E+000,-1.0602487365468244E+001
 2.6392899999986099E+000, 2.6392899999986099E+000,-1.0602487365468548E+001
 2.6402899999986098E+000, 2.6402899999986098E+000,-1.0602487365459975E+001
 2.6412899999986097E+000, 2.6412899999986097E+000,-1.0602487365464883E+001
 2.6422899999986096E+000, 2.6422899999986096E+000,-1.0602487365455392E+001
 2.6432899999986095E+000, 2.6432899999986095E+000,-1.0602487365463125E+001
 2.6442899999986094E+000, 2.6442899999986094E+000,-1.0602487365446375E+001
 2.6452899999986093E+000, 2.6452899999986093E+000,-1.0602487365434527E+001
 2.6462899999986091E+000, 2.6462899999986091E+000,-1.0602487365444878E+001
 2.6472899999986090E+000, 2.6472899999986090E+000,-1.0602487365443885E+001
 2.6482899999986089E+000, 2.6482899999986089E+000,-1.0602487365426908E+001
 2.6492899999986088E+000, 2.6492899999986088E+000,-1.0602487365431610E+001
 2.6502899999986087E+000, 2.6502899999986087E+000,-1.0602487365429566E+001
 2.6512899999986086E+000, 2.6512899999986086E+000,-1.0602487365418098E+001
 2.6522899999986085E+000, 2.6522899999986085E+000,-1.0602487365422059E+001
 2.6532899999986084E+000, 2.6532899999986084E+000,-1.0602487365422673E+001
 2.6542899999986083E+000, 2.6542899999986083E+000,-1.0602487365419620E+001
 2.6552899999986082E+000, 2.6552899999986082E+000,-1.0602487365413641E+001
 2.6562899999986080E+000, 2.6562899999986080E+000,-1.0602487365406690E+001
 2.6572899999986079E+000, 2.6572899999986079E+000,-1.0602487365402414E+001
 2.6582899999986078E+000, 2.6582899999986078E+000,-1.0602487365406546E+001
 2.6592899999986077E+000, 2.6592899999986077E+000,-1.0602487365388814E+001
 2.6602899999986076E+000, 2.6602899999986076E+000,-1.0602487365391713E+001
 2.6612899999986075E+000, 2.6612899999986075E+000,-1.0602487365385883E+001
 2.6622899999986074E+000, 2.6622899999986074E+000,-1.0602487365393710E+001
 2.6632899999986073E+000, 2.6632899999986073E+000,-1.0602487365388914E+001
 2.6642899999986072E+000, 2.6642899999986072E+000,-1.0602487365388413E+001
 2.6652899999986071E+000, 2.6652899999986071E+000,-1.0602487365376991E+001
 2.6662899999986069E+000, 2.6662899999986069E+000,-1.0602487365370788E+001
 2.6672899999986068E+000, 2.6672899999986068E+000,-1.0602487365368452E+001
 2.6682899999986067E+000, 2.6682899999986067E+000,-1.0602487365362508E+001
 2.6692899999986066E+000, 2.6692899999986066E+000,-1.0602487365367489E+001
 2.6702899999986065E+000, 2.6702899999986065E+000,-1.0602487365360819E+001
 2.6712899999986064E+000, 2.6712899999986064E+000,-1.0602487365353859E+001
 2.6722899999986063E+000, 2.6722899999986063E+000,-1.0602487365342251E+001
 2.6732899999986062E+000, 2.6732899999986062E+000,-1.0602487365352617E+001
 2.6742899999986061E+000, 2.6742899999986061E+000,-1.0602487365340579E+001
 2.6752899999986059E+000, 2.6752899999986059E+000,-1.0602487365350026E+001
 2.6762899999986058E+000, 2.6762899999986058E+000,-1.0602487365345276E+001
 2.6772899999986057E+000, 2.6772899999986057E+000,-1.0602487365342094E+001
 2.6782899999986056E+000, 2.6782899999986056E+000,-1.0602487365336998E+001
 2.6792899999986055E+000, 2.6792899999986055E+000,-1.0602487365330973E+001
 2.6802899999986054E+000, 2.6802899999986054E+000,-1.0602487365334168E+001
 2.6812899999986053E+000, 2.6812899999986053E+000,-1.0602487365329253E+001
 2.6822899999986052E+000, 2.6822899999986052E+000,-1.0602487365321435E+001
 2.6832899999986051E+000, 2.6832899999986051E+000,-1.0602487365319064E+001
 2.6842899999986050E+000, 2.6842899999986050E+000,-1.0602487365321306E+001
 2.6852899999986048E+000, 2.6852899999986048E+000,-1.0602487365309049E+001
 2.6862899999986047E+000, 2.6862899999986047E+000,-1.0602487365318506E+001
 2.6872899999986046E+000, 2.6872899999986046E+000,-1.0602487365293609E+001
 2.6882899999986045E+000, 2.6882899999986045E+000,-1.0602487365294362E+001
 2.6892899999986044E+000, 2.6892899999986044E+000,-1.0602487365297730E+001
 2.6902899999986043E+000, 2.6902899999986043E+000,-1.0602487365297463E+001
 2.6912899999986042E+000, 2.6912899999986042E+000,-1.0602487365289763E+001
 2.6922899999986041E+000, 2.6922899999986041E+000,-1.0602487365289178E+001
 2.6932899999986040E+000, 2.6932899999986040E+000,-1.0602487365282375E+001
 2.6942899999986039E+000, 2.6942899999986039E+000,-1.0602487365270775E+001
 2.6952899999986037E+000, 2.6952899999986037E+000,-1.0602487365269202E+001
 2.6962899999986036E+000, 2.6962899999986036E+000,-1.0602487365265052E+001
 2.6972899999986035E+000, 2.6972899999986035E+000,-1.0602487365268303E+001
 2.6982899999986034E+000, 2.6982899999986034E+000,-1.0602487365256966E+001
 2.6992899999986033E+000, 2.6992899999986033E+000,-1.0602487365255392E+001
 2.7002899999986032E+000, 2.7002899999986032E+000,-1.0602487365260489E+001
 2.7012899999986031E+000, 2.7012899999986031E+000,-1.0602487365258460E+001
 2.7022899999986030E+000, 2.7022899999986030E+000,-1.0602487365252511E+001
 2.7032899999986029E+000, 2.7032899999986029E+000,-1.0602487365251990E+001
 2.7042899999986028E+000, 2.7042899999986028E+000,-1.0602487365250692E+001
 2.7052899999986026E+000, 2.7052899999986026E+000,-1.0602487365233724E+001
 2.7062899999986025E+000, 2.7062899999986025E+000,-1.0602487365239318E+001
 2.7072899999986024E+000, 2.7072899999986024E+000,-1.0602487365238193E+001
 2.7082899999986023E+000, 2.7082899999986023E+000,-1.0602487365231374E+001
 2.7092899999986022E+000, 2.7092899999986022E+000,-1.0602487365236328E+001
 2.7102899999986021E+000, 2.7102899999986021E+000,-1.0602487365217737E+001
 2.7112899999986020E+000, 2.7112899999986020E+000,-1.0602487365209557E+001
 2.7122899999986019E+000, 2.7122899999986019E+000,-1.0602487365212699E+001
 2.7132899999986018E+000, 2.7132899999986018E+000,-1.0602487365214193E+001
 2.7142899999986017E+000, 2.7142899999986017E+000,-1.0602487365207443E+001
 2.7152899999986015E+000, 2.7152899999986015E+000,-1.0602487365211518E+001
 2.7162899999986014E+000, 2.7162899999986014E+000,-1.0602487365207514E+001
 2.7172899999986013E+000, 2.7172899999986013E+000,-1.0602487365192408E+001
 2.7182899999986012E+000, 2.7182899999986012E+000,-1.0602487365191637E+001
 2.7192899999986011E+000, 2.7192899999986011E+000,-1.0602487365192141E+001
 2.7202899999986010E+000, 2.7202899999986010E+000,-1.0602487365196398E+001
 2.7212899999986009E+000, 2.7212899999986009E+000,-1.0602487365185983E+001
 2.7222899999986008E+000, 2.7222899999986008E+000,-1.0602487365193689E+001
 2.7232899999986007E+000, 2.7232899999986007E+000,-1.0602487365183377E+001
 2.7242899999986006E+000, 2.7242899999986006E+000,-1.0602487365171687E+001
 2.7252899999986004E+000, 2.7252899999986004E+000,-1.0602487365174728E+001
 2.7262899999986003E+000, 2.7262899999986003E+000,-1.0602487365180847E+001
 2.7272899999986002E+000, 2.7272899999986002E+000,-1.0602487365156765E+001
 2.7282899999986001E+000, 2.7282899999986001E+000,-1.0602487365161275E+001
 2.7292899999986000E+000, 2.7292899999986000E+000,-1.0602487365161013E+001
 2.7302899999985999E+000, 2.7302899999985999E+000,-1.0602487365154213E+001
 2.7312899999985998E+000, 2.7312899999985998E+000,-1.0602487365151871E+001
 2.7322899999985997E+000, 2.7322899999985997E+000,-1.0602487365140387E+001
 2.7332899999985996E+000, 2.7332899999985996E+000,-1.0602487365141501E+001
 2.7342899999985995E+000, 2.7342899999985995E+000,-1.0602487365144885E+001
 2.7352899999985993E+000, 2.7352899999985993E+000,-1.0602487365138181E+001
 2.7362899999985992E+000, 2.7362899999985992E+000,-1.0602487365142256E+001
 2.7372899999985991E+000, 2.7372899999985991E+000,-1.0602487365130049E+001
 2.7382899999985990E+000, 2.7382899999985990E+000,-1.0602487365129354E+001
 2.7392899999985989E+000, 2.7392899999985989E+000,-1.0602487365127173E+001
 2.7402899999985988E+000, 2.7402899999985988E+000,-1.0602487365122103E+001
 2.7412899999985987E+000, 2.7412899999985987E+000,-1.0602487365115186E+001
 2.7422899999985986E+000, 2.7422899999985986E+000,-1.0602487365109111E+001
 2.7432899999985985E+000, 2.7432899999985985E+000,-1.0602487365114982E+001
 2.7442899999985984E+000, 2.7442899999985984E+000,-1.0602487365108345E+001
 2.7452899999985982E+000, 2.7452899999985982E+000,-1.0602487365113316E+001
 2.7462899999985981E+000, 2.7462899999985981E+000,-1.0602487365094719E+001
 2.7472899999985980E+000, 2.7472899999985980E+000,-1.0602487365097581E+001
 2.7482899999985979E+000, 2.7482899999985979E+000,-1.0602487365080723E+001
 2.7492899999985978E+000, 2.7492899999985978E+000,-1.0602487365102883E+001
 2.7502899999985977E+000, 2.7502899999985977E+000,-1.0602487365084730E+001
 2.7512899999985976E+000, 2.7512899999985976E+000,-1.0602487365082981E+001
 2.7522899999985975E+000, 2.7522899999985975E+000,-1.0602487365081670E+001
 2.7532899999985974E+000, 2.7532899999985974E+000,-1.0602487365065588E+001
 2.7542899999985972E+000, 2.7542899999985972E+000,-1.0602487365071211E+001
 2.7552899999985971E+000, 2.7552899999985971E+000,-1.0602487365074710E+001
 2.7562899999985970E+000, 2.7562899999985970E+000,-1.0602487365061586E+001
 2.7572899999985969E+000, 2.7572899999985969E+000,-1.0602487365060870E+001
 2.7582899999985968E+000, 2.7582899999985968E+000,-1.0602487365054948E+001
 2.7592899999985967E+000, 2.7592899999985967E+000,-1.0602487365059948E+001
 2.7602899999985966E+000, 2.7602899999985966E+000,-1.0602487365058803E+001
 2.7612899999985965E+000, 2.7612899999985965E+000,-1.0602487365048244E+001
 2.7622899999985964E+000, 2.7622899999985964E+000,-1.0602487365045814E+001
 2.7632899999985963E+000, 2.7632899999985963E+000,-1.0602487365045372E+001
 2.7642899999985961E+000, 2.7642899999985961E+000,-1.0602487365028409E+001
 2.7652899999985960E+000, 2.7652899999985960E+000,-1.0602487365032220E+001
 2.7662899999985959E+000, 2.7662899999985959E+000,-1.0602487365036570E+001
 2.7672899999985958E+000, 2.7672899999985958E+000,-1.0602487365028100E+001
 2.7682899999985957E+000, 2.7682899999985957E+000,-1.0602487365022881E+001
 2.7692899999985956E+000, 2.7692899999985956E+000,-1.0602487365017737E+001
 2.7702899999985955E+000, 2.7702899999985955E+000,-1.0602487365026471E+001
 2.7712899999985954E+000, 2.7712899999985954E+000,-1.0602487365004244E+001
 2.7722899999985953E+000, 2.7722899999985953E+000,-1.0602487365013429E+001
 2.7732899999985952E+000, 2.7732899999985952E+000,-1.0602487365014195E+001
 2.7742899999985950E+000, 2.7742899999985950E+000,-1.0602487365006521E+001
 2.7752899999985949E+000, 2.7752899999985949E+000,-1.0602487365000419E+001
 2.7762899999985948E+000, 2.7762899999985948E+000,-1.0602487364994365E+001
 2.7772899999985947E+000, 2.7772899999985947E+000,-1.0602487364998467E+001
 2.7782899999985946E+000, 2.7782899999985946E+000,-1.0602487364992673E+001
 2.7792899999985945E+000, 2.7792899999985945E+000,-1.0602487364985725E+001
 2.7802899999985944E+000, 2.7802899999985944E+000,-1.0602487364978741E+001
 2.7812899999985943E+000, 2.7812899999985943E+000,-1.0602487364976406E+001
 2.7822899999985942E+000, 2.7822899999985942E+000,-1.0602487364971333E+001
 2.7832899999985941E+000, 2.7832899999985941E+000,-1.0602487364980970E+001
 2.7842899999985939E+000, 2.7842899999985939E+000,-1.0602487364975328E+001
 2.7852899999985938E+000, 2.7852899999985938E+000,-1.0602487364968392E+001
 2.7862899999985937E+000, 2.7862899999985937E+000,-1.0602487364967825E+001
 2.7872899999985936E+000, 2.7872899999985936E+000,-1.0602487364961018E+001
 2.7882899999985935E+000, 2.7882899999985935E+000,-1.0602487364954948E+001
 2.7892899999985934E+000, 2.7892899999985934E+000,-1.0602487364953509E+001
 2.7902899999985933E+000, 2.7902899999985933E+000,-1.0602487364953097E+001
 2.7912899999985932E+000, 2.7912899999985932E+000,-1.0602487364946299E+001
 2.7922899999985931E+000, 2.7922899999985931E+000,-1.0602487364938431E+001
 2.7932899999985930E+000, 2.7932899999985930E+000,-1.0602487364937858E+001
 2.7942899999985928E+000, 2.7942899999985928E+000,-1.0602487364932831E+001
 2.7952899999985927E+000, 2.7952899999985927E+000,-1.0602487364936952E+001
 2.7962899999985926E+000, 2.7962899999985926E+000,-1.0602487364925640E+001
 2.7972899999985925E+000, 2.7972899999985925E+000,-1.0602487364919449E+001
 2.7982899999985924E+000, 2.7982899999985924E+000,-1.0602487364923533E+001
 2.7992899999985923E+000, 2.7992899999985923E+000,-1.0602487364926994E+001
 2.8002899999985922E+000, 2.8002899999985922E+000,-1.0602487364922087E+001
 2.8012899999985921E+000, 2.8012899999985921E+000,-1.0602487364903221E+001
 2.8022899999985920E+000, 2.8022899999985920E+000,-1.0602487364911600E+001
 2.8032899999985919E+000, 2.8032899999985919E+000,-1.0602487364912346E+001
 2.8042899999985917E+000, 2.8042899999985917E+000,-1.0602487364900043E+001
 2.8052899999985916E+000, 2.8052899999985916E+000,-1.0602487364909496E+001
 2.8062899999985915E+000, 2.8062899999985915E+000,-1.0602487364892809E+001
 2.8072899999985914E+000, 2.8072899999985914E+000,-1.0602487364902142E+001
 2.8082899999985913E+000, 2.8082899999985913E+000,-1.0602487364891855E+001
 2.8092899999985912E+000, 2.8092899999985912E+000,-1.0602487364885697E+001
 2.8102899999985911E+000, 2.8102899999985911E+000,-1.0602487364884260E+001
 2.8112899999985910E+000, 2.8112899999985910E+000,-1.0602487364881160E+001
 2.8122899999985909E+000, 2.8122899999985909E+000,-1.0602487364875177E+001
 2.8132899999985908E+000, 2.8132899999985908E+000,-1.0602487364874658E+001
 2.8142899999985906E+000, 2.8142899999985906E+000,-1.0602487364868738E+001
 2.8152899999985905E+000, 2.8152899999985905E+000,-1.0602487364861789E+001
 2.8162899999985904E+000, 2.8162899999985904E+000,-1.0602487364866750E+001
 2.8172899999985903E+000, 2.8172899999985903E+000,-1.0602487364853673E+001
 2.8182899999985902E+000, 2.8182899999985902E+000,-1.0602487364859371E+001
 2.8192899999985901E+000, 2.8192899999985901E+000,-1.0602487364858247E+001
 2.8202899999985900E+000, 2.8202899999985900E+000,-1.0602487364851433E+001
 2.8212899999985899E+000, 2.8212899999985899E+000,-1.0602487364849971E+001
 2.8222899999985898E+000, 2.8222899999985898E+000,-1.0602487364827471E+001
 2.8232899999985896E+000, 2.8232899999985896E+000,-1.0602487364845757E+001
 2.8242899999985895E+000, 2.8242899999985895E+000,-1.0602487364825723E+001
 2.8252899999985894E+000, 2.8252899999985894E+000,-1.0602487364824807E+001
 2.8262899999985893E+000, 2.8262899999985893E+000,-1.0602487364829047E+001
 2.8272899999985892E+000, 2.8272899999985892E+000,-1.0602487364824142E+001
 2.8282899999985891E+000, 2.8282899999985891E+000,-1.0602487364832893E+001
 2.8292899999985890E+000, 2.8292899999985890E+000,-1.0602487364810669E+001
 2.8302899999985889E+000, 2.8302899999985889E+000,-1.0602487364815225E+001
 2.8312899999985888E+000, 2.8312899999985888E+000,-1.0602487364807660E+001
 2.8322899999985887E+000, 2.8322899999985887E+000,-1.0602487364807972E+001
 2.8332899999985885E+000, 2.8332899999985885E+000,-1.0602487364807610E+001
 2.8342899999985884E+000, 2.8342899999985884E+000,-1.0602487364799913E+001
 2.8352899999985883E+000, 2.8352899999985883E+000,-1.0602487364797554E+001
 2.8362899999985882E+000, 2.8362899999985882E+000,-1.0602487364802624E+001
 2.8372899999985881E+000, 2.8372899999985881E+000,-1.0602487364780290E+001
 2.8382899999985880E+000, 2.8382899999985880E+000,-1.0602487364785759E+001
 2.8392899999985879E+000, 2.8392899999985879E+000,-1.0602487364783734E+001
 2.8402899999985878E+000, 2.8402899999985878E+000,-1.0602487364788827E+001
 2.8412899999985877E+000, 2.8412899999985877E+000,-1.0602487364780364E+001
 2.8422899999985876E+000, 2.8422899999985876E+000,-1.0602487364779773E+001
 2.8432899999985874E+000, 2.8432899999985874E+000,-1.0602487364763718E+001
 2.8442899999985873E+000, 2.8442899999985873E+000,-1.0602487364767548E+001
 2.8452899999985872E+000, 2.8452899999985872E+000,-1.0602487364762641E+001
 2.8462899999985871E+000, 2.8462899999985871E+000,-1.0602487364750196E+001
 2.8472899999985870E+000, 2.8472899999985870E+000,-1.0602487364757851E+001
 2.8482899999985869E+000, 2.8482899999985869E+000,-1.0602487364742004E+001
 2.8492899999985868E+000, 2.8492899999985868E+000,-1.0602487364746732E+001
 2.8502899999985867E+000, 2.8502899999985867E+000,-1.0602487364751108E+001
 2.8512899999985866E+000, 2.8512899999985866E+000,-1.0602487364738913E+001
 2.8522899999985865E+000, 2.8522899999985865E+000,-1.0602487364730901E+001
 2.8532899999985863E+000, 2.8532899999985863E+000,-1.0602487364742260E+001
 2.8542899999985862E+000, 2.8542899999985862E+000,-1.0602487364734873E+001
 2.8552899999985861E+000, 2.8552899999985861E+000,-1.0602487364735197E+001
 2.8562899999985860E+000, 2.8562899999985860E+000,-1.0602487364724681E+001
 2.8572899999985859E+000, 2.8572899999985859E+000,-1.0602487364715817E+001
 2.8582899999985858E+000, 2.8582899999985858E+000,-1.0602487364721624E+001
 2.8592899999985857E+000, 2.8592899999985857E+000,-1.0602487364710358E+001
 2.8602899999985856E+000, 2.8602899999985856E+000,-1.0602487364704166E+001
 2.8612899999985855E+000, 2.8612899999985855E+000,-1.0602487364707358E+001
 2.8622899999985854E+000, 2.8622899999985854E+000,-1.0602487364707063E+001
 2.8632899999985852E+000, 2.8632899999985852E+000,-1.0602487364701167E+001
 2.8642899999985851E+000, 2.8642899999985851E+000,-1.0602487364695106E+001
 2.8652899999985850E+000, 2.8652899999985850E+000,-1.0602487364697403E+001
 2.8662899999985849E+000, 2.8662899999985849E+000,-1.0602487364692468E+001
 2.8672899999985848E+000, 2.8672899999985848E+000,-1.0602487364685540E+001
 2.8682899999985847E+000, 2.8682899999985847E+000,-1.0602487364679462E+001
 2.8692899999985846E+000, 2.8692899999985846E+000,-1.0602487364673408E+001
 2.8702899999985845E+000, 2.8702899999985845E+000,-1.0602487364671990E+001
 2.8712899999985844E+000, 2.8712899999985844E+000,-1.0602487364669765E+001
 2.8722899999985843E+000, 2.8722899999985843E+000,-1.0602487364670232E+001
 2.8732899999985841E+000, 2.8732899999985841E+000,-1.0602487364669875E+001
 2.8742899999985840E+000, 2.8742899999985840E+000,-1.0602487364667693E+001
 2.8752899999985839E+000, 2.8752899999985839E+000,-1.0602487364668150E+001
 2.8762899999985838E+000, 2.8762899999985838E+000,-1.0602487364655845E+001
 2.8772899999985837E+000, 2.8772899999985837E+000,-1.0602487364657989E+001
 2.8782899999985836E+000, 2.8782899999985836E+000,-1.0602487364641100E+001
 2.8792899999985835E+000, 2.8792899999985835E+000,-1.0602487364644912E+001
 2.8802899999985834E+000, 2.8802899999985834E+000,-1.0602487364640012E+001
 2.8812899999985833E+000, 2.8812899999985833E+000,-1.0602487364643244E+001
 2.8822899999985832E+000, 2.8822899999985832E+000,-1.0602487364638321E+001
 2.8832899999985830E+000, 2.8832899999985830E+000,-1.0602487364632294E+001
 2.8842899999985829E+000, 2.8842899999985829E+000,-1.0602487364630861E+001
 2.8852899999985828E+000, 2.8852899999985828E+000,-1.0602487364624022E+001
 2.8862899999985827E+000, 2.8862899999985827E+000,-1.0602487364622583E+001
 2.8872899999985826E+000, 2.8872899999985826E+000,-1.0602487364622171E+001
 2.8882899999985825E+000, 2.8882899999985825E+000,-1.0602487364609841E+001
 2.8892899999985824E+000, 2.8892899999985824E+000,-1.0602487364603629E+001
 2.8902899999985823E+000, 2.8902899999985823E+000,-1.0602487364609502E+001
 2.8912899999985822E+000, 2.8912899999985822E+000,-1.0602487364606596E+001
 2.8922899999985821E+000, 2.8922899999985821E+000,-1.0602487364591367E+001
 2.8932899999985819E+000, 2.8932899999985819E+000,-1.0602487364600737E+001
 2.8942899999985818E+000, 2.8942899999985818E+000,-1.0602487364602553E+001
 2.8952899999985817E+000, 2.8952899999985817E+000,-1.0602487364593864E+001
 2.8962899999985816E+000, 2.8962899999985816E+000,-1.0602487364585944E+001
 2.8972899999985815E+000, 2.8972899999985815E+000,-1.0602487364594609E+001
 2.8982899999985814E+000, 2.8982899999985814E+000,-1.0602487364579694E+001
 2.8992899999985813E+000, 2.8992899999985813E+000,-1.0602487364582649E+001
 2.9002899999985812E+000, 2.9002899999985812E+000,-1.0602487364586988E+001
 2.9012899999985811E+000, 2.9012899999985811E+000,-1.0602487364576564E+001
 2.9022899999985809E+000, 2.9022899999985809E+000,-1.0602487364567715E+001
 2.9032899999985808E+000, 2.9032899999985808E+000,-1.0602487364568008E+001
 2.9042899999985807E+000, 2.9042899999985807E+000,-1.0602487364555691E+001
 2.9052899999985806E+000, 2.9052899999985806E+000,-1.0602487364559618E+001
 2.9062899999985805E+000, 2.9062899999985805E+000,-1.0602487364542785E+001
 2.9072899999985804E+000, 2.9072899999985804E+000,-1.0602487364547487E+001
 2.9082899999985803E+000, 2.9082899999985803E+000,-1.0602487364545444E+001
 2.9092899999985802E+000, 2.9092899999985802E+000,-1.0602487364529347E+001
 2.9102899999985801E+000, 2.9102899999985801E+000,-1.0602487364534062E+001
 2.9112899999985800E+000, 2.9112899999985800E+000,-1.0602487364532029E+001
 2.9122899999985798E+000, 2.9122899999985798E+000,-1.0602487364526965E+001
 2.9132899999985797E+000, 2.9132899999985797E+000,-1.0602487364534822E+001
 2.9142899999985796E+000, 2.9142899999985796E+000,-1.0602487364524498E+001
 2.9152899999985795E+000, 2.9152899999985795E+000,-1.0602487364522968E+001
 2.9162899999985794E+000, 2.9162899999985794E+000,-1.0602487364517014E+001
 2.9172899999985793E+000, 2.9172899999985793E+000,-1.0602487364515587E+001
 2.9182899999985792E+000, 2.9182899999985792E+000,-1.0602487364504135E+001
 2.9192899999985791E+000, 2.9192899999985791E+000,-1.0602487364513600E+001
 2.9202899999985790E+000, 2.9202899999985790E+000,-1.0602487364507962E+001
 2.9212899999985789E+000, 2.9212899999985789E+000,-1.0602487364510269E+001
 2.9222899999985787E+000, 2.9222899999985787E+000,-1.0602487364500700E+001
 2.9232899999985786E+000, 2.9232899999985786E+000,-1.0602487364496508E+001
 2.9242899999985785E+000, 2.9242899999985785E+000,-1.0602487364496913E+001
 2.9252899999985784E+000, 2.9252899999985784E+000,-1.0602487364486398E+001
 2.9262899999985783E+000, 2.9262899999985783E+000,-1.0602487364483949E+001
 2.9272899999985782E+000, 2.9272899999985782E+000,-1.0602487364489935E+001
 2.9282899999985781E+000, 2.9282899999985781E+000,-1.0602487364476879E+001
 2.9292899999985780E+000, 2.9292899999985780E+000,-1.0602487364469745E+001
 2.9302899999985779E+000, 2.9302899999985779E+000,-1.0602487364475582E+001
 2.9312899999985778E+000, 2.9312899999985778E+000,-1.0602487364473586E+001
 2.9322899999985776E+000, 2.9322899999985776E+000,-1.0602487364462103E+001
 2.9332899999985775E+000, 2.9332899999985775E+000,-1.0602487364466066E+001
 2.9342899999985774E+000, 2.9342899999985774E+000,-1.0602487364460250E+001
 2.9352899999985773E+000, 2.9352899999985773E+000,-1.0602487364455097E+001
 2.9362899999985772E+000, 2.9362899999985772E+000,-1.0602487364443547E+001
 2.9372899999985771E+000, 2.9372899999985771E+000,-1.0602487364446604E+001
 2.9382899999985770E+000, 2.9382899999985770E+000,-1.0602487364440790E+001
 2.9392899999985769E+000, 2.9392899999985769E+000,-1.0602487364440250E+001
 2.9402899999985768E+000, 2.9402899999985768E+000,-1.0602487364433452E+001
 2.9412899999985767E+000, 2.9412899999985767E+000,-1.0602487364432012E+001
 2.9422899999985765E+000, 2.9422899999985765E+000,-1.0602487364428891E+001
 2.9432899999985764E+000, 2.9432899999985764E+000,-1.0602487364423810E+001
 2.9442899999985763E+000, 2.9442899999985763E+000,-1.0602487364424199E+001
 2.9452899999985762E+000, 2.9452899999985762E+000,-1.0602487364422048E+001
 2.9462899999985761E+000, 2.9462899999985761E+000,-1.0602487364422508E+001
 2.9472899999985760E+000, 2.9472899999985760E+000,-1.0602487364419453E+001
 2.9482899999985759E+000, 2.9482899999985759E+000,-1.0602487364413477E+001
 2.9492899999985758E+000, 2.9492899999985758E+000,-1.0602487364405636E+001
 2.9502899999985757E+000, 2.9502899999985757E+000,-1.0602487364400428E+001
 2.9512899999985756E+000, 2.9512899999985756E+000,-1.0602487364400812E+001
 2.9522899999985754E+000, 2.9522899999985754E+000,-1.0602487364399542E+001
 2.9532899999985753E+000, 2.9532899999985753E+000,-1.0602487364397344E+001
 2.9542899999985752E+000, 2.9542899999985752E+000,-1.0602487364387658E+001
 2.9552899999985751E+000, 2.9552899999985751E+000,-1.0602487364389873E+001
 2.9562899999985750E+000, 2.9562899999985750E+000,-1.0602487364384928E+001
 2.9572899999985749E+000, 2.9572899999985749E+000,-1.0602487364372479E+001
 2.9582899999985748E+000, 2.9582899999985748E+000,-1.0602487364376401E+001
 2.9592899999985747E+000, 2.9592899999985747E+000,-1.0602487364375241E+001
 2.9602899999985746E+000, 2.9602899999985746E+000,-1.0602487364358263E+001
 2.9612899999985745E+000, 2.9612899999985745E+000,-1.0602487364369384E+001
 2.9622899999985743E+000, 2.9622899999985743E+000,-1.0602487364356470E+001
 2.9632899999985742E+000, 2.9632899999985742E+000,-1.0602487364356634E+001
 2.9642899999985741E+000, 2.9642899999985741E+000,-1.0602487364354483E+001
 2.9652899999985740E+000, 2.9652899999985740E+000,-1.0602487364355841E+001
 2.9662899999985739E+000, 2.9662899999985739E+000,-1.0602487364351013E+001
 2.9672899999985738E+000, 2.9672899999985738E+000,-1.0602487364346786E+001
 2.9682899999985737E+000, 2.9682899999985737E+000,-1.0602487364339881E+001
 2.9692899999985736E+000, 2.9692899999985736E+000,-1.0602487364331122E+001
 2.9702899999985735E+000, 2.9702899999985735E+000,-1.0602487364332301E+001
 2.9712899999985734E+000, 2.9712899999985734E+000,-1.0602487364323748E+001
 2.9722899999985732E+000, 2.9722899999985732E+000,-1.0602487364330457E+001
 2.9732899999985731E+000, 2.9732899999985731E+000,-1.0602487364319217E+001
 2.9742899999985730E+000, 2.9742899999985730E+000,-1.0602487364322281E+001
 2.9752899999985729E+000, 2.9752899999985729E+000,-1.0602487364305420E+001
 2.9762899999985728E+000, 2.9762899999985728E+000,-1.0602487364314753E+001
 2.9772899999985727E+000, 2.9772899999985727E+000,-1.0602487364313724E+001
 2.9782899999985726E+000, 2.9782899999985726E+000,-1.0602487364304064E+001
 2.9792899999985725E+000, 2.9792899999985725E+000,-1.0602487364297014E+001
 2.9802899999985724E+000, 2.9802899999985724E+000,-1.0602487364306606E+001
 2.9812899999985722E+000, 2.9812899999985722E+000,-1.0602487364292760E+001
 2.9822899999985721E+000, 2.9822899999985721E+000,-1.0602487364292909E+001
 2.9832899999985720E+000, 2.9832899999985720E+000,-1.0602487364287015E+001
 2.9842899999985719E+000, 2.9842899999985719E+000,-1.0602487364280964E+001
 2.9852899999985718E+000, 2.9852899999985718E+000,-1.0602487364284165E+001
 2.9862899999985717E+000, 2.9862899999985717E+000,-1.0602487364278350E+001
 2.9872899999985716E+000, 2.9872899999985716E+000,-1.0602487364275134E+001
 2.9882899999985715E+000, 2.9882899999985715E+000,-1.0602487364282881E+001
 2.9892899999985714E+000, 2.9892899999985714E+000,-1.0602487364264356E+001
 2.9902899999985713E+000, 2.9902899999985713E+000,-1.0602487364261703E+001
 2.9912899999985711E+000, 2.9912899999985711E+000,-1.0602487364262142E+001
 2.9922899999985710E+000, 2.9922899999985710E+000,-1.0602487364254474E+001
 2.9932899999985709E+000, 2.9932899999985709E+000,-1.0602487364253886E+001
 2.9942899999985708E+000, 2.9942899999985708E+000,-1.0602487364259019E+001
 2.9952899999985707E+000, 2.9952899999985707E+000,-1.0602487364241327E+001
 2.9962899999985706E+000, 2.9962899999985706E+000,-1.0602487364241368E+001
 2.9972899999985705E+000, 2.9972899999985705E+000,-1.0602487364233692E+001
 2.9982899999985704E+000, 2.9982899999985704E+000,-1.0602487364239535E+001
 2.9992899999985703E+000, 2.9992899999985703E+000,-1.0602487364236616E+001
 3.0002899999985702E+000, 3.0002899999985702E+000,-1.0602487364236165E+001
 3.0012899999985700E+000, 3.0012899999985700E+000,-1.0602487364241302E+001
 3.0022899999985699E+000, 3.0022899999985699E+000,-1.0602487364224494E+001
 3.0032899999985698E+000, 3.0032899999985698E+000,-1.0602487364222789E+001
 3.0042899999985697E+000, 3.0042899999985697E+000,-1.0602487364222361E+001
 3.0052899999985696E+000, 3.0052899999985696E+000,-1.0602487364210042E+001
 3.0062899999985695E+000, 3.0062899999985695E+000,-1.0602487364209336E+001
 3.0072899999985694E+000, 3.0072899999985694E+000,-1.0602487364203428E+001
 3.0082899999985693E+000, 3.0082899999985693E+000,-1.0602487364201998E+001
 3.0092899999985692E+000, 3.0092899999985692E+000,-1.0602487364195177E+001
 3.0102899999985691E+000, 3.0102899999985691E+000,-1.0602487364194619E+001
 3.0112899999985689E+000, 3.0112899999985689E+000,-1.0602487364188701E+001
 3.0122899999985688E+000, 3.0122899999985688E+000,-1.0602487364192786E+001
 3.0132899999985687E+000, 3.0132899999985687E+000,-1.0602487364191624E+001
 3.0142899999985686E+000, 3.0142899999985686E+000,-1.0602487364179293E+001
 3.0152899999985685E+000, 3.0152899999985685E+000,-1.0602487364184107E+001
 3.0162899999985684E+000, 3.0162899999985684E+000,-1.0602487364178334E+001
 3.0172899999985683E+000, 3.0172899999985683E+000,-1.0602487364171395E+001
 3.0182899999985682E+000, 3.0182899999985682E+000,-1.0602487364169040E+001
 3.0192899999985681E+000, 3.0192899999985681E+000,-1.0602487364167706E+001
 3.0202899999985680E+000, 3.0202899999985680E+000,-1.0602487364162670E+001
 3.0212899999985678E+000, 3.0212899999985678E+000,-1.0602487364163053E+001
 3.0222899999985677E+000, 3.0222899999985677E+000,-1.0602487364154486E+001
 3.0232899999985676E+000, 3.0232899999985676E+000,-1.0602487364151045E+001
 3.0242899999985675E+000, 3.0242899999985675E+000,-1.0602487364153413E+001
 3.0252899999985674E+000, 3.0252899999985674E+000,-1.0602487364153998E+001
 3.0262899999985673E+000, 3.0262899999985673E+000,-1.0602487364144539E+001
 3.0272899999985672E+000, 3.0272899999985672E+000,-1.0602487364139282E+001
 3.0282899999985671E+000, 3.0282899999985671E+000,-1.0602487364137867E+001
 3.0292899999985670E+000, 3.0292899999985670E+000,-1.0602487364126420E+001
 3.0302899999985669E+000, 3.0302899999985669E+000,-1.0602487364123958E+001
 3.0312899999985667E+000, 3.0312899999985667E+000,-1.0602487364129036E+001
 3.0322899999985666E+000, 3.0322899999985666E+000,-1.0602487364111330E+001
 3.0332899999985665E+000, 3.0332899999985665E+000,-1.0602487364105862E+001
 3.0342899999985664E+000, 3.0342899999985664E+000,-1.0602487364115497E+001
 3.0352899999985663E+000, 3.0352899999985663E+000,-1.0602487364115365E+001
 3.0362899999985662E+000, 3.0362899999985662E+000,-1.0602487364114088E+001
 3.0372899999985661E+000, 3.0372899999985661E+000,-1.0602487364090706E+001
 3.0382899999985660E+000, 3.0382899999985660E+000,-1.0602487364111800E+001
 3.0392899999985659E+000, 3.0392899999985659E+000,-1.0602487364106452E+001
 3.0402899999985658E+000, 3.0402899999985658E+000,-1.0602487364099520E+001
 3.0412899999985656E+000, 3.0412899999985656E+000,-1.0602487364087025E+001
 3.0422899999985655E+000, 3.0422899999985655E+000,-1.0602487364092742E+001
 3.0432899999985654E+000, 3.0432899999985654E+000,-1.0602487364079680E+001
 3.0442899999985653E+000, 3.0442899999985653E+000,-1.0602487364073442E+001
 3.0452899999985652E+000, 3.0452899999985652E+000,-1.0602487364077534E+001
 3.0462899999985651E+000, 3.0462899999985651E+000,-1.0602487364075461E+001
 3.0472899999985650E+000, 3.0472899999985650E+000,-1.0602487364059371E+001
 3.0482899999985649E+000, 3.0482899999985649E+000,-1.0602487364059469E+001
 3.0492899999985648E+000, 3.0492899999985648E+000,-1.0602487364061922E+001
 3.0502899999985646E+000, 3.0502899999985646E+000,-1.0602487364056984E+001
 3.0512899999985645E+000, 3.0512899999985645E+000,-1.0602487364049177E+001
 3.0522899999985644E+000, 3.0522899999985644E+000,-1.0602487364055003E+001
 3.0532899999985643E+000, 3.0532899999985643E+000,-1.0602487364052994E+001
 3.0542899999985642E+000, 3.0542899999985642E+000,-1.0602487364042409E+001
 3.0552899999985641E+000, 3.0552899999985641E+000,-1.0602487364045498E+001
 3.0562899999985640E+000, 3.0562899999985640E+000,-1.0602487364034161E+001
 3.0572899999985639E+000, 3.0572899999985639E+000,-1.0602487364032587E+001
 3.0582899999985638E+000, 3.0582899999985638E+000,-1.0602487364037689E+001
 3.0592899999985637E+000, 3.0592899999985637E+000,-1.0602487364026411E+001
 3.0602899999985635E+000, 3.0602899999985635E+000,-1.0602487364024839E+001
 3.0612899999985634E+000, 3.0612899999985634E+000,-1.0602487364024432E+001
 3.0622899999985633E+000, 3.0622899999985633E+000,-1.0602487364028663E+001
 3.0632899999985632E+000, 3.0632899999985632E+000,-1.0602487364010939E+001
 3.0642899999985631E+000, 3.0642899999985631E+000,-1.0602487364013811E+001
 3.0652899999985630E+000, 3.0652899999985630E+000,-1.0602487364019938E+001
 3.0662899999985629E+000, 3.0662899999985629E+000,-1.0602487364012417E+001
 3.0672899999985628E+000, 3.0672899999985628E+000,-1.0602487363996172E+001
 3.0682899999985627E+000, 3.0682899999985627E+000,-1.0602487363989844E+001
 3.0692899999985626E+000, 3.0692899999985626E+000,-1.0602487363989303E+001
 3.0702899999985624E+000, 3.0702899999985624E+000,-1.0602487363992651E+001
 3.0712899999985623E+000, 3.0712899999985623E+000,-1.0602487363992344E+001
 3.0722899999985622E+000, 3.0722899999985622E+000,-1.0602487363984658E+001
 3.0732899999985621E+000, 3.0732899999985621E+000,-1.0602487363978570E+001
 3.0742899999985620E+000, 3.0742899999985620E+000,-1.0602487363972495E+001
 3.0752899999985619E+000, 3.0752899999985619E+000,-1.0602487363966443E+001
 3.0762899999985618E+000, 3.0762899999985618E+000,-1.0602487363969646E+001
 3.0772899999985617E+000, 3.0772899999985617E+000,-1.0602487363959201E+001
 3.0782899999985616E+000, 3.0782899999985616E+000,-1.0602487363967800E+001
 3.0792899999985615E+000, 3.0792899999985615E+000,-1.0602487363962140E+001
 3.0802899999985613E+000, 3.0802899999985613E+000,-1.0602487363950573E+001
 3.0812899999985612E+000, 3.0812899999985612E+000,-1.0602487363949884E+001
 3.0822899999985611E+000, 3.0822899999985611E+000,-1.0602487363960527E+001
 3.0832899999985610E+000, 3.0832899999985610E+000,-1.0602487363954021E+001
 3.0842899999985609E+000, 3.0842899999985609E+000,-1.0602487363947056E+001
 3.0852899999985608E+000, 3.0852899999985608E+000,-1.0602487363944704E+001
 3.0862899999985607E+000, 3.0862899999985607E+000,-1.0602487363938749E+001
 3.0872899999985606E+000, 3.0872899999985606E+000,-1.0602487363931798E+001
 3.0882899999985605E+000, 3.0882899999985605E+000,-1.0602487363926613E+001
 3.0892899999985604E+000, 3.0892899999985604E+000,-1.0602487363925199E+001
 3.0902899999985602E+000, 3.0902899999985602E+000,-1.0602487363928521E+001
 3.0912899999985601E+000, 3.0912899999985601E+000,-1.0602487363923606E+001
 3.0922899999985600E+000, 3.0922899999985600E+000,-1.0602487363923098E+001
 3.0932899999985599E+000, 3.0932899999985599E+000,-1.0602487363915404E+001
 3.0942899999985598E+000, 3.0942899999985598E+000,-1.0602487363909304E+001
 3.0952899999985597E+000, 3.0952899999985597E+000,-1.0602487363902345E+001
 3.0962899999985596E+000, 3.0962899999985596E+000,-1.0602487363908198E+001
 3.0972899999985595E+000, 3.0972899999985595E+000,-1.0602487363896046E+001
 3.0982899999985594E+000, 3.0982899999985594E+000,-1.0602487363901767E+001
 3.0992899999985593E+000, 3.0992899999985593E+000,-1.0602487363893342E+001
 3.1002899999985591E+000, 3.1002899999985591E+000,-1.0602487363892742E+001
 3.1012899999985590E+000, 3.1012899999985590E+000,-1.0602487363881309E+001
 3.1022899999985589E+000, 3.1022899999985589E+000,-1.0602487363889878E+001
 3.1032899999985588E+000, 3.1032899999985588E+000,-1.0602487363873159E+001
 3.1042899999985587E+000, 3.1042899999985587E+000,-1.0602487363876081E+001
 3.1052899999985586E+000, 3.1052899999985586E+000,-1.0602487363872044E+001
 3.1062899999985585E+000, 3.1062899999985585E+000,-1.0602487363865153E+001
 3.1072899999985584E+000, 3.1072899999985584E+000,-1.0602487363867423E+001
 3.1082899999985583E+000, 3.1082899999985583E+000,-1.0602487363864281E+001
 3.1092899999985582E+000, 3.1092899999985582E+000,-1.0602487363855618E+001
 3.1102899999985580E+000, 3.1102899999985580E+000,-1.0602487363849486E+001
 3.1112899999985579E+000, 3.1112899999985579E+000,-1.0602487363859098E+001
 3.1122899999985578E+000, 3.1122899999985578E+000,-1.0602487363847041E+001
 3.1132899999985577E+000, 3.1132899999985577E+000,-1.0602487363841721E+001
 3.1142899999985576E+000, 3.1142899999985576E+000,-1.0602487363844936E+001
 3.1152899999985575E+000, 3.1152899999985575E+000,-1.0602487363835383E+001
 3.1162899999985574E+000, 3.1162899999985574E+000,-1.0602487363828345E+001
 3.1172899999985573E+000, 3.1172899999985573E+000,-1.0602487363820478E+001
 3.1182899999985572E+000, 3.1182899999985572E+000,-1.0602487363831825E+001
 3.1192899999985571E+000, 3.1192899999985571E+000,-1.0602487363824446E+001
 3.1202899999985569E+000, 3.1202899999985569E+000,-1.0602487363819241E+001
 3.1212899999985568E+000, 3.1212899999985568E+000,-1.0602487363811413E+001
 3.1222899999985567E+000, 3.1222899999985567E+000,-1.0602487363814557E+001
 3.1232899999985566E+000, 3.1232899999985566E+000,-1.0602487363808756E+001
 3.1242899999985565E+000, 3.1242899999985565E+000,-1.0602487363810017E+001
 3.1252899999985564E+000, 3.1252899999985564E+000,-1.0602487363801472E+001
 3.1262899999985563E+000, 3.1262899999985563E+000,-1.0602487363801758E+001
 3.1272899999985562E+000, 3.1272899999985562E+000,-1.0602487363799586E+001
 3.1282899999985561E+000, 3.1282899999985561E+000,-1.0602487363800954E+001
 3.1292899999985559E+000, 3.1292899999985559E+000,-1.0602487363787784E+001
 3.1302899999985558E+000, 3.1302899999985558E+000,-1.0602487363786164E+001
 3.1312899999985557E+000, 3.1312899999985557E+000,-1.0602487363780227E+001
 3.1322899999985556E+000, 3.1322899999985556E+000,-1.0602487363777900E+001
 3.1332899999985555E+000, 3.1332899999985555E+000,-1.0602487363771941E+001
 3.1342899999985554E+000, 3.1342899999985554E+000,-1.0602487363776930E+001
 3.1352899999985553E+000, 3.1352899999985553E+000,-1.0602487363770265E+001
 3.1362899999985552E+000, 3.1362899999985552E+000,-1.0602487363762416E+001
 3.1372899999985551E+000, 3.1372899999985551E+000,-1.0602487363762725E+001
 3.1382899999985550E+000, 3.1382899999985550E+000,-1.0602487363762350E+001
 3.1392899999985548E+000, 3.1392899999985548E+000,-1.0602487363753765E+001
 3.1402899999985547E+000, 3.1402899999985547E+000,-1.0602487363754943E+001
 3.1412899999985546E+000, 3.1412899999985546E+000,-1.0602487363752818E+001
 3.1422899999985545E+000, 3.1422899999985545E+000,-1.0602487363742238E+001
 3.1432899999985544E+000, 3.1432899999985544E+000,-1.0602487363740678E+001
 3.1442899999985543E+000, 3.1442899999985543E+000,-1.0602487363740263E+001
 3.1452899999985542E+000, 3.1452899999985542E+000,-1.0602487363728830E+001
 3.1462899999985541E+000, 3.1462899999985541E+000,-1.0602487363727271E+001
 3.1472899999985540E+000, 3.1472899999985540E+000,-1.0602487363728789E+001
 3.1482899999985539E+000, 3.1482899999985539E+000,-1.0602487363708159E+001
 3.1492899999985537E+000, 3.1492899999985537E+000,-1.0602487363718282E+001
 3.1502899999985536E+000, 3.1502899999985536E+000,-1.0602487363712656E+001
 3.1512899999985535E+000, 3.1512899999985535E+000,-1.0602487363706613E+001
 3.1522899999985534E+000, 3.1522899999985534E+000,-1.0602487363709796E+001
 3.1532899999985533E+000, 3.1532899999985533E+000,-1.0602487363703991E+001
 3.1542899999985532E+000, 3.1542899999985532E+000,-1.0602487363692422E+001
 3.1552899999985531E+000, 3.1552899999985531E+000,-1.0602487363689947E+001
 3.1562899999985530E+000, 3.1562899999985530E+000,-1.0602487363700543E+001
 3.1572899999985529E+000, 3.1572899999985529E+000,-1.0602487363695829E+001
 3.1582899999985528E+000, 3.1582899999985528E+000,-1.0602487363692633E+001
 3.1592899999985526E+000, 3.1592899999985526E+000,-1.0602487363701439E+001
 3.1602899999985525E+000, 3.1602899999985525E+000,-1.0602487363685619E+001
 3.1612899999985524E+000, 3.1612899999985524E+000,-1.0602487363678412E+001
 3.1622899999985523E+000, 3.1622899999985523E+000,-1.0602487363677842E+001
 3.1632899999985522E+000, 3.1632899999985522E+000,-1.0602487363671928E+001
 3.1642899999985521E+000, 3.1642899999985521E+000,-1.0602487363670498E+001
 3.1652899999985520E+000, 3.1652899999985520E+000,-1.0602487363669198E+001
 3.1662899999985519E+000, 3.1662899999985519E+000,-1.0602487363669686E+001
 3.1672899999985518E+000, 3.1672899999985518E+000,-1.0602487363667526E+001
 3.1682899999985517E+000, 3.1682899999985517E+000,-1.0602487363656950E+001
 3.1692899999985515E+000, 3.1692899999985515E+000,-1.0602487363643460E+001
 3.1702899999985514E+000, 3.1702899999985514E+000,-1.0602487363647354E+001
 3.1712899999985513E+000, 3.1712899999985513E+000,-1.0602487363641558E+001
 3.1722899999985512E+000, 3.1722899999985512E+000,-1.0602487363636403E+001
 3.1732899999985511E+000, 3.1732899999985511E+000,-1.0602487363628587E+001
 3.1742899999985510E+000, 3.1742899999985510E+000,-1.0602487363634419E+001
 3.1752899999985509E+000, 3.1752899999985509E+000,-1.0602487363620462E+001
 3.1762899999985508E+000, 3.1762899999985508E+000,-1.0602487363625247E+001
 3.1772899999985507E+000, 3.1772899999985507E+000,-1.0602487363619476E+001
 3.1782899999985506E+000, 3.1782899999985506E+000,-1.0602487363623574E+001
 3.1792899999985504E+000, 3.1792899999985504E+000,-1.0602487363628825E+001
 3.1802899999985503E+000, 3.1802899999985503E+000,-1.0602487363615754E+001
 3.1812899999985502E+000, 3.1812899999985502E+000,-1.0602487363609516E+001
 3.1822899999985501E+000, 3.1822899999985501E+000,-1.0602487363608972E+001
 3.1832899999985500E+000, 3.1832899999985500E+000,-1.0602487363613211E+001
 3.1842899999985499E+000, 3.1842899999985499E+000,-1.0602487363602798E+001
 3.1852899999985498E+000, 3.1852899999985498E+000,-1.0602487363600355E+001
 3.1862899999985497E+000, 3.1862899999985497E+000,-1.0602487363605436E+001
 3.1872899999985496E+000, 3.1872899999985496E+000,-1.0602487363582210E+001
 3.1882899999985495E+000, 3.1882899999985495E+000,-1.0602487363592269E+001
 3.1892899999985493E+000, 3.1892899999985493E+000,-1.0602487363585734E+001
 3.1902899999985492E+000, 3.1902899999985492E+000,-1.0602487363573262E+001
 3.1912899999985491E+000, 3.1912899999985491E+000,-1.0602487363572555E+001
 3.1922899999985490E+000, 3.1922899999985490E+000,-1.0602487363572152E+001
 3.1932899999985489E+000, 3.1932899999985489E+000,-1.0602487363565354E+001
 3.1942899999985488E+000, 3.1942899999985488E+000,-1.0602487363563906E+001
 3.1952899999985487E+000, 3.1952899999985487E+000,-1.0602487363558861E+001
 3.1962899999985486E+000, 3.1962899999985486E+000,-1.0602487363551944E+001
 3.1972899999985485E+000, 3.1972899999985485E+000,-1.0602487363556008E+001
 3.1982899999985483E+000, 3.1982899999985483E+000,-1.0602487363550216E+001
 3.1992899999985482E+000, 3.1992899999985482E+000,-1.0602487363548789E+001
 3.2002899999985481E+000, 3.2002899999985481E+000,-1.0602487363541972E+001
 3.2012899999985480E+000, 3.2012899999985480E+000,-1.0602487363541401E+001
 3.2022899999985479E+000, 3.2022899999985479E+000,-1.0602487363533708E+001
 3.2032899999985478E+000, 3.2032899999985478E+000,-1.0602487363526716E+001
 3.2042899999985477E+000, 3.2042899999985477E+000,-1.0602487363534365E+001
 3.2052899999985476E+000, 3.2052899999985476E+000,-1.0602487363530605E+001
 3.2062899999985475E+000, 3.2062899999985475E+000,-1.0602487363531019E+001
 3.2072899999985474E+000, 3.2072899999985474E+000,-1.0602487363529759E+001
 3.2082899999985472E+000, 3.2082899999985472E+000,-1.0602487363519204E+001
 3.2092899999985471E+000, 3.2092899999985471E+000,-1.0602487363521391E+001
 3.2102899999985470E+000, 3.2102899999985470E+000,-1.0602487363506295E+001
 3.2112899999985469E+000, 3.2112899999985469E+000,-1.0602487363504627E+001
 3.2122899999985468E+000, 3.2122899999985468E+000,-1.0602487363518085E+001
 3.2132899999985467E+000, 3.2132899999985467E+000,-1.0602487363503290E+001
 3.2142899999985466E+000, 3.2142899999985466E+000,-1.0602487363497001E+001
 3.2152899999985465E+000, 3.2152899999985465E+000,-1.0602487363501092E+001
 3.2162899999985464E+000, 3.2162899999985464E+000,-1.0602487363487089E+001
 3.2172899999985463E+000, 3.2172899999985463E+000,-1.0602487363487235E+001
 3.2182899999985461E+000, 3.2182899999985461E+000,-1.0602487363480458E+001
 3.2192899999985460E+000, 3.2192899999985460E+000,-1.0602487363485421E+001
 3.2202899999985459E+000, 3.2202899999985459E+000,-1.0602487363478758E+001
 3.2212899999985458E+000, 3.2212899999985458E+000,-1.0602487363472685E+001
 3.2222899999985457E+000, 3.2222899999985457E+000,-1.0602487363472154E+001
 3.2232899999985456E+000, 3.2232899999985456E+000,-1.0602487363470868E+001
 3.2242899999985455E+000, 3.2242899999985455E+000,-1.0602487363464929E+001
 3.2252899999985454E+000, 3.2252899999985454E+000,-1.0602487363457085E+001
 3.2262899999985453E+000, 3.2262899999985453E+000,-1.0602487363462027E+001
 3.2272899999985452E+000, 3.2272899999985452E+000,-1.0602487363456254E+001
 3.2282899999985450E+000, 3.2282899999985450E+000,-1.0602487363454838E+001
 3.2292899999985449E+000, 3.2292899999985449E+000,-1.0602487363459952E+001
 3.2302899999985448E+000, 3.2302899999985448E+000,-1.0602487363445977E+001
 3.2312899999985447E+000, 3.2312899999985447E+000,-1.0602487363446137E+001
 3.2322899999985446E+000, 3.2322899999985446E+000,-1.0602487363433820E+001
 3.2332899999985445E+000, 3.2332899999985445E+000,-1.0602487363437746E+001
 3.2342899999985444E+000, 3.2342899999985444E+000,-1.0602487363431061E+001
 3.2352899999985443E+000, 3.2352899999985443E+000,-1.0602487363425881E+001
 3.2362899999985442E+000, 3.2362899999985442E+000,-1.0602487363423579E+001
 3.2372899999985441E+000, 3.2372899999985441E+000,-1.0602487363419407E+001
 3.2382899999985439E+000, 3.2382899999985439E+000,-1.0602487363417131E+001
 3.2392899999985438E+000, 3.2392899999985438E+000,-1.0602487363428644E+001
 3.2402899999985437E+000, 3.2402899999985437E+000,-1.0602487363410209E+001
 3.2412899999985436E+000, 3.2412899999985436E+000,-1.0602487363403828E+001
 3.2422899999985435E+000, 3.2422899999985435E+000,-1.0602487363392239E+001
 3.2432899999985434E+000, 3.2432899999985434E+000,-1.0602487363399920E+001
 3.2442899999985433E+000, 3.2442899999985433E+000,-1.0602487363398851E+001
 3.2452899999985432E+000, 3.2452899999985432E+000,-1.0602487363400227E+001
 3.2462899999985431E+000, 3.2462899999985431E+000,-1.0602487363381542E+001
 3.2472899999985430E+000, 3.2472899999985430E+000,-1.0602487363380671E+001
 3.2482899999985428E+000, 3.2482899999985428E+000,-1.0602487363380275E+001
 3.2492899999985427E+000, 3.2492899999985427E+000,-1.0602487363368841E+001
 3.2502899999985426E+000, 3.2502899999985426E+000,-1.0602487363371896E+001
 3.2512899999985425E+000, 3.2512899999985425E+000,-1.0602487363377129E+001
 3.2522899999985424E+000, 3.2522899999985424E+000,-1.0602487363360323E+001
 3.2532899999985423E+000, 3.2532899999985423E+000,-1.0602487363358600E+001
 3.2542899999985422E+000, 3.2542899999985422E+000,-1.0602487363363700E+001
 3.2552899999985421E+000, 3.2552899999985421E+000,-1.0602487363363467E+001
 3.2562899999985420E+000, 3.2562899999985420E+000,-1.0602487363346524E+001
 3.2572899999985419E+000, 3.2572899999985419E+000,-1.0602487363355845E+001
 3.2582899999985417E+000, 3.2582899999985417E+000,-1.0602487363342874E+001
 3.2592899999985416E+000, 3.2592899999985416E+000,-1.0602487363347679E+001
 3.2602899999985415E+000, 3.2602899999985415E+000,-1.0602487363340117E+001
 3.2612899999985414E+000, 3.2612899999985414E+000,-1.0602487363330303E+001
 3.2622899999985413E+000, 3.2622899999985413E+000,-1.0602487363332493E+001
 3.2632899999985412E+000, 3.2632899999985412E+000,-1.0602487363326665E+001
 3.2642899999985411E+000, 3.2642899999985411E+000,-1.0602487363327921E+001
 3.2652899999985410E+000, 3.2652899999985410E+000,-1.0602487363319376E+001
 3.2662899999985409E+000, 3.2662899999985409E+000,-1.0602487363318762E+001
 3.2672899999985408E+000, 3.2672899999985408E+000,-1.0602487363311962E+001
 3.2682899999985406E+000, 3.2682899999985406E+000,-1.0602487363310516E+001
 3.2692899999985405E+000, 3.2692899999985405E+000,-1.0602487363310996E+001
 3.2702899999985404E+000, 3.2702899999985404E+000,-1.0602487363308841E+001
 3.2712899999985403E+000, 3.2712899999985403E+000,-1.0602487363313928E+001
 3.2722899999985402E+000, 3.2722899999985402E+000,-1.0602487363295333E+001
 3.2732899999985401E+000, 3.2732899999985401E+000,-1.0602487363295360E+001
 3.2742899999985400E+000, 3.2742899999985400E+000,-1.0602487363288564E+001
 3.2752899999985399E+000, 3.2752899999985399E+000,-1.0602487363291743E+001
 3.2762899999985398E+000, 3.2762899999985398E+000,-1.0602487363287713E+001
 3.2772899999985396E+000, 3.2772899999985396E+000,-1.0602487363275294E+001
 3.2782899999985395E+000, 3.2782899999985395E+000,-1.0602487363278321E+001
 3.2792899999985394E+000, 3.2792899999985394E+000,-1.0602487363273399E+001
 3.2802899999985393E+000, 3.2802899999985393E+000,-1.0602487363271120E+001
 3.2812899999985392E+000, 3.2812899999985392E+000,-1.0602487363265151E+001
 3.2822899999985391E+000, 3.2822899999985391E+000,-1.0602487363270145E+001
 3.2832899999985390E+000, 3.2832899999985390E+000,-1.0602487363264373E+001
 3.2842899999985389E+000, 3.2842899999985389E+000,-1.0602487363257433E+001
 3.2852899999985388E+000, 3.2852899999985388E+000,-1.0602487363256870E+001
 3.2862899999985387E+000, 3.2862899999985387E+000,-1.0602487363244553E+001
 3.2872899999985385E+000, 3.2872899999985385E+000,-1.0602487363247574E+001
 3.2882899999985384E+000, 3.2882899999985384E+000,-1.0602487363243556E+001
 3.2892899999985383E+000, 3.2892899999985383E+000,-1.0602487363246791E+001
 3.2902899999985382E+000, 3.2902899999985382E+000,-1.0602487363240979E+001
 3.2912899999985381E+000, 3.2912899999985381E+000,-1.0602487363228517E+001
 3.2922899999985380E+000, 3.2922899999985380E+000,-1.0602487363221398E+001
 3.2932899999985379E+000, 3.2932899999985379E+000,-1.0602487363221734E+001
 3.2942899999985378E+000, 3.2942899999985378E+000,-1.0602487363230617E+001
 3.2952899999985377E+000, 3.2952899999985377E+000,-1.0602487363219428E+001
 3.2962899999985376E+000, 3.2962899999985376E+000,-1.0602487363219652E+001
 3.2972899999985374E+000, 3.2972899999985374E+000,-1.0602487363217497E+001
 3.2982899999985373E+000, 3.2982899999985373E+000,-1.0602487363209750E+001
 3.2992899999985372E+000, 3.2992899999985372E+000,-1.0602487363213793E+001
 3.3002899999985371E+000, 3.3002899999985371E+000,-1.0602487363196969E+001
 3.3012899999985370E+000, 3.3012899999985370E+000,-1.0602487363196152E+001
 3.3022899999985369E+000, 3.3022899999985369E+000,-1.0602487363200364E+001
 3.3032899999985368E+000, 3.3032899999985368E+000,-1.0602487363189066E+001
 3.3042899999985367E+000, 3.3042899999985367E+000,-1.0602487363188398E+001
 3.3052899999985366E+000, 3.3052899999985366E+000,-1.0602487363192623E+001
 3.3062899999985365E+000, 3.3062899999985365E+000,-1.0602487363181314E+001
 3.3072899999985363E+000, 3.3072899999985363E+000,-1.0602487363175129E+001
 3.3082899999985362E+000, 3.3082899999985362E+000,-1.0602487363172783E+001
 3.3092899999985361E+000, 3.3092899999985361E+000,-1.0602487363173244E+001
 3.3102899999985360E+000, 3.3102899999985360E+000,-1.0602487363171093E+001
 3.3112899999985359E+000, 3.3112899999985359E+000,-1.0602487363169772E+001
 3.3122899999985358E+000, 3.3122899999985358E+000,-1.0602487363152793E+001
 3.3132899999985357E+000, 3.3132899999985357E+000,-1.0602487363157497E+001
 3.3142899999985356E+000, 3.3142899999985356E+000,-1.0602487363156342E+001
 3.3152899999985355E+000, 3.3152899999985355E+000,-1.0602487363160563E+001
 3.3162899999985354E+000, 3.3162899999985354E+000,-1.0602487363150152E+001
 3.3172899999985352E+000, 3.3172899999985352E+000,-1.0602487363154124E+001
 3.3182899999985351E+000, 3.3182899999985351E+000,-1.0602487363152967E+001
 3.3192899999985350E+000, 3.3192899999985350E+000,-1.0602487363141512E+001
 3.3202899999985349E+000, 3.3202899999985349E+000,-1.0602487363133523E+001
 3.3212899999985348E+000, 3.3212899999985348E+000,-1.0602487363139350E+001
 3.3222899999985347E+000, 3.3222899999985347E+000,-1.0602487363130930E+001
 3.3232899999985346E+000, 3.3232899999985346E+000,-1.0602487363132106E+001
 3.3242899999985345E+000, 3.3242899999985345E+000,-1.0602487363124453E+001
 3.3252899999985344E+000, 3.3252899999985344E+000,-1.0602487363123879E+001
 3.3262899999985343E+000, 3.3262899999985343E+000,-1.0602487363122584E+001
 3.3272899999985341E+000, 3.3272899999985341E+000,-1.0602487363116671E+001
 3.3282899999985340E+000, 3.3282899999985340E+000,-1.0602487363114346E+001
 3.3292899999985339E+000, 3.3292899999985339E+000,-1.0602487363103760E+001
 3.3302899999985338E+000, 3.3302899999985338E+000,-1.0602487363096674E+001
 3.3312899999985337E+000, 3.3312899999985337E+000,-1.0602487363104480E+001
 3.3322899999985336E+000, 3.3322899999985336E+000,-1.0602487363095054E+001
 3.3332899999985335E+000, 3.3332899999985335E+000,-1.0602487363090702E+001
 3.3342899999985334E+000, 3.3342899999985334E+000,-1.0602487363093051E+001
 3.3352899999985333E+000, 3.3352899999985333E+000,-1.0602487363075280E+001
 3.3362899999985332E+000, 3.3362899999985332E+000,-1.0602487363075323E+001
 3.3372899999985330E+000, 3.3372899999985330E+000,-1.0602487363079579E+001
 3.3382899999985329E+000, 3.3382899999985329E+000,-1.0602487363072004E+001
 3.3392899999985328E+000, 3.3392899999985328E+000,-1.0602487363065906E+001
 3.3402899999985327E+000, 3.3402899999985327E+000,-1.0602487363059847E+001
 3.3412899999985326E+000, 3.3412899999985326E+000,-1.0602487363059309E+001
 3.3422899999985325E+000, 3.3422899999985325E+000,-1.0602487363046990E+001
 3.3432899999985324E+000, 3.3432899999985324E+000,-1.0602487363050910E+001
 3.3442899999985323E+000, 3.3442899999985323E+000,-1.0602487363060787E+001
 3.3452899999985322E+000, 3.3452899999985322E+000,-1.0602487363055150E+001
 3.3462899999985320E+000, 3.3462899999985320E+000,-1.0602487363044485E+001
 3.3472899999985319E+000, 3.3472899999985319E+000,-1.0602487363053065E+001
 3.3482899999985318E+000, 3.3482899999985318E+000,-1.0602487363040986E+001
 3.3492899999985317E+000, 3.3492899999985317E+000,-1.0602487363039394E+001
 3.3502899999985316E+000, 3.3502899999985316E+000,-1.0602487363033456E+001
 3.3512899999985315E+000, 3.3512899999985315E+000,-1.0602487363032923E+001
 3.3522899999985314E+000, 3.3522899999985314E+000,-1.0602487363026116E+001
 3.3532899999985313E+000, 3.3532899999985313E+000,-1.0602487363018255E+001
 3.3542899999985312E+000, 3.3542899999985312E+000,-1.0602487363024087E+001
 3.3552899999985311E+000, 3.3552899999985311E+000,-1.0602487363017449E+001
 3.3562899999985309E+000, 3.3562899999985309E+000,-1.0602487363004947E+001
 3.3572899999985308E+000, 3.3572899999985308E+000,-1.0602487363010667E+001
 3.3582899999985307E+000, 3.3582899999985307E+000,-1.0602487363009546E+001
 3.3592899999985306E+000, 3.3592899999985306E+000,-1.0602487362997202E+001
 3.3602899999985305E+000, 3.3602899999985305E+000,-1.0602487363001121E+001
 3.3612899999985304E+000, 3.3612899999985304E+000,-1.0602487363000852E+001
 3.3622899999985303E+000, 3.3622899999985303E+000,-1.0602487362994056E+001
 3.3632899999985302E+000, 3.3632899999985302E+000,-1.0602487362982462E+001
 3.3642899999985301E+000, 3.3642899999985301E+000,-1.0602487362980876E+001
 3.3652899999985300E+000, 3.3652899999985300E+000,-1.0602487362986892E+001
 3.3662899999985298E+000, 3.3662899999985298E+000,-1.0602487362985759E+001
 3.3672899999985297E+000, 3.3672899999985297E+000,-1.0602487362983567E+001
 3.3682899999985296E+000, 3.3682899999985296E+000,-1.0602487362966569E+001
 3.3692899999985295E+000, 3.3692899999985295E+000,-1.0602487362969477E+001
 3.3702899999985294E+000, 3.3702899999985294E+000,-1.0602487362958142E+001
 3.3712899999985293E+000, 3.3712899999985293E+000,-1.0602487362969404E+001
 3.3722899999985292E+000, 3.3722899999985292E+000,-1.0602487362958282E+001
 3.3732899999985291E+000, 3.3732899999985291E+000,-1.0602487362951191E+001
 3.3742899999985290E+000, 3.3742899999985290E+000,-1.0602487362965409E+001
 3.3752899999985289E+000, 3.3752899999985289E+000,-1.0602487362947944E+001
 3.3762899999985287E+000, 3.3762899999985287E+000,-1.0602487362948009E+001
 3.3772899999985286E+000, 3.3772899999985286E+000,-1.0602487362945844E+001
 3.3782899999985285E+000, 3.3782899999985285E+000,-1.0602487362939883E+001
 3.3792899999985284E+000, 3.3792899999985284E+000,-1.0602487362944885E+001
 3.3802899999985283E+000, 3.3802899999985283E+000,-1.0602487362932690E+001
 3.3812899999985282E+000, 3.3812899999985282E+000,-1.0602487362923785E+001
 3.3822899999985281E+000, 3.3822899999985281E+000,-1.0602487362926762E+001
 3.3832899999985280E+000, 3.3832899999985280E+000,-1.0602487362908999E+001
 3.3842899999985279E+000, 3.3842899999985279E+000,-1.0602487362911893E+001
 3.3852899999985278E+000, 3.3852899999985278E+000,-1.0602487362916220E+001
 3.3862899999985276E+000, 3.3862899999985276E+000,-1.0602487362910438E+001
 3.3872899999985275E+000, 3.3872899999985275E+000,-1.0602487362904384E+001
 3.3882899999985274E+000, 3.3882899999985274E+000,-1.0602487362903849E+001
 3.3892899999985273E+000, 3.3892899999985273E+000,-1.0602487362901666E+001
 3.3902899999985272E+000, 3.3902899999985272E+000,-1.0602487362901238E+001
 3.3912899999985271E+000, 3.3912899999985271E+000,-1.0602487362890695E+001
 3.3922899999985270E+000, 3.3922899999985270E+000,-1.0602487362891985E+001
 3.3932899999985269E+000, 3.3932899999985269E+000,-1.0602487362893438E+001
 3.3942899999985268E+000, 3.3942899999985268E+000,-1.0602487362889512E+001
 3.3952899999985267E+000, 3.3952899999985267E+000,-1.0602487362884421E+001
 3.3962899999985265E+000, 3.3962899999985265E+000,-1.0602487362868239E+001
 3.3972899999985264E+000, 3.3972899999985264E+000,-1.0602487362872063E+001
 3.3982899999985263E+000, 3.3982899999985263E+000,-1.0602487362870885E+001
 3.3992899999985262E+000, 3.3992899999985262E+000,-1.0602487362865849E+001
 3.4002899999985261E+000, 3.4002899999985261E+000,-1.0602487362863558E+001
 3.4012899999985260E+000, 3.4012899999985260E+000,-1.0602487362857589E+001
 3.4022899999985259E+000, 3.4022899999985259E+000,-1.0602487362857067E+001
 3.4032899999985258E+000, 3.4032899999985258E+000,-1.0602487362854891E+001
 3.4042899999985257E+000, 3.4042899999985257E+000,-1.0602487362843412E+001
 3.4052899999985256E+000, 3.4052899999985256E+000,-1.0602487362836319E+001
 3.4062899999985254E+000, 3.4062899999985254E+000,-1.0602487362836644E+001
 3.4072899999985253E+000, 3.4072899999985253E+000,-1.0602487362835385E+001
 3.4082899999985252E+000, 3.4082899999985252E+000,-1.0602487362829455E+001
 3.4092899999985251E+000, 3.4092899999985251E+000,-1.0602487362828025E+001
 3.4102899999985250E+000, 3.4102899999985250E+000,-1.0602487362833134E+001
 3.4112899999985249E+000, 3.4112899999985249E+000,-1.0602487362821851E+001
 3.4122899999985248E+000, 3.4122899999985248E+000,-1.0602487362818493E+001
 3.4132899999985247E+000, 3.4132899999985247E+000,-1.0602487362811619E+001
 3.4142899999985246E+000, 3.4142899999985246E+000,-1.0602487362816582E+001
 3.4152899999985245E+000, 3.4152899999985245E+000,-1.0602487362809912E+001
 3.4162899999985243E+000, 3.4162899999985243E+000,-1.0602487362804737E+001
 3.4172899999985242E+000, 3.4172899999985242E+000,-1.0602487362803330E+001
 3.4182899999985241E+000, 3.4182899999985241E+000,-1.0602487362812159E+001
 3.4192899999985240E+000, 3.4192899999985240E+000,-1.0602487362807404E+001
 3.4202899999985239E+000, 3.4202899999985239E+000,-1.0602487362808827E+001
 3.4212899999985238E+000, 3.4212899999985238E+000,-1.0602487362783577E+001
 3.4222899999985237E+000, 3.4222899999985237E+000,-1.0602487362788057E+001
 3.4232899999985236E+000, 3.4232899999985236E+000,-1.0602487362775873E+001
 3.4242899999985235E+000, 3.4242899999985235E+000,-1.0602487362780689E+001
 3.4252899999985233E+000, 3.4252899999985233E+000,-1.0602487362768501E+001
 3.4262899999985232E+000, 3.4262899999985232E+000,-1.0602487362767807E+001
 3.4272899999985231E+000, 3.4272899999985231E+000,-1.0602487362771141E+001
 3.4282899999985230E+000, 3.4282899999985230E+000,-1.0602487362765334E+001
 3.4292899999985229E+000, 3.4292899999985229E+000,-1.0602487362769420E+001
 3.4302899999985228E+000, 3.4302899999985228E+000,-1.0602487362757225E+001
 3.4312899999985227E+000, 3.4312899999985227E+000,-1.0602487362751003E+001
 3.4322899999985226E+000, 3.4322899999985226E+000,-1.0602487362750466E+001
 3.4332899999985225E+000, 3.4332899999985225E+000,-1.0602487362744553E+001
 3.4342899999985224E+000, 3.4342899999985224E+000,-1.0602487362753275E+001
 3.4352899999985222E+000, 3.4352899999985222E+000,-1.0602487362742087E+001
 3.4362899999985221E+000, 3.4362899999985221E+000,-1.0602487362735898E+001
 3.4372899999985220E+000, 3.4372899999985220E+000,-1.0602487362739986E+001
 3.4382899999985219E+000, 3.4382899999985219E+000,-1.0602487362735081E+001
 3.4392899999985218E+000, 3.4392899999985218E+000,-1.0602487362721750E+001
 3.4402899999985217E+000, 3.4402899999985217E+000,-1.0602487362720135E+001
 3.4412899999985216E+000, 3.4412899999985216E+000,-1.0602487362724334E+001
 3.4422899999985215E+000, 3.4422899999985215E+000,-1.0602487362728690E+001
 3.4432899999985214E+000, 3.4432899999985214E+000,-1.0602487362711873E+001
 3.4442899999985213E+000, 3.4442899999985213E+000,-1.0602487362706418E+001
 3.4452899999985211E+000, 3.4452899999985211E+000,-1.0602487362710528E+001
 3.4462899999985210E+000, 3.4462899999985210E+000,-1.0602487362703842E+001
 3.4472899999985209E+000, 3.4472899999985209E+000,-1.0602487362696879E+001
 3.4482899999985208E+000, 3.4482899999985208E+000,-1.0602487362700948E+001
 3.4492899999985207E+000, 3.4492899999985207E+000,-1.0602487362690528E+001
 3.4502899999985206E+000, 3.4502899999985206E+000,-1.0602487362693616E+001
 3.4512899999985205E+000, 3.4512899999985205E+000,-1.0602487362688686E+001
 3.4522899999985204E+000, 3.4522899999985204E+000,-1.0602487362678044E+001
 3.4532899999985203E+000, 3.4532899999985203E+000,-1.0602487362681114E+001
 3.4542899999985202E+000, 3.4542899999985202E+000,-1.0602487362685446E+001
 3.4552899999985200E+000, 3.4552899999985200E+000,-1.0602487362663098E+001
 3.4562899999985199E+000, 3.4562899999985199E+000,-1.0602487362664972E+001
 3.4572899999985198E+000, 3.4572899999985198E+000,-1.0602487362667325E+001
 3.4582899999985197E+000, 3.4582899999985197E+000,-1.0602487362670736E+001
 3.4592899999985196E+000, 3.4592899999985196E+000,-1.0602487362657625E+001
 3.4602899999985195E+000, 3.4602899999985195E+000,-1.0602487362656900E+001
 3.4612899999985194E+000, 3.4612899999985194E+000,-1.0602487362661130E+001
 3.4622899999985193E+000, 3.4622899999985193E+000,-1.0602487362660868E+001
 3.4632899999985192E+000, 3.4632899999985192E+000,-1.0602487362647656E+001
 3.4642899999985191E+000, 3.4642899999985191E+000,-1.0602487362642298E+001
 3.4652899999985189E+000, 3.4652899999985189E+000,-1.0602487362645514E+001
 3.4662899999985188E+000, 3.4662899999985188E+000,-1.0602487362624931E+001
 3.4672899999985187E+000, 3.4672899999985187E+000,-1.0602487362628636E+001
 3.4682899999985186E+000, 3.4682899999985186E+000,-1.0602487362621952E+001
 3.4692899999985185E+000, 3.4692899999985185E+000,-1.0602487362625119E+001
 3.4702899999985184E+000, 3.4702899999985184E+000,-1.0602487362619319E+001
 3.4712899999985183E+000, 3.4712899999985183E+000,-1.0602487362619675E+001
 3.4722899999985182E+000, 3.4722899999985182E+000,-1.0602487362611992E+001
 3.4732899999985181E+000, 3.4732899999985181E+000,-1.0602487362618726E+001
 3.4742899999985180E+000, 3.4742899999985180E+000,-1.0602487362616738E+001
 3.4752899999985178E+000, 3.4752899999985178E+000,-1.0602487362615424E+001
 3.4762899999985177E+000, 3.4762899999985177E+000,-1.0602487362603078E+001
 3.4772899999985176E+000, 3.4772899999985176E+000,-1.0602487362596838E+001
 3.4782899999985175E+000, 3.4782899999985175E+000,-1.0602487362590789E+001
 3.4792899999985174E+000, 3.4792899999985174E+000,-1.0602487362583840E+001
 3.4802899999985173E+000, 3.4802899999985173E+000,-1.0602487362582377E+001
 3.4812899999985172E+000, 3.4812899999985172E+000,-1.0602487362581963E+001
 3.4822899999985171E+000, 3.4822899999985171E+000,-1.0602487362580685E+001
 3.4832899999985170E+000, 3.4832899999985170E+000,-1.0602487362574742E+001
 3.4842899999985169E+000, 3.4842899999985169E+000,-1.0602487362577959E+001
 3.4852899999985167E+000, 3.4852899999985167E+000,-1.0602487362579449E+001
 3.4862899999985166E+000, 3.4862899999985166E+000,-1.0602487362576435E+001
 3.4872899999985165E+000, 3.4872899999985165E+000,-1.0602487362575967E+001
 3.4882899999985164E+000, 3.4882899999985164E+000,-1.0602487362564535E+001
 3.4892899999985163E+000, 3.4892899999985163E+000,-1.0602487362562071E+001
 3.4902899999985162E+000, 3.4902899999985162E+000,-1.0602487362557007E+001
 3.4912899999985161E+000, 3.4912899999985161E+000,-1.0602487362549187E+001
 3.4922899999985160E+000, 3.4922899999985160E+000,-1.0602487362553234E+001
 3.4932899999985159E+000, 3.4932899999985159E+000,-1.0602487362543718E+001
 3.4942899999985157E+000, 3.4942899999985157E+000,-1.0602487362530255E+001
 3.4952899999985156E+000, 3.4952899999985156E+000,-1.0602487362535937E+001
 3.4962899999985155E+000, 3.4962899999985155E+000,-1.0602487362533910E+001
 3.4972899999985154E+000, 3.4972899999985154E+000,-1.0602487362522441E+001
 3.4982899999985153E+000, 3.4982899999985153E+000,-1.0602487362531019E+001
 3.4992899999985152E+000, 3.4992899999985152E+000,-1.0602487362515202E+001
 3.5002899999985151E+000, 3.5002899999985151E+000,-1.0602487362519039E+001
 3.5012899999985150E+000, 3.5012899999985150E+000,-1.0602487362518767E+001
 3.5022899999985149E+000, 3.5022899999985149E+000,-1.0602487362501813E+001
 3.5032899999985148E+000, 3.5032899999985148E+000,-1.0602487362495468E+001
 3.5042899999985146E+000, 3.5042899999985146E+000,-1.0602487362496868E+001
 3.5052899999985145E+000, 3.5052899999985145E+000,-1.0602487362498325E+001
 3.5062899999985144E+000, 3.5062899999985144E+000,-1.0602487362501712E+001
 3.5072899999985143E+000, 3.5072899999985143E+000,-1.0602487362490388E+001
 3.5082899999985142E+000, 3.5082899999985142E+000,-1.0602487362494335E+001
 3.5092899999985141E+000, 3.5092899999985141E+000,-1.0602487362482131E+001
 3.5102899999985140E+000, 3.5102899999985140E+000,-1.0602487362487850E+001
 3.5112899999985139E+000, 3.5112899999985139E+000,-1.0602487362481206E+001
 3.5122899999985138E+000, 3.5122899999985138E+000,-1.0602487362474232E+001
 3.5132899999985137E+000, 3.5132899999985137E+000,-1.0602487362480092E+001
 3.5142899999985135E+000, 3.5142899999985135E+000,-1.0602487362472562E+001
 3.5152899999985134E+000, 3.5152899999985134E+000,-1.0602487362466460E+001
 3.5162899999985133E+000, 3.5162899999985133E+000,-1.0602487362470558E+001
 3.5172899999985132E+000, 3.5172899999985132E+000,-1.0602487362459243E+001
 3.5182899999985131E+000, 3.5182899999985131E+000,-1.0602487362457673E+001
 3.5192899999985130E+000, 3.5192899999985130E+000,-1.0602487362450836E+001
 3.5202899999985129E+000, 3.5202899999985129E+000,-1.0602487362451182E+001
 3.5212899999985128E+000, 3.5212899999985128E+000,-1.0602487362438875E+001
 3.5222899999985127E+000, 3.5222899999985127E+000,-1.0602487362447430E+001
 3.5232899999985126E+000, 3.5232899999985126E+000,-1.0602487362437131E+001
 3.5242899999985124E+000, 3.5242899999985124E+000,-1.0602487362433799E+001
 3.5252899999985123E+000, 3.5252899999985123E+000,-1.0602487362424089E+001
 3.5262899999985122E+000, 3.5262899999985122E+000,-1.0602487362423449E+001
 3.5272899999985121E+000, 3.5272899999985121E+000,-1.0602487362421270E+001
 3.5282899999985120E+000, 3.5282899999985120E+000,-1.0602487362426363E+001
 3.5292899999985119E+000, 3.5292899999985119E+000,-1.0602487362415072E+001
 3.5302899999985118E+000, 3.5302899999985118E+000,-1.0602487362419028E+001
 3.5312899999985117E+000, 3.5312899999985117E+000,-1.0602487362418749E+001
 3.5322899999985116E+000, 3.5322899999985116E+000,-1.0602487362406428E+001
 3.5332899999985115E+000, 3.5332899999985115E+000,-1.0602487362414985E+001
 3.5342899999985113E+000, 3.5342899999985113E+000,-1.0602487362400066E+001
 3.5352899999985112E+000, 3.5352899999985112E+000,-1.0602487362397506E+001
 3.5362899999985111E+000, 3.5362899999985111E+000,-1.0602487362401677E+001
 3.5372899999985110E+000, 3.5372899999985110E+000,-1.0602487362388587E+001
 3.5382899999985109E+000, 3.5382899999985109E+000,-1.0602487362388761E+001
 3.5392899999985108E+000, 3.5392899999985108E+000,-1.0602487362386590E+001
 3.5402899999985107E+000, 3.5402899999985107E+000,-1.0602487362386167E+001
 3.5412899999985106E+000, 3.5412899999985106E+000,-1.0602487362382051E+001
 3.5422899999985105E+000, 3.5422899999985105E+000,-1.0602487362374246E+001
 3.5432899999985104E+000, 3.5432899999985104E+000,-1.0602487362379188E+001
 3.5442899999985102E+000, 3.5442899999985102E+000,-1.0602487362362378E+001
 3.5452899999985101E+000, 3.5452899999985101E+000,-1.0602487362369924E+001
 3.5462899999985100E+000, 3.5462899999985100E+000,-1.0602487362358687E+001
 3.5472899999985099E+000, 3.5472899999985099E+000,-1.0602487362347887E+001
 3.5482899999985098E+000, 3.5482899999985098E+000,-1.0602487362362885E+001
 3.5492899999985097E+000, 3.5492899999985097E+000,-1.0602487362354690E+001
 3.5502899999985096E+000, 3.5502899999985096E+000,-1.0602487362343957E+001
 3.5512899999985095E+000, 3.5512899999985095E+000,-1.0602487362332264E+001
 3.5522899999985094E+000, 3.5522899999985094E+000,-1.0602487362336195E+001
 3.5532899999985093E+000, 3.5532899999985093E+000,-1.0602487362337721E+001
 3.5542899999985091E+000, 3.5542899999985091E+000,-1.0602487362338433E+001
 3.5552899999985090E+000, 3.5552899999985090E+000,-1.0602487362323295E+001
 3.5562899999985089E+000, 3.5562899999985089E+000,-1.0602487362326256E+001
 3.5572899999985088E+000, 3.5572899999985088E+000,-1.0602487362325951E+001
 3.5582899999985087E+000, 3.5582899999985087E+000,-1.0602487362320046E+001
 3.5592899999985086E+000, 3.5592899999985086E+000,-1.0602487362323251E+001
 3.5602899999985085E+000, 3.5602899999985085E+000,-1.0602487362311910E+001
 3.5612899999985084E+000, 3.5612899999985084E+000,-1.0602487362310349E+001
 3.5622899999985083E+000, 3.5622899999985083E+000,-1.0602487362305306E+001
 3.5632899999985082E+000, 3.5632899999985082E+000,-1.0602487362305695E+001
 3.5642899999985080E+000, 3.5642899999985080E+000,-1.0602487362298021E+001
 3.5652899999985079E+000, 3.5652899999985079E+000,-1.0602487362286389E+001
 3.5662899999985078E+000, 3.5662899999985078E+000,-1.0602487362301382E+001
 3.5672899999985077E+000, 3.5672899999985077E+000,-1.0602487362288560E+001
 3.5682899999985076E+000, 3.5682899999985076E+000,-1.0602487362283219E+001
 3.5692899999985075E+000, 3.5692899999985075E+000,-1.0602487362286443E+001
 3.5702899999985074E+000, 3.5702899999985074E+000,-1.0602487362280630E+001
 3.5712899999985073E+000, 3.5712899999985073E+000,-1.0602487362269949E+001
 3.5722899999985072E+000, 3.5722899999985072E+000,-1.0602487362278550E+001
 3.5732899999985070E+000, 3.5732899999985070E+000,-1.0602487362266466E+001
 3.5742899999985069E+000, 3.5742899999985069E+000,-1.0602487362255609E+001
 3.5752899999985068E+000, 3.5752899999985068E+000,-1.0602487362259584E+001
 3.5762899999985067E+000, 3.5762899999985067E+000,-1.0602487362258422E+001
 3.5772899999985066E+000, 3.5772899999985066E+000,-1.0602487362263522E+001
 3.5782899999985065E+000, 3.5782899999985065E+000,-1.0602487362256866E+001
 3.5792899999985064E+000, 3.5792899999985064E+000,-1.0602487362254532E+001
 3.5802899999985063E+000, 3.5802899999985063E+000,-1.0602487362248571E+001
 3.5812899999985062E+000, 3.5812899999985062E+000,-1.0602487362243405E+001
 3.5822899999985061E+000, 3.5822899999985061E+000,-1.0602487362241112E+001
 3.5832899999985059E+000, 3.5832899999985059E+000,-1.0602487362240677E+001
 3.5842899999985058E+000, 3.5842899999985058E+000,-1.0602487362232084E+001
 3.5852899999985057E+000, 3.5852899999985057E+000,-1.0602487362227750E+001
 3.5862899999985056E+000, 3.5862899999985056E+000,-1.0602487362217104E+001
 3.5872899999985055E+000, 3.5872899999985055E+000,-1.0602487362216456E+001
 3.5882899999985054E+000, 3.5882899999985054E+000,-1.0602487362218895E+001
 3.5892899999985053E+000, 3.5892899999985053E+000,-1.0602487362217694E+001
 3.5902899999985052E+000, 3.5902899999985052E+000,-1.0602487362217275E+001
 3.5912899999985051E+000, 3.5912899999985051E+000,-1.0602487362209580E+001
 3.5922899999985050E+000, 3.5922899999985050E+000,-1.0602487362209896E+001
 3.5932899999985048E+000, 3.5932899999985048E+000,-1.0602487362204013E+001
 3.5942899999985047E+000, 3.5942899999985047E+000,-1.0602487362192431E+001
 3.5952899999985046E+000, 3.5952899999985046E+000,-1.0602487362191752E+001
 3.5962899999985045E+000, 3.5962899999985045E+000,-1.0602487362188675E+001
 3.5972899999985044E+000, 3.5972899999985044E+000,-1.0602487362193733E+001
 3.5982899999985043E+000, 3.5982899999985043E+000,-1.0602487362187082E+001
 3.5992899999985042E+000, 3.5992899999985042E+000,-1.0602487362180106E+001
 3.6002899999985041E+000, 3.6002899999985041E+000,-1.0602487362176722E+001
 3.6012899999985040E+000, 3.6012899999985040E+000,-1.0602487362177293E+001
 3.6022899999985039E+000, 3.6022899999985039E+000,-1.0602487362173211E+001
 3.6032899999985037E+000, 3.6032899999985037E+000,-1.0602487362164517E+001
 3.6042899999985036E+000, 3.6042899999985036E+000,-1.0602487362163920E+001
 3.6052899999985035E+000, 3.6052899999985035E+000,-1.0602487362163519E+001
 3.6062899999985034E+000, 3.6062899999985034E+000,-1.0602487362157607E+001
 3.6072899999985033E+000, 3.6072899999985033E+000,-1.0602487362157978E+001
 3.6082899999985032E+000, 3.6082899999985032E+000,-1.0602487362149411E+001
 3.6092899999985031E+000, 3.6092899999985031E+000,-1.0602487362155216E+001
 3.6102899999985030E+000, 3.6102899999985030E+000,-1.0602487362144849E+001
 3.6112899999985029E+000, 3.6112899999985029E+000,-1.0602487362142407E+001
 3.6122899999985028E+000, 3.6122899999985028E+000,-1.0602487362135555E+001
 3.6132899999985026E+000, 3.6132899999985026E+000,-1.0602487362128581E+001
 3.6142899999985025E+000, 3.6142899999985025E+000,-1.0602487362131747E+001
 3.6152899999985024E+000, 3.6152899999985024E+000,-1.0602487362126830E+001
 3.6162899999985023E+000, 3.6162899999985023E+000,-1.0602487362127226E+001
 3.6172899999985022E+000, 3.6172899999985022E+000,-1.0602487362118644E+001
 3.6182899999985021E+000, 3.6182899999985021E+000,-1.0602487362107901E+001
 3.6192899999985020E+000, 3.6192899999985020E+000,-1.0602487362117392E+001
 3.6202899999985019E+000, 3.6202899999985019E+000,-1.0602487362111745E+001
 3.6212899999985018E+000, 3.6212899999985018E+000,-1.0602487362100167E+001
 3.6222899999985017E+000, 3.6222899999985017E+000,-1.0602487362093969E+001
 3.6232899999985015E+000, 3.6232899999985015E+000,-1.0602487362103577E+001
 3.6242899999985014E+000, 3.6242899999985014E+000,-1.0602487362088837E+001
 3.6252899999985013E+000, 3.6252899999985013E+000,-1.0602487362082552E+001
 3.6262899999985012E+000, 3.6262899999985012E+000,-1.0602487362083789E+001
 3.6272899999985011E+000, 3.6272899999985011E+000,-1.0602487362092702E+001
 3.6282899999985010E+000, 3.6282899999985010E+000,-1.0602487362088832E+001
 3.6292899999985009E+000, 3.6292899999985009E+000,-1.0602487362079248E+001
 3.6302899999985008E+000, 3.6302899999985008E+000,-1.0602487362069372E+001
 3.6312899999985007E+000, 3.6312899999985007E+000,-1.0602487362067839E+001
 3.6322899999985006E+000, 3.6322899999985006E+000,-1.0602487362076673E+001
 3.6332899999985004E+000, 3.6332899999985004E+000,-1.0602487362064601E+001
 3.6342899999985003E+000, 3.6342899999985003E+000,-1.0602487362063904E+001
 3.6352899999985002E+000, 3.6352899999985002E+000,-1.0602487362057099E+001
 3.6362899999985001E+000, 3.6362899999985001E+000,-1.0602487362058326E+001
 3.6372899999985000E+000, 3.6372899999985000E+000,-1.0602487362038737E+001
 3.6382899999984999E+000, 3.6382899999984999E+000,-1.0602487362049782E+001
 3.6392899999984998E+000, 3.6392899999984998E+000,-1.0602487362038659E+001
 3.6402899999984997E+000, 3.6402899999984997E+000,-1.0602487362032466E+001
 3.6412899999984996E+000, 3.6412899999984996E+000,-1.0602487362036557E+001
 3.6422899999984995E+000, 3.6422899999984995E+000,-1.0602487362030768E+001
 3.6432899999984993E+000, 3.6432899999984993E+000,-1.0602487362022028E+001
 3.6442899999984992E+000, 3.6442899999984992E+000,-1.0602487362015010E+001
 3.6452899999984991E+000, 3.6452899999984991E+000,-1.0602487362016234E+001
 3.6462899999984990E+000, 3.6462899999984990E+000,-1.0602487362013195E+001
 3.6472899999984989E+000, 3.6472899999984989E+000,-1.0602487362019160E+001
 3.6482899999984988E+000, 3.6482899999984988E+000,-1.0602487362011635E+001
 3.6492899999984987E+000, 3.6492899999984987E+000,-1.0602487362005540E+001
 3.6502899999984986E+000, 3.6502899999984986E+000,-1.0602487362009624E+001
 3.6512899999984985E+000, 3.6512899999984985E+000,-1.0602487362004732E+001
 3.6522899999984983E+000, 3.6522899999984983E+000,-1.0602487362007956E+001
 3.6532899999984982E+000, 3.6532899999984982E+000,-1.0602487361991109E+001
 3.6542899999984981E+000, 3.6542899999984981E+000,-1.0602487361989395E+001
 3.6552899999984980E+000, 3.6552899999984980E+000,-1.0602487361993598E+001
 3.6562899999984979E+000, 3.6562899999984979E+000,-1.0602487361982293E+001
 3.6572899999984978E+000, 3.6572899999984978E+000,-1.0602487361988924E+001
 3.6582899999984977E+000, 3.6582899999984977E+000,-1.0602487361986029E+001
 3.6592899999984976E+000, 3.6592899999984976E+000,-1.0602487361979167E+001
 3.6602899999984975E+000, 3.6602899999984975E+000,-1.0602487361962945E+001
 3.6612899999984974E+000, 3.6612899999984974E+000,-1.0602487361968551E+001
 3.6622899999984972E+000, 3.6622899999984972E+000,-1.0602487361972061E+001
 3.6632899999984971E+000, 3.6632899999984971E+000,-1.0602487361966251E+001
 3.6642899999984970E+000, 3.6642899999984970E+000,-1.0602487361952006E+001
 3.6652899999984969E+000, 3.6652899999984969E+000,-1.0602487361956769E+001
 3.6662899999984968E+000, 3.6662899999984968E+000,-1.0602487361945471E+001
 3.6672899999984967E+000, 3.6672899999984967E+000,-1.0602487361939287E+001
 3.6682899999984966E+000, 3.6682899999984966E+000,-1.0602487361944274E+001
 3.6692899999984965E+000, 3.6692899999984965E+000,-1.0602487361944011E+001
 3.6702899999984964E+000, 3.6702899999984964E+000,-1.0602487361936324E+001
 3.6712899999984963E+000, 3.6712899999984963E+000,-1.0602487361923803E+001
 3.6722899999984961E+000, 3.6722899999984961E+000,-1.0602487361929521E+001
 3.6732899999984960E+000, 3.6732899999984960E+000,-1.0602487361926608E+001
 3.6742899999984959E+000, 3.6742899999984959E+000,-1.0602487361930782E+001
 3.6752899999984958E+000, 3.6752899999984958E+000,-1.0602487361914850E+001
 3.6762899999984957E+000, 3.6762899999984957E+000,-1.0602487361918676E+001
 3.6772899999984956E+000, 3.6772899999984956E+000,-1.0602487361923034E+001
 3.6782899999984955E+000, 3.6782899999984955E+000,-1.0602487361906206E+001
 3.6792899999984954E+000, 3.6792899999984954E+000,-1.0602487361910899E+001
 3.6802899999984953E+000, 3.6802899999984953E+000,-1.0602487361904233E+001
 3.6812899999984952E+000, 3.6812899999984952E+000,-1.0602487361904572E+001
 3.6822899999984950E+000, 3.6822899999984950E+000,-1.0602487361890482E+001
 3.6832899999984949E+000, 3.6832899999984949E+000,-1.0602487361901678E+001
 3.6842899999984948E+000, 3.6842899999984948E+000,-1.0602487361889661E+001
 3.6852899999984947E+000, 3.6852899999984947E+000,-1.0602487361887174E+001
 3.6862899999984946E+000, 3.6862899999984946E+000,-1.0602487361887615E+001
 3.6872899999984945E+000, 3.6872899999984945E+000,-1.0602487361876216E+001
 3.6882899999984944E+000, 3.6882899999984944E+000,-1.0602487361880172E+001
 3.6892899999984943E+000, 3.6892899999984943E+000,-1.0602487361862449E+001
 3.6902899999984942E+000, 3.6902899999984942E+000,-1.0602487361872644E+001
 3.6912899999984941E+000, 3.6912899999984941E+000,-1.0602487361859694E+001
 3.6922899999984939E+000, 3.6922899999984939E+000,-1.0602487361859879E+001
 3.6932899999984938E+000, 3.6932899999984938E+000,-1.0602487361853985E+001
 3.6942899999984937E+000, 3.6942899999984937E+000,-1.0602487361847928E+001
 3.6952899999984936E+000, 3.6952899999984936E+000,-1.0602487361851134E+001
 3.6962899999984935E+000, 3.6962899999984935E+000,-1.0602487361844425E+001
 3.6972899999984934E+000, 3.6972899999984934E+000,-1.0602487361849388E+001
 3.6982899999984933E+000, 3.6982899999984933E+000,-1.0602487361841833E+001
 3.6992899999984932E+000, 3.6992899999984932E+000,-1.0602487361835736E+001
 3.7002899999984931E+000, 3.7002899999984931E+000,-1.0602487361825052E+001
 3.7012899999984930E+000, 3.7012899999984930E+000,-1.0602487361823504E+001
 3.7022899999984928E+000, 3.7022899999984928E+000,-1.0602487361827709E+001
 3.7032899999984927E+000, 3.7032899999984927E+000,-1.0602487361821916E+001
 3.7042899999984926E+000, 3.7042899999984926E+000,-1.0602487361820506E+001
 3.7052899999984925E+000, 3.7052899999984925E+000,-1.0602487361802627E+001
 3.7062899999984924E+000, 3.7062899999984924E+000,-1.0602487361807306E+001
 3.7072899999984923E+000, 3.7072899999984923E+000,-1.0602487361805256E+001
 3.7082899999984922E+000, 3.7082899999984922E+000,-1.0602487361805728E+001
 3.7092899999984921E+000, 3.7092899999984921E+000,-1.0602487361809988E+001
 3.7102899999984920E+000, 3.7102899999984920E+000,-1.0602487361797783E+001
 3.7112899999984919E+000, 3.7112899999984919E+000,-1.0602487361786940E+001
 3.7122899999984917E+000, 3.7122899999984917E+000,-1.0602487361778969E+001
 3.7132899999984916E+000, 3.7132899999984916E+000,-1.0602487361784792E+001
 3.7142899999984915E+000, 3.7142899999984915E+000,-1.0602487361783675E+001
 3.7152899999984914E+000, 3.7152899999984914E+000,-1.0602487361771335E+001
 3.7162899999984913E+000, 3.7162899999984913E+000,-1.0602487361776159E+001
 3.7172899999984912E+000, 3.7172899999984912E+000,-1.0602487361775911E+001
 3.7182899999984911E+000, 3.7182899999984911E+000,-1.0602487361773735E+001
 3.7192899999984910E+000, 3.7192899999984910E+000,-1.0602487361778820E+001
 3.7202899999984909E+000, 3.7202899999984909E+000,-1.0602487361762025E+001
 3.7212899999984907E+000, 3.7212899999984907E+000,-1.0602487361760314E+001
 3.7222899999984906E+000, 3.7222899999984906E+000,-1.0602487361763611E+001
 3.7232899999984905E+000, 3.7232899999984905E+000,-1.0602487361757806E+001
 3.7242899999984904E+000, 3.7242899999984904E+000,-1.0602487361752654E+001
 3.7252899999984903E+000, 3.7252899999984903E+000,-1.0602487361754973E+001
 3.7262899999984902E+000, 3.7262899999984902E+000,-1.0602487361754653E+001
 3.7272899999984901E+000, 3.7272899999984901E+000,-1.0602487361731288E+001
 3.7282899999984900E+000, 3.7282899999984900E+000,-1.0602487361742240E+001
 3.7292899999984899E+000, 3.7292899999984899E+000,-1.0602487361741250E+001
 3.7302899999984898E+000, 3.7302899999984898E+000,-1.0602487361735330E+001
 3.7312899999984896E+000, 3.7312899999984896E+000,-1.0602487361722863E+001
 3.7322899999984895E+000, 3.7322899999984895E+000,-1.0602487361722158E+001
 3.7332899999984894E+000, 3.7332899999984894E+000,-1.0602487361719971E+001
 3.7342899999984893E+000, 3.7342899999984893E+000,-1.0602487361714013E+001
 3.7352899999984892E+000, 3.7352899999984892E+000,-1.0602487361719000E+001
 3.7362899999984891E+000, 3.7362899999984891E+000,-1.0602487361705933E+001
 3.7372899999984890E+000, 3.7372899999984890E+000,-1.0602487361706105E+001
 3.7382899999984889E+000, 3.7382899999984889E+000,-1.0602487361705737E+001
 3.7392899999984888E+000, 3.7392899999984888E+000,-1.0602487361704451E+001
 3.7402899999984887E+000, 3.7402899999984887E+000,-1.0602487361693898E+001
 3.7412899999984885E+000, 3.7412899999984885E+000,-1.0602487361700698E+001
 3.7422899999984884E+000, 3.7422899999984884E+000,-1.0602487361706032E+001
 3.7432899999984883E+000, 3.7432899999984883E+000,-1.0602487361678179E+001
 3.7442899999984882E+000, 3.7442899999984882E+000,-1.0602487361688119E+001
 3.7452899999984881E+000, 3.7452899999984881E+000,-1.0602487361682488E+001
 3.7462899999984880E+000, 3.7462899999984880E+000,-1.0602487361685695E+001
 3.7472899999984879E+000, 3.7472899999984879E+000,-1.0602487361675250E+001
 3.7482899999984878E+000, 3.7482899999984878E+000,-1.0602487361673703E+001
 3.7492899999984877E+000, 3.7492899999984877E+000,-1.0602487361672395E+001
 3.7502899999984876E+000, 3.7502899999984876E+000,-1.0602487361661842E+001
 3.7512899999984874E+000, 3.7512899999984874E+000,-1.0602487361663128E+001
 3.7522899999984873E+000, 3.7522899999984873E+000,-1.0602487361659056E+001
 3.7532899999984872E+000, 3.7532899999984872E+000,-1.0602487361652152E+001
 3.7542899999984871E+000, 3.7542899999984871E+000,-1.0602487361650700E+001
 3.7552899999984870E+000, 3.7552899999984870E+000,-1.0602487361651185E+001
 3.7562899999984869E+000, 3.7562899999984869E+000,-1.0602487361637085E+001
 3.7572899999984868E+000, 3.7572899999984868E+000,-1.0602487361641867E+001
 3.7582899999984867E+000, 3.7582899999984867E+000,-1.0602487361636079E+001
 3.7592899999984866E+000, 3.7592899999984866E+000,-1.0602487361628258E+001
 3.7602899999984865E+000, 3.7602899999984865E+000,-1.0602487361623048E+001
 3.7612899999984863E+000, 3.7612899999984863E+000,-1.0602487361628050E+001
 3.7622899999984862E+000, 3.7622899999984862E+000,-1.0602487361621396E+001
 3.7632899999984861E+000, 3.7632899999984861E+000,-1.0602487361620847E+001
 3.7642899999984860E+000, 3.7642899999984860E+000,-1.0602487361607613E+001
 3.7652899999984859E+000, 3.7652899999984859E+000,-1.0602487361605107E+001
 3.7662899999984858E+000, 3.7662899999984858E+000,-1.0602487361600030E+001
 3.7672899999984857E+000, 3.7672899999984857E+000,-1.0602487361600415E+001
 3.7682899999984856E+000, 3.7682899999984856E+000,-1.0602487361599156E+001
 3.7692899999984855E+000, 3.7692899999984855E+000,-1.0602487361592328E+001
 3.7702899999984854E+000, 3.7702899999984854E+000,-1.0602487361596408E+001
 3.7712899999984852E+000, 3.7712899999984852E+000,-1.0602487361597035E+001
 3.7722899999984851E+000, 3.7722899999984851E+000,-1.0602487361594887E+001
 3.7732899999984850E+000, 3.7732899999984850E+000,-1.0602487361593552E+001
 3.7742899999984849E+000, 3.7742899999984849E+000,-1.0602487361582106E+001
 3.7752899999984848E+000, 3.7752899999984848E+000,-1.0602487361578740E+001
 3.7762899999984847E+000, 3.7762899999984847E+000,-1.0602487361574539E+001
 3.7772899999984846E+000, 3.7772899999984846E+000,-1.0602487361562119E+001
 3.7782899999984845E+000, 3.7782899999984845E+000,-1.0602487361560518E+001
 3.7792899999984844E+000, 3.7792899999984844E+000,-1.0602487361571139E+001
 3.7802899999984843E+000, 3.7802899999984843E+000,-1.0602487361558214E+001
 3.7812899999984841E+000, 3.7812899999984841E+000,-1.0602487361563915E+001
 3.7822899999984840E+000, 3.7822899999984840E+000,-1.0602487361557269E+001
 3.7832899999984839E+000, 3.7832899999984839E+000,-1.0602487361556721E+001
 3.7842899999984838E+000, 3.7842899999984838E+000,-1.0602487361549912E+001
 3.7852899999984837E+000, 3.7852899999984837E+000,-1.0602487361533695E+001
 3.7862899999984836E+000, 3.7862899999984836E+000,-1.0602487361543028E+001
 3.7872899999984835E+000, 3.7872899999984835E+000,-1.0602487361536488E+001
 3.7882899999984834E+000, 3.7882899999984834E+000,-1.0602487361530418E+001
 3.7892899999984833E+000, 3.7892899999984833E+000,-1.0602487361544654E+001
 3.7902899999984832E+000, 3.7902899999984832E+000,-1.0602487361517049E+001
 3.7912899999984830E+000, 3.7912899999984830E+000,-1.0602487361526986E+001
 3.7922899999984829E+000, 3.7922899999984829E+000,-1.0602487361525977E+001
 3.7932899999984828E+000, 3.7932899999984828E+000,-1.0602487361519156E+001
 3.7942899999984827E+000, 3.7942899999984827E+000,-1.0602487361513983E+001
 3.7952899999984826E+000, 3.7952899999984826E+000,-1.0602487361510780E+001
 3.7962899999984825E+000, 3.7962899999984825E+000,-1.0602487361500176E+001
 3.7972899999984824E+000, 3.7972899999984824E+000,-1.0602487361500408E+001
 3.7982899999984823E+000, 3.7982899999984823E+000,-1.0602487361499151E+001
 3.7992899999984822E+000, 3.7992899999984822E+000,-1.0602487361502465E+001
 3.8002899999984820E+000, 3.8002899999984820E+000,-1.0602487361485625E+001
 3.8012899999984819E+000, 3.8012899999984819E+000,-1.0602487361483007E+001
 3.8022899999984818E+000, 3.8022899999984818E+000,-1.0602487361482565E+001
 3.8032899999984817E+000, 3.8032899999984817E+000,-1.0602487361472027E+001
 3.8042899999984816E+000, 3.8042899999984816E+000,-1.0602487361470482E+001
 3.8052899999984815E+000, 3.8052899999984815E+000,-1.0602487361475584E+001
 3.8062899999984814E+000, 3.8062899999984814E+000,-1.0602487361468036E+001
 3.8072899999984813E+000, 3.8072899999984813E+000,-1.0602487361472086E+001
 3.8082899999984812E+000, 3.8082899999984812E+000,-1.0602487361460776E+001
 3.8092899999984811E+000, 3.8092899999984811E+000,-1.0602487361454576E+001
 3.8102899999984809E+000, 3.8102899999984809E+000,-1.0602487361454038E+001
 3.8112899999984808E+000, 3.8112899999984808E+000,-1.0602487361458271E+001
 3.8122899999984807E+000, 3.8122899999984807E+000,-1.0602487361445178E+001
 3.8132899999984806E+000, 3.8132899999984806E+000,-1.0602487361438042E+001
 3.8142899999984805E+000, 3.8142899999984805E+000,-1.0602487361439266E+001
 3.8152899999984804E+000, 3.8152899999984804E+000,-1.0602487361448169E+001
 3.8162899999984803E+000, 3.8162899999984803E+000,-1.0602487361436982E+001
 3.8172899999984802E+000, 3.8172899999984802E+000,-1.0602487361430793E+001
 3.8182899999984801E+000, 3.8182899999984801E+000,-1.0602487361423844E+001
 3.8192899999984800E+000, 3.8192899999984800E+000,-1.0602487361422394E+001
 3.8202899999984798E+000, 3.8202899999984798E+000,-1.0602487361425705E+001
 3.8212899999984797E+000, 3.8212899999984797E+000,-1.0602487361415264E+001
 3.8222899999984796E+000, 3.8222899999984796E+000,-1.0602487361414617E+001
 3.8232899999984795E+000, 3.8232899999984795E+000,-1.0602487361412443E+001
 3.8242899999984794E+000, 3.8242899999984794E+000,-1.0602487361412903E+001
 3.8252899999984793E+000, 3.8252899999984793E+000,-1.0602487361405220E+001
 3.8262899999984792E+000, 3.8262899999984792E+000,-1.0602487361404643E+001
 3.8272899999984791E+000, 3.8272899999984791E+000,-1.0602487361394104E+001
 3.8282899999984790E+000, 3.8282899999984790E+000,-1.0602487361402702E+001
 3.8292899999984789E+000, 3.8292899999984789E+000,-1.0602487361390617E+001
 3.8302899999984787E+000, 3.8302899999984787E+000,-1.0602487361391715E+001
 3.8312899999984786E+000, 3.8312899999984786E+000,-1.0602487361384057E+001
 3.8322899999984785E+000, 3.8322899999984785E+000,-1.0602487361377063E+001
 3.8332899999984784E+000, 3.8332899999984784E+000,-1.0602487361377401E+001
 3.8342899999984783E+000, 3.8342899999984783E+000,-1.0602487361381652E+001
 3.8352899999984782E+000, 3.8352899999984782E+000,-1.0602487361357507E+001
 3.8362899999984781E+000, 3.8362899999984781E+000,-1.0602487361377689E+001
 3.8372899999984780E+000, 3.8372899999984780E+000,-1.0602487361356665E+001
 3.8382899999984779E+000, 3.8382899999984779E+000,-1.0602487361364986E+001
 3.8392899999984778E+000, 3.8392899999984778E+000,-1.0602487361364814E+001
 3.8402899999984776E+000, 3.8402899999984776E+000,-1.0602487361353406E+001
 3.8412899999984775E+000, 3.8412899999984775E+000,-1.0602487361356452E+001
 3.8422899999984774E+000, 3.8422899999984774E+000,-1.0602487361345114E+001
 3.8432899999984773E+000, 3.8432899999984773E+000,-1.0602487361338916E+001
 3.8442899999984772E+000, 3.8442899999984772E+000,-1.0602487361349416E+001
 3.8452899999984771E+000, 3.8452899999984771E+000,-1.0602487361336498E+001
 3.8462899999984770E+000, 3.8462899999984770E+000,-1.0602487361331143E+001
 3.8472899999984769E+000, 3.8472899999984769E+000,-1.0602487361335271E+001
 3.8482899999984768E+000, 3.8482899999984768E+000,-1.0602487361323949E+001
 3.8492899999984767E+000, 3.8492899999984767E+000,-1.0602487361321485E+001
 3.8502899999984765E+000, 3.8502899999984765E+000,-1.0602487361326570E+001
 3.8512899999984764E+000, 3.8512899999984764E+000,-1.0602487361315283E+001
 3.8522899999984763E+000, 3.8522899999984763E+000,-1.0602487361319232E+001
 3.8532899999984762E+000, 3.8532899999984762E+000,-1.0602487361313443E+001
 3.8542899999984761E+000, 3.8542899999984761E+000,-1.0602487361300977E+001
 3.8552899999984760E+000, 3.8552899999984760E+000,-1.0602487361298479E+001
 3.8562899999984759E+000, 3.8562899999984759E+000,-1.0602487361298927E+001
 3.8572899999984758E+000, 3.8572899999984758E+000,-1.0602487361297669E+001
 3.8582899999984757E+000, 3.8582899999984757E+000,-1.0602487361291752E+001
 3.8592899999984756E+000, 3.8592899999984756E+000,-1.0602487361289423E+001
 3.8602899999984754E+000, 3.8602899999984754E+000,-1.0602487361289880E+001
 3.8612899999984753E+000, 3.8612899999984753E+000,-1.0602487361283995E+001
 3.8622899999984752E+000, 3.8622899999984752E+000,-1.0602487361286308E+001
 3.8632899999984751E+000, 3.8632899999984751E+000,-1.0602487361279572E+001
 3.8642899999984750E+000, 3.8642899999984750E+000,-1.0602487361273495E+001
 3.8652899999984749E+000, 3.8652899999984749E+000,-1.0602487361262817E+001
 3.8662899999984748E+000, 3.8662899999984748E+000,-1.0602487361256635E+001
 3.8672899999984747E+000, 3.8672899999984747E+000,-1.0602487361254292E+001
 3.8682899999984746E+000, 3.8682899999984746E+000,-1.0602487361253871E+001
 3.8692899999984744E+000, 3.8692899999984744E+000,-1.0602487361254363E+001
 3.8702899999984743E+000, 3.8702899999984743E+000,-1.0602487361252219E+001
 3.8712899999984742E+000, 3.8712899999984742E+000,-1.0602487361251793E+001
 3.8722899999984741E+000, 3.8722899999984741E+000,-1.0602487361241250E+001
 3.8732899999984740E+000, 3.8732899999984740E+000,-1.0602487361242538E+001
 3.8742899999984739E+000, 3.8742899999984739E+000,-1.0602487361238463E+001
 3.8752899999984738E+000, 3.8752899999984738E+000,-1.0602487361226949E+001
 3.8762899999984737E+000, 3.8762899999984737E+000,-1.0602487361234623E+001
 3.8772899999984736E+000, 3.8772899999984736E+000,-1.0602487361223393E+001
 3.8782899999984735E+000, 3.8782899999984735E+000,-1.0602487361212576E+001
 3.8792899999984733E+000, 3.8792899999984733E+000,-1.0602487361220275E+001
 3.8802899999984732E+000, 3.8802899999984732E+000,-1.0602487361216376E+001
 3.8812899999984731E+000, 3.8812899999984731E+000,-1.0602487361220522E+001
 3.8822899999984730E+000, 3.8822899999984730E+000,-1.0602487361212951E+001
 3.8832899999984729E+000, 3.8832899999984729E+000,-1.0602487361205949E+001
 3.8842899999984728E+000, 3.8842899999984728E+000,-1.0602487361205394E+001
 3.8852899999984727E+000, 3.8852899999984727E+000,-1.0602487361204105E+001
 3.8862899999984726E+000, 3.8862899999984726E+000,-1.0602487361198175E+001
 3.8872899999984725E+000, 3.8872899999984725E+000,-1.0602487361191223E+001
 3.8882899999984724E+000, 3.8882899999984724E+000,-1.0602487361189771E+001
 3.8892899999984722E+000, 3.8892899999984722E+000,-1.0602487361189363E+001
 3.8902899999984721E+000, 3.8902899999984721E+000,-1.0602487361170608E+001
 3.8912899999984720E+000, 3.8912899999984720E+000,-1.0602487361171541E+001
 3.8922899999984719E+000, 3.8922899999984719E+000,-1.0602487361181336E+001
 3.8932899999984718E+000, 3.8932899999984718E+000,-1.0602487361174795E+001
 3.8942899999984717E+000, 3.8942899999984717E+000,-1.0602487361166940E+001
 3.8952899999984716E+000, 3.8952899999984716E+000,-1.0602487361167245E+001
 3.8962899999984715E+000, 3.8962899999984715E+000,-1.0602487361161362E+001
 3.8972899999984714E+000, 3.8972899999984714E+000,-1.0602487361158138E+001
 3.8982899999984713E+000, 3.8982899999984713E+000,-1.0602487361149329E+001
 3.8992899999984711E+000, 3.8992899999984711E+000,-1.0602487361147825E+001
 3.9002899999984710E+000, 3.9002899999984710E+000,-1.0602487361140101E+001
 3.9012899999984709E+000, 3.9012899999984709E+000,-1.0602487361145933E+001
 3.9022899999984708E+000, 3.9022899999984708E+000,-1.0602487361139298E+001
 3.9032899999984707E+000, 3.9032899999984707E+000,-1.0602487361143368E+001
 3.9042899999984706E+000, 3.9042899999984706E+000,-1.0602487361132059E+001
 3.9052899999984705E+000, 3.9052899999984705E+000,-1.0602487361130486E+001
 3.9062899999984704E+000, 3.9062899999984704E+000,-1.0602487361133813E+001
 3.9072899999984703E+000, 3.9072899999984703E+000,-1.0602487361124261E+001
 3.9082899999984702E+000, 3.9082899999984702E+000,-1.0602487361131997E+001
 3.9092899999984700E+000, 3.9092899999984700E+000,-1.0602487361111534E+001
 3.9102899999984699E+000, 3.9102899999984699E+000,-1.0602487361123606E+001
 3.9112899999984698E+000, 3.9112899999984698E+000,-1.0602487361114282E+001
 3.9122899999984697E+000, 3.9122899999984697E+000,-1.0602487361101719E+001
 3.9132899999984696E+000, 3.9132899999984696E+000,-1.0602487361105654E+001
 3.9142899999984695E+000, 3.9142899999984695E+000,-1.0602487361110891E+001
 3.9152899999984694E+000, 3.9152899999984694E+000,-1.0602487361103345E+001
 3.9162899999984693E+000, 3.9162899999984693E+000,-1.0602487361093523E+001
 3.9172899999984692E+000, 3.9172899999984692E+000,-1.0602487361091985E+001
 3.9182899999984691E+000, 3.9182899999984691E+000,-1.0602487361095305E+001
 3.9192899999984689E+000, 3.9192899999984689E+000,-1.0602487361078444E+001
 3.9202899999984688E+000, 3.9202899999984688E+000,-1.0602487361082261E+001
 3.9212899999984687E+000, 3.9212899999984687E+000,-1.0602487361087503E+001
 3.9222899999984686E+000, 3.9222899999984686E+000,-1.0602487361073550E+001
 3.9232899999984685E+000, 3.9232899999984685E+000,-1.0602487361067270E+001
 3.9242899999984684E+000, 3.9242899999984684E+000,-1.0602487361058369E+001
 3.9252899999984683E+000, 3.9252899999984683E+000,-1.0602487361061495E+001
 3.9262899999984682E+000, 3.9262899999984682E+000,-1.0602487361066725E+001
 3.9272899999984681E+000, 3.9272899999984681E+000,-1.0602487361042611E+001
 3.9282899999984680E+000, 3.9282899999984680E+000,-1.0602487361052646E+001
 3.9292899999984678E+000, 3.9292899999984678E+000,-1.0602487361051640E+001
 3.9302899999984677E+000, 3.9302899999984677E+000,-1.0602487361051232E+001
 3.9312899999984676E+000, 3.9312899999984676E+000,-1.0602487361044430E+001
 3.9322899999984675E+000, 3.9322899999984675E+000,-1.0602487361042975E+001
 3.9332899999984674E+000, 3.9332899999984674E+000,-1.0602487361031523E+001
 3.9342899999984673E+000, 3.9342899999984673E+000,-1.0602487361036360E+001
 3.9352899999984672E+000, 3.9352899999984672E+000,-1.0602487361030592E+001
 3.9362899999984671E+000, 3.9362899999984671E+000,-1.0602487361023648E+001
 3.9372899999984670E+000, 3.9372899999984670E+000,-1.0602487361022199E+001
 3.9382899999984669E+000, 3.9382899999984669E+000,-1.0602487361022675E+001
 3.9392899999984667E+000, 3.9392899999984667E+000,-1.0602487361019636E+001
 3.9402899999984666E+000, 3.9402899999984666E+000,-1.0602487361020072E+001
 3.9412899999984665E+000, 3.9412899999984665E+000,-1.0602487361013278E+001
 3.9422899999984664E+000, 3.9422899999984664E+000,-1.0602487361007210E+001
 3.9432899999984663E+000, 3.9432899999984663E+000,-1.0602487360994743E+001
 3.9442899999984662E+000, 3.9442899999984662E+000,-1.0602487360994930E+001
 3.9452899999984661E+000, 3.9452899999984661E+000,-1.0602487360998289E+001
 3.9462899999984660E+000, 3.9462899999984660E+000,-1.0602487360991582E+001
 3.9472899999984659E+000, 3.9472899999984659E+000,-1.0602487360990132E+001
 3.9482899999984657E+000, 3.9482899999984657E+000,-1.0602487360983304E+001
 3.9492899999984656E+000, 3.9492899999984656E+000,-1.0602487360968862E+001
 3.9502899999984655E+000, 3.9502899999984655E+000,-1.0602487360982000E+001
 3.9512899999984654E+000, 3.9512899999984654E+000,-1.0602487360970924E+001
 3.9522899999984653E+000, 3.9522899999984653E+000,-1.0602487360964723E+001
 3.9532899999984652E+000, 3.9532899999984652E+000,-1.0602487360967928E+001
 3.9542899999984651E+000, 3.9542899999984651E+000,-1.0602487360968532E+001
 3.9552899999984650E+000, 3.9552899999984650E+000,-1.0602487360965480E+001
 3.9562899999984649E+000, 3.9562899999984649E+000,-1.0602487360954877E+001
 3.9572899999984648E+000, 3.9572899999984648E+000,-1.0602487360954223E+001
 3.9582899999984646E+000, 3.9582899999984646E+000,-1.0602487360957559E+001
 3.9592899999984645E+000, 3.9592899999984645E+000,-1.0602487360952651E+001
 3.9602899999984644E+000, 3.9602899999984644E+000,-1.0602487360940199E+001
 3.9612899999984643E+000, 3.9612899999984643E+000,-1.0602487360945920E+001
 3.9622899999984642E+000, 3.9622899999984642E+000,-1.0602487360936589E+001
 3.9632899999984641E+000, 3.9632899999984641E+000,-1.0602487360941490E+001
 3.9642899999984640E+000, 3.9642899999984640E+000,-1.0602487360925570E+001
 3.9652899999984639E+000, 3.9652899999984639E+000,-1.0602487360918357E+001
 3.9662899999984638E+000, 3.9662899999984638E+000,-1.0602487360921524E+001
 3.9672899999984637E+000, 3.9672899999984637E+000,-1.0602487360923028E+001
 3.9682899999984635E+000, 3.9682899999984635E+000,-1.0602487360914477E+001
 3.9692899999984634E+000, 3.9692899999984634E+000,-1.0602487360914768E+001
 3.9702899999984633E+000, 3.9702899999984633E+000,-1.0602487360901570E+001
 3.9712899999984632E+000, 3.9712899999984632E+000,-1.0602487360907263E+001
 3.9722899999984631E+000, 3.9722899999984631E+000,-1.0602487360905254E+001
 3.9732899999984630E+000, 3.9732899999984630E+000,-1.0602487360903936E+001
 3.9742899999984629E+000, 3.9742899999984629E+000,-1.0602487360892466E+001
 3.9752899999984628E+000, 3.9752899999984628E+000,-1.0602487360898214E+001
 3.9762899999984627E+000, 3.9762899999984627E+000,-1.0602487360889771E+001
 3.9772899999984626E+000, 3.9772899999984626E+000,-1.0602487360894708E+001
 3.9782899999984624E+000, 3.9782899999984624E+000,-1.0602487360873271E+001
 3.9792899999984623E+000, 3.9792899999984623E+000,-1.0602487360876061E+001
 3.9802899999984622E+000, 3.9802899999984622E+000,-1.0602487360875765E+001
 3.9812899999984621E+000, 3.9812899999984621E+000,-1.0602487360880001E+001
 3.9822899999984620E+000, 3.9822899999984620E+000,-1.0602487360867800E+001
 3.9832899999984619E+000, 3.9832899999984619E+000,-1.0602487360872619E+001
 3.9842899999984618E+000, 3.9842899999984618E+000,-1.0602487360855804E+001
 3.9852899999984617E+000, 3.9852899999984617E+000,-1.0602487360854985E+001
 3.9862899999984616E+000, 3.9862899999984616E+000,-1.0602487360853690E+001
 3.9872899999984615E+000, 3.9872899999984615E+000,-1.0602487360851505E+001
 3.9882899999984613E+000, 3.9882899999984613E+000,-1.0602487360851956E+001
 3.9892899999984612E+000, 3.9892899999984612E+000,-1.0602487360850693E+001
 3.9902899999984611E+000, 3.9902899999984611E+000,-1.0602487360838351E+001
 3.9912899999984610E+000, 3.9912899999984610E+000,-1.0602487360832125E+001
 3.9922899999984609E+000, 3.9922899999984609E+000,-1.0602487360830695E+001
 3.9932899999984608E+000, 3.9932899999984608E+000,-1.0602487360841327E+001
 3.9942899999984607E+000, 3.9942899999984607E+000,-1.0602487360823771E+001
 3.9952899999984606E+000, 3.9952899999984606E+000,-1.0602487360822028E+001
 3.9962899999984605E+000, 3.9962899999984605E+000,-1.0602487360823398E+001
 3.9972899999984604E+000, 3.9972899999984604E+000,-1.0602487360815747E+001
 3.9982899999984602E+000, 3.9982899999984602E+000,-1.0602487360807860E+001
 3.9992899999984601E+000, 3.9992899999984601E+000,-1.0602487360814592E+001
 4.0002899999984605E+000, 4.0002899999984605E+000,-1.0602487360812596E+001
 4.0012899999984608E+000, 4.0012899999984608E+000,-1.0602487360811274E+001
 4.0022899999984611E+000, 4.0022899999984611E+000,-1.0602487360786988E+001
 4.0032899999984615E+000, 4.0032899999984615E+000,-1.0602487360797920E+001
 4.0042899999984618E+000, 4.0042899999984618E+000,-1.0602487360791411E+001
 4.0052899999984621E+000, 4.0052899999984621E+000,-1.0602487360790864E+001
 4.0062899999984625E+000, 4.0062899999984625E+000,-1.0602487360785840E+001
 4.0072899999984628E+000, 4.0072899999984628E+000,-1.0602487360778033E+001
 4.0082899999984631E+000, 4.0082899999984631E+000,-1.0602487360782970E+001
 4.0092899999984635E+000, 4.0092899999984635E+000,-1.0602487360770779E+001
 4.0102899999984638E+000, 4.0102899999984638E+000,-1.0602487360775608E+001
 4.0112899999984641E+000, 4.0112899999984641E+000,-1.0602487360768054E+001
 4.0122899999984645E+000, 4.0122899999984645E+000,-1.0602487360772983E+001
 4.0132899999984648E+000, 4.0132899999984648E+000,-1.0602487360761691E+001
 4.0142899999984651E+000, 4.0142899999984651E+000,-1.0602487360754616E+001
 4.0152899999984655E+000, 4.0152899999984655E+000,-1.0602487360754939E+001
 4.0162899999984658E+000, 4.0162899999984658E+000,-1.0602487360757426E+001
 4.0172899999984661E+000, 4.0172899999984661E+000,-1.0602487360754269E+001
 4.0182899999984665E+000, 4.0182899999984665E+000,-1.0602487360743808E+001
 4.0192899999984668E+000, 4.0192899999984668E+000,-1.0602487360749583E+001
 4.0202899999984671E+000, 4.0202899999984671E+000,-1.0602487360732793E+001
 4.0212899999984675E+000, 4.0212899999984675E+000,-1.0602487360731972E+001
 4.0222899999984678E+000, 4.0222899999984678E+000,-1.0602487360730684E+001
 4.0232899999984681E+000, 4.0232899999984681E+000,-1.0602487360718333E+001
 4.0242899999984685E+000, 4.0242899999984685E+000,-1.0602487360726876E+001
 4.0252899999984688E+000, 4.0252899999984688E+000,-1.0602487360716580E+001
 4.0262899999984691E+000, 4.0262899999984691E+000,-1.0602487360726087E+001
 4.0272899999984695E+000, 4.0272899999984695E+000,-1.0602487360708501E+001
 4.0282899999984698E+000, 4.0282899999984698E+000,-1.0602487360703035E+001
 4.0292899999984702E+000, 4.0292899999984702E+000,-1.0602487360706245E+001
 4.0302899999984705E+000, 4.0302899999984705E+000,-1.0602487360700433E+001
 4.0312899999984708E+000, 4.0312899999984708E+000,-1.0602487360699907E+001
 4.0322899999984712E+000, 4.0322899999984712E+000,-1.0602487360693981E+001
 4.0332899999984715E+000, 4.0332899999984715E+000,-1.0602487360698097E+001
 4.0342899999984718E+000, 4.0342899999984718E+000,-1.0602487360691411E+001
 4.0352899999984722E+000, 4.0352899999984722E+000,-1.0602487360684435E+001
 4.0362899999984725E+000, 4.0362899999984725E+000,-1.0602487360679245E+001
 4.0372899999984728E+000, 4.0372899999984728E+000,-1.0602487360677840E+001
 4.0382899999984732E+000, 4.0382899999984732E+000,-1.0602487360671018E+001
 4.0392899999984735E+000, 4.0392899999984735E+000,-1.0602487360670453E+001
 4.0402899999984738E+000, 4.0402899999984738E+000,-1.0602487360670063E+001
 4.0412899999984742E+000, 4.0412899999984742E+000,-1.0602487360655957E+001
 4.0422899999984745E+000, 4.0422899999984745E+000,-1.0602487360660728E+001
 4.0432899999984748E+000, 4.0432899999984748E+000,-1.0602487360660476E+001
 4.0442899999984752E+000, 4.0442899999984752E+000,-1.0602487360649054E+001
 4.0452899999984755E+000, 4.0452899999984755E+000,-1.0602487360648384E+001
 4.0462899999984758E+000, 4.0462899999984758E+000,-1.0602487360651708E+001
 4.0472899999984762E+000, 4.0472899999984762E+000,-1.0602487360640382E+001
 4.0482899999984765E+000, 4.0482899999984765E+000,-1.0602487360632397E+001
 4.0492899999984768E+000, 4.0492899999984768E+000,-1.0602487360645529E+001
 4.0502899999984772E+000, 4.0502899999984772E+000,-1.0602487360643718E+001
 4.0512899999984775E+000, 4.0512899999984775E+000,-1.0602487360637763E+001
 4.0522899999984778E+000, 4.0522899999984778E+000,-1.0602487360629922E+001
 4.0532899999984782E+000, 4.0532899999984782E+000,-1.0602487360623822E+001
 4.0542899999984785E+000, 4.0542899999984785E+000,-1.0602487360616861E+001
 4.0552899999984788E+000, 4.0552899999984788E+000,-1.0602487360620938E+001
 4.0562899999984792E+000, 4.0562899999984792E+000,-1.0602487360619776E+001
 4.0572899999984795E+000, 4.0572899999984795E+000,-1.0602487360613836E+001
 4.0582899999984798E+000, 4.0582899999984798E+000,-1.0602487360606895E+001
 4.0592899999984802E+000, 4.0592899999984802E+000,-1.0602487360596191E+001
 4.0602899999984805E+000, 4.0602899999984805E+000,-1.0602487360601952E+001
 4.0612899999984808E+000, 4.0612899999984808E+000,-1.0602487360599032E+001
 4.0622899999984812E+000, 4.0622899999984812E+000,-1.0602487360582916E+001
 4.0632899999984815E+000, 4.0632899999984815E+000,-1.0602487360591368E+001
 4.0642899999984818E+000, 4.0642899999984818E+000,-1.0602487360585695E+001
 4.0652899999984822E+000, 4.0652899999984822E+000,-1.0602487360586064E+001
 4.0662899999984825E+000, 4.0662899999984825E+000,-1.0602487360579275E+001
 4.0672899999984828E+000, 4.0672899999984828E+000,-1.0602487360583353E+001
 4.0682899999984832E+000, 4.0682899999984832E+000,-1.0602487360570247E+001
 4.0692899999984835E+000, 4.0692899999984835E+000,-1.0602487360568631E+001
 4.0702899999984838E+000, 4.0702899999984838E+000,-1.0602487360562696E+001
 4.0712899999984842E+000, 4.0712899999984842E+000,-1.0602487360567679E+001
 4.0722899999984845E+000, 4.0722899999984845E+000,-1.0602487360561915E+001
 4.0732899999984848E+000, 4.0732899999984848E+000,-1.0602487360559604E+001
 4.0742899999984852E+000, 4.0742899999984852E+000,-1.0602487360560062E+001
 4.0752899999984855E+000, 4.0752899999984855E+000,-1.0602487360553269E+001
 4.0762899999984858E+000, 4.0762899999984858E+000,-1.0602487360550926E+001
 4.0772899999984862E+000, 4.0772899999984862E+000,-1.0602487360538563E+001
 4.0782899999984865E+000, 4.0782899999984865E+000,-1.0602487360544270E+001
 4.0792899999984868E+000, 4.0792899999984868E+000,-1.0602487360536742E+001
 4.0802899999984872E+000, 4.0802899999984872E+000,-1.0602487360530644E+001
 4.0812899999984875E+000, 4.0812899999984875E+000,-1.0602487360531001E+001
 4.0822899999984879E+000, 4.0822899999984879E+000,-1.0602487360528841E+001
 4.0832899999984882E+000, 4.0832899999984882E+000,-1.0602487360523783E+001
 4.0842899999984885E+000, 4.0842899999984885E+000,-1.0602487360511329E+001
 4.0852899999984889E+000, 4.0852899999984889E+000,-1.0602487360514358E+001
 4.0862899999984892E+000, 4.0862899999984892E+000,-1.0602487360503019E+001
 4.0872899999984895E+000, 4.0872899999984895E+000,-1.0602487360506972E+001
 4.0882899999984899E+000, 4.0882899999984899E+000,-1.0602487360502977E+001
 4.0892899999984902E+000, 4.0892899999984902E+000,-1.0602487360495179E+001
 4.0902899999984905E+000, 4.0902899999984905E+000,-1.0602487360499225E+001
 4.0912899999984909E+000, 4.0912899999984909E+000,-1.0602487360509091E+001
 4.0922899999984912E+000, 4.0922899999984912E+000,-1.0602487360497053E+001
 4.0932899999984915E+000, 4.0932899999984915E+000,-1.0602487360490834E+001
 4.0942899999984919E+000, 4.0942899999984919E+000,-1.0602487360483881E+001
 4.0952899999984922E+000, 4.0952899999984922E+000,-1.0602487360483323E+001
 4.0962899999984925E+000, 4.0962899999984925E+000,-1.0602487360482929E+001
 4.0972899999984929E+000, 4.0972899999984929E+000,-1.0602487360475234E+001
 4.0982899999984932E+000, 4.0982899999984932E+000,-1.0602487360473756E+001
 4.0992899999984935E+000, 4.0992899999984935E+000,-1.0602487360469611E+001
 4.1002899999984939E+000, 4.1002899999984939E+000,-1.0602487360452555E+001
 4.1012899999984942E+000, 4.1012899999984942E+000,-1.0602487360472026E+001
 4.1022899999984945E+000, 4.1022899999984945E+000,-1.0602487360459326E+001
 4.1032899999984949E+000, 4.1032899999984949E+000,-1.0602487360458625E+001
 4.1042899999984952E+000, 4.1042899999984952E+000,-1.0602487360447190E+001
 4.1052899999984955E+000, 4.1052899999984955E+000,-1.0602487360446512E+001
 4.1062899999984959E+000, 4.1062899999984959E+000,-1.0602487360457150E+001
 4.1072899999984962E+000, 4.1072899999984962E+000,-1.0602487360443339E+001
 4.1082899999984965E+000, 4.1082899999984965E+000,-1.0602487360437967E+001
 4.1092899999984969E+000, 4.1092899999984969E+000,-1.0602487360425521E+001
 4.1102899999984972E+000, 4.1102899999984972E+000,-1.0602487360424821E+001
 4.1112899999984975E+000, 4.1112899999984975E+000,-1.0602487360435461E+001
 4.1122899999984979E+000, 4.1122899999984979E+000,-1.0602487360418795E+001
 4.1132899999984982E+000, 4.1132899999984982E+000,-1.0602487360417090E+001
 4.1142899999984985E+000, 4.1142899999984985E+000,-1.0602487360423083E+001
 4.1152899999984989E+000, 4.1152899999984989E+000,-1.0602487360402732E+001
 4.1162899999984992E+000, 4.1162899999984992E+000,-1.0602487360419266E+001
 4.1172899999984995E+000, 4.1172899999984995E+000,-1.0602487360407395E+001
 4.1182899999984999E+000, 4.1182899999984999E+000,-1.0602487360407601E+001
 4.1192899999985002E+000, 4.1192899999985002E+000,-1.0602487360404542E+001
 4.1202899999985005E+000, 4.1202899999985005E+000,-1.0602487360399460E+001
 4.1212899999985009E+000, 4.1212899999985009E+000,-1.0602487360386119E+001
 4.1222899999985012E+000, 4.1222899999985012E+000,-1.0602487360396429E+001
 4.1232899999985015E+000, 4.1232899999985015E+000,-1.0602487360390803E+001
 4.1242899999985019E+000, 4.1242899999985019E+000,-1.0602487360383865E+001
 4.1252899999985022E+000, 4.1252899999985022E+000,-1.0602487360379580E+001
 4.1262899999985025E+000, 4.1262899999985025E+000,-1.0602487360365366E+001
 4.1272899999985029E+000, 4.1272899999985029E+000,-1.0602487360370123E+001
 4.1282899999985032E+000, 4.1282899999985032E+000,-1.0602487360363458E+001
 4.1292899999985035E+000, 4.1292899999985035E+000,-1.0602487360372169E+001
 4.1302899999985039E+000, 4.1302899999985039E+000,-1.0602487360360975E+001
 4.1312899999985042E+000, 4.1312899999985042E+000,-1.0602487360351946E+001
 4.1322899999985045E+000, 4.1322899999985045E+000,-1.0602487360352391E+001
 4.1332899999985049E+000, 4.1332899999985049E+000,-1.0602487360353813E+001
 4.1342899999985052E+000, 4.1342899999985052E+000,-1.0602487360351679E+001
 4.1352899999985056E+000, 4.1352899999985056E+000,-1.0602487360352130E+001
 4.1362899999985059E+000, 4.1362899999985059E+000,-1.0602487360327904E+001
 4.1372899999985062E+000, 4.1372899999985062E+000,-1.0602487360326894E+001
 4.1382899999985066E+000, 4.1382899999985066E+000,-1.0602487360331111E+001
 4.1392899999985069E+000, 4.1392899999985069E+000,-1.0602487360329951E+001
 4.1402899999985072E+000, 4.1402899999985072E+000,-1.0602487360324020E+001
 4.1412899999985076E+000, 4.1412899999985076E+000,-1.0602487360317079E+001
 4.1422899999985079E+000, 4.1422899999985079E+000,-1.0602487360329341E+001
 4.1432899999985082E+000, 4.1432899999985082E+000,-1.0602487360321090E+001
 4.1442899999985086E+000, 4.1442899999985086E+000,-1.0602487360321387E+001
 4.1452899999985089E+000, 4.1452899999985089E+000,-1.0602487360313708E+001
 4.1462899999985092E+000, 4.1462899999985092E+000,-1.0602487360308507E+001
 4.1472899999985096E+000, 4.1472899999985096E+000,-1.0602487360306210E+001
 4.1482899999985099E+000, 4.1482899999985099E+000,-1.0602487360294724E+001
 4.1492899999985102E+000, 4.1492899999985102E+000,-1.0602487360293148E+001
 4.1502899999985106E+000, 4.1502899999985106E+000,-1.0602487360297363E+001
 4.1512899999985109E+000, 4.1512899999985109E+000,-1.0602487360286055E+001
 4.1522899999985112E+000, 4.1522899999985112E+000,-1.0602487360275232E+001
 4.1532899999985116E+000, 4.1532899999985116E+000,-1.0602487360284716E+001
 4.1542899999985119E+000, 4.1542899999985119E+000,-1.0602487360272647E+001
 4.1552899999985122E+000, 4.1552899999985122E+000,-1.0602487360271958E+001
 4.1562899999985126E+000, 4.1562899999985126E+000,-1.0602487360280808E+001
 4.1572899999985129E+000, 4.1572899999985129E+000,-1.0602487360274255E+001
 4.1582899999985132E+000, 4.1582899999985132E+000,-1.0602487360261776E+001
 4.1592899999985136E+000, 4.1592899999985136E+000,-1.0602487360261964E+001
 4.1602899999985139E+000, 4.1602899999985139E+000,-1.0602487360256063E+001
 4.1612899999985142E+000, 4.1612899999985142E+000,-1.0602487360255541E+001
 4.1622899999985146E+000, 4.1622899999985146E+000,-1.0602487360252464E+001
 4.1632899999985149E+000, 4.1632899999985149E+000,-1.0602487360245593E+001
 4.1642899999985152E+000, 4.1642899999985152E+000,-1.0602487360245927E+001
 4.1652899999985156E+000, 4.1652899999985156E+000,-1.0602487360251972E+001
 4.1662899999985159E+000, 4.1662899999985159E+000,-1.0602487360243561E+001
 4.1672899999985162E+000, 4.1672899999985162E+000,-1.0602487360237433E+001
 4.1682899999985166E+000, 4.1682899999985166E+000,-1.0602487360231375E+001
 4.1692899999985169E+000, 4.1692899999985169E+000,-1.0602487360219804E+001
 4.1702899999985172E+000, 4.1702899999985172E+000,-1.0602487360227471E+001
 4.1712899999985176E+000, 4.1712899999985176E+000,-1.0602487360227297E+001
 4.1722899999985179E+000, 4.1722899999985179E+000,-1.0602487360217671E+001
 4.1732899999985182E+000, 4.1732899999985182E+000,-1.0602487360209725E+001
 4.1742899999985186E+000, 4.1742899999985186E+000,-1.0602487360212866E+001
 4.1752899999985189E+000, 4.1752899999985189E+000,-1.0602487360208846E+001
 4.1762899999985192E+000, 4.1762899999985192E+000,-1.0602487360201060E+001
 4.1772899999985196E+000, 4.1772899999985196E+000,-1.0602487360201374E+001
 4.1782899999985199E+000, 4.1782899999985199E+000,-1.0602487360189075E+001
 4.1792899999985202E+000, 4.1792899999985202E+000,-1.0602487360192098E+001
 4.1802899999985206E+000, 4.1802899999985206E+000,-1.0602487360186281E+001
 4.1812899999985209E+000, 4.1812899999985209E+000,-1.0602487360181131E+001
 4.1822899999985212E+000, 4.1822899999985212E+000,-1.0602487360180614E+001
 4.1832899999985216E+000, 4.1832899999985216E+000,-1.0602487360177532E+001
 4.1842899999985219E+000, 4.1842899999985219E+000,-1.0602487360183492E+001
 4.1852899999985222E+000, 4.1852899999985222E+000,-1.0602487360175962E+001
 4.1862899999985226E+000, 4.1862899999985226E+000,-1.0602487360164350E+001
 4.1872899999985229E+000, 4.1872899999985229E+000,-1.0602487360168299E+001
 4.1882899999985232E+000, 4.1882899999985232E+000,-1.0602487360161607E+001
 4.1892899999985236E+000, 4.1892899999985236E+000,-1.0602487360160159E+001
 4.1902899999985239E+000, 4.1902899999985239E+000,-1.0602487360160644E+001
 4.1912899999985243E+000, 4.1912899999985243E+000,-1.0602487360148338E+001
 4.1922899999985246E+000, 4.1922899999985246E+000,-1.0602487360145860E+001
 4.1932899999985249E+000, 4.1932899999985249E+000,-1.0602487360150919E+001
 4.1942899999985253E+000, 4.1942899999985253E+000,-1.0602487360144268E+001
 4.1952899999985256E+000, 4.1952899999985256E+000,-1.0602487360137298E+001
 4.1962899999985259E+000, 4.1962899999985259E+000,-1.0602487360134802E+001
 4.1972899999985263E+000, 4.1972899999985263E+000,-1.0602487360131677E+001
 4.1982899999985266E+000, 4.1982899999985266E+000,-1.0602487360119277E+001
 4.1992899999985269E+000, 4.1992899999985269E+000,-1.0602487360124982E+001
 4.2002899999985273E+000, 4.2002899999985273E+000,-1.0602487360122083E+001
 4.2012899999985276E+000, 4.2012899999985276E+000,-1.0602487360122517E+001
 4.2022899999985279E+000, 4.2022899999985279E+000,-1.0602487360111120E+001
 4.2032899999985283E+000, 4.2032899999985283E+000,-1.0602487360104028E+001
 4.2042899999985286E+000, 4.2042899999985286E+000,-1.0602487360101676E+001
 4.2052899999985289E+000, 4.2052899999985289E+000,-1.0602487360101225E+001
 4.2062899999985293E+000, 4.2062899999985293E+000,-1.0602487360106361E+001
 4.2072899999985296E+000, 4.2072899999985296E+000,-1.0602487360107016E+001
 4.2082899999985299E+000, 4.2082899999985299E+000,-1.0602487360082783E+001
 4.2092899999985303E+000, 4.2092899999985303E+000,-1.0602487360091020E+001
 4.2102899999985306E+000, 4.2102899999985306E+000,-1.0602487360085348E+001
 4.2112899999985309E+000, 4.2112899999985309E+000,-1.0602487360084808E+001
 4.2122899999985313E+000, 4.2122899999985313E+000,-1.0602487360078003E+001
 4.2132899999985316E+000, 4.2132899999985316E+000,-1.0602487360071931E+001
 4.2142899999985319E+000, 4.2142899999985319E+000,-1.0602487360076024E+001
 4.2152899999985323E+000, 4.2152899999985323E+000,-1.0602487360063821E+001
 4.2162899999985326E+000, 4.2162899999985326E+000,-1.0602487360075058E+001
 4.2172899999985329E+000, 4.2172899999985329E+000,-1.0602487360063048E+001
 4.2182899999985333E+000, 4.2182899999985333E+000,-1.0602487360060559E+001
 4.2192899999985336E+000, 4.2192899999985336E+000,-1.0602487360061005E+001
 4.2202899999985339E+000, 4.2202899999985339E+000,-1.0602487360055132E+001
 4.2212899999985343E+000, 4.2212899999985343E+000,-1.0602487360063860E+001
 4.2222899999985346E+000, 4.2222899999985346E+000,-1.0602487360052656E+001
 4.2232899999985349E+000, 4.2232899999985349E+000,-1.0602487360051100E+001
 4.2242899999985353E+000, 4.2242899999985353E+000,-1.0602487360046048E+001
 4.2252899999985356E+000, 4.2252899999985356E+000,-1.0602487360033601E+001
 4.2262899999985359E+000, 4.2262899999985359E+000,-1.0602487360032004E+001
 4.2272899999985363E+000, 4.2272899999985363E+000,-1.0602487360030691E+001
 4.2282899999985366E+000, 4.2282899999985366E+000,-1.0602487360014617E+001
 4.2292899999985369E+000, 4.2292899999985369E+000,-1.0602487360016660E+001
 4.2302899999985373E+000, 4.2302899999985373E+000,-1.0602487360021838E+001
 4.2312899999985376E+000, 4.2312899999985376E+000,-1.0602487360012351E+001
 4.2322899999985379E+000, 4.2322899999985379E+000,-1.0602487360008151E+001
 4.2332899999985383E+000, 4.2332899999985383E+000,-1.0602487360002151E+001
 4.2342899999985386E+000, 4.2342899999985386E+000,-1.0602487360007135E+001
 4.2352899999985389E+000, 4.2352899999985389E+000,-1.0602487360005092E+001
 4.2362899999985393E+000, 4.2362899999985393E+000,-1.0602487360000937E+001
 4.2372899999985396E+000, 4.2372899999985396E+000,-1.0602487360003279E+001
 4.2382899999985399E+000, 4.2382899999985399E+000,-1.0602487359997445E+001
 4.2392899999985403E+000, 4.2392899999985403E+000,-1.0602487359984980E+001
 4.2402899999985406E+000, 4.2402899999985406E+000,-1.0602487359984273E+001
 4.2412899999985409E+000, 4.2412899999985409E+000,-1.0602487359984776E+001
 4.2422899999985413E+000, 4.2422899999985413E+000,-1.0602487359981730E+001
 4.2432899999985416E+000, 4.2432899999985416E+000,-1.0602487359976648E+001
 4.2442899999985420E+000, 4.2442899999985420E+000,-1.0602487359970620E+001
 4.2452899999985423E+000, 4.2452899999985423E+000,-1.0602487359970077E+001
 4.2462899999985426E+000, 4.2462899999985426E+000,-1.0602487359963273E+001
 4.2472899999985430E+000, 4.2472899999985430E+000,-1.0602487359961831E+001
 4.2482899999985433E+000, 4.2482899999985433E+000,-1.0602487359960520E+001
 4.2492899999985436E+000, 4.2492899999985436E+000,-1.0602487359953697E+001
 4.2502899999985440E+000, 4.2502899999985440E+000,-1.0602487359953127E+001
 4.2512899999985443E+000, 4.2512899999985443E+000,-1.0602487359946331E+001
 4.2522899999985446E+000, 4.2522899999985446E+000,-1.0602487359942044E+001
 4.2532899999985450E+000, 4.2532899999985450E+000,-1.0602487359933356E+001
 4.2542899999985453E+000, 4.2542899999985453E+000,-1.0602487359944682E+001
 4.2552899999985456E+000, 4.2552899999985456E+000,-1.0602487359936394E+001
 4.2562899999985460E+000, 4.2562899999985460E+000,-1.0602487359931173E+001
 4.2572899999985463E+000, 4.2572899999985463E+000,-1.0602487359924249E+001
 4.2582899999985466E+000, 4.2582899999985466E+000,-1.0602487359918165E+001
 4.2592899999985470E+000, 4.2592899999985470E+000,-1.0602487359910313E+001
 4.2602899999985473E+000, 4.2602899999985473E+000,-1.0602487359916147E+001
 4.2612899999985476E+000, 4.2612899999985476E+000,-1.0602487359920541E+001
 4.2622899999985480E+000, 4.2622899999985480E+000,-1.0602487359909253E+001
 4.2632899999985483E+000, 4.2632899999985483E+000,-1.0602487359902172E+001
 4.2642899999985486E+000, 4.2642899999985486E+000,-1.0602487359907114E+001
 4.2652899999985490E+000, 4.2652899999985490E+000,-1.0602487359906867E+001
 4.2662899999985493E+000, 4.2662899999985493E+000,-1.0602487359904702E+001
 4.2672899999985496E+000, 4.2672899999985496E+000,-1.0602487359892322E+001
 4.2682899999985500E+000, 4.2682899999985500E+000,-1.0602487359887000E+001
 4.2692899999985503E+000, 4.2692899999985503E+000,-1.0602487359880971E+001
 4.2702899999985506E+000, 4.2702899999985506E+000,-1.0602487359890585E+001
 4.2712899999985510E+000, 4.2712899999985510E+000,-1.0602487359879419E+001
 4.2722899999985513E+000, 4.2722899999985513E+000,-1.0602487359876951E+001
 4.2732899999985516E+000, 4.2732899999985516E+000,-1.0602487359882034E+001
 4.2742899999985520E+000, 4.2742899999985520E+000,-1.0602487359873589E+001
 4.2752899999985523E+000, 4.2752899999985523E+000,-1.0602487359869251E+001
 4.2762899999985526E+000, 4.2762899999985526E+000,-1.0602487359856825E+001
 4.2772899999985530E+000, 4.2772899999985530E+000,-1.0602487359860747E+001
 4.2782899999985533E+000, 4.2782899999985533E+000,-1.0602487359861374E+001
 4.2792899999985536E+000, 4.2792899999985536E+000,-1.0602487359854598E+001
 4.2802899999985540E+000, 4.2802899999985540E+000,-1.0602487359853143E+001
 4.2812899999985543E+000, 4.2812899999985543E+000,-1.0602487359852734E+001
 4.2822899999985546E+000, 4.2822899999985546E+000,-1.0602487359840417E+001
 4.2832899999985550E+000, 4.2832899999985550E+000,-1.0602487359826876E+001
 4.2842899999985553E+000, 4.2842899999985553E+000,-1.0602487359827037E+001
 4.2852899999985556E+000, 4.2852899999985556E+000,-1.0602487359842332E+001
 4.2862899999985560E+000, 4.2862899999985560E+000,-1.0602487359825798E+001
 4.2872899999985563E+000, 4.2872899999985563E+000,-1.0602487359828707E+001
 4.2882899999985566E+000, 4.2882899999985566E+000,-1.0602487359815585E+001
 4.2892899999985570E+000, 4.2892899999985570E+000,-1.0602487359816656E+001
 4.2902899999985573E+000, 4.2902899999985573E+000,-1.0602487359820040E+001
 4.2912899999985576E+000, 4.2912899999985576E+000,-1.0602487359808704E+001
 4.2922899999985580E+000, 4.2922899999985580E+000,-1.0602487359808924E+001
 4.2932899999985583E+000, 4.2932899999985583E+000,-1.0602487359807661E+001
 4.2942899999985586E+000, 4.2942899999985586E+000,-1.0602487359795317E+001
 4.2952899999985590E+000, 4.2952899999985590E+000,-1.0602487359799250E+001
 4.2962899999985593E+000, 4.2962899999985593E+000,-1.0602487359798969E+001
 4.2972899999985597E+000, 4.2972899999985597E+000,-1.0602487359782023E+001
 4.2982899999985600E+000, 4.2982899999985600E+000,-1.0602487359781199E+001
 4.2992899999985603E+000, 4.2992899999985603E+000,-1.0602487359783641E+001
 4.3002899999985607E+000, 4.3002899999985607E+000,-1.0602487359777800E+001
 4.3012899999985610E+000, 4.3012899999985610E+000,-1.0602487359771754E+001
 4.3022899999985613E+000, 4.3022899999985613E+000,-1.0602487359771224E+001
 4.3032899999985617E+000, 4.3032899999985617E+000,-1.0602487359769045E+001
 4.3042899999985620E+000, 4.3042899999985620E+000,-1.0602487359763987E+001
 4.3052899999985623E+000, 4.3052899999985623E+000,-1.0602487359768100E+001
 4.3062899999985627E+000, 4.3062899999985627E+000,-1.0602487359767823E+001
 4.3072899999985630E+000, 4.3072899999985630E+000,-1.0602487359756402E+001
 4.3082899999985633E+000, 4.3082899999985633E+000,-1.0602487359753045E+001
 4.3092899999985637E+000, 4.3092899999985637E+000,-1.0602487359751684E+001
 4.3102899999985640E+000, 4.3102899999985640E+000,-1.0602487359741122E+001
 4.3112899999985643E+000, 4.3112899999985643E+000,-1.0602487359739577E+001
 4.3122899999985647E+000, 4.3122899999985647E+000,-1.0602487359740053E+001
 4.3132899999985650E+000, 4.3132899999985650E+000,-1.0602487359739690E+001
 4.3142899999985653E+000, 4.3142899999985653E+000,-1.0602487359730199E+001
 4.3152899999985657E+000, 4.3152899999985657E+000,-1.0602487359720323E+001
 4.3162899999985660E+000, 4.3162899999985660E+000,-1.0602487359714173E+001
 4.3172899999985663E+000, 4.3172899999985663E+000,-1.0602487359727505E+001
 4.3182899999985667E+000, 4.3182899999985667E+000,-1.0602487359717330E+001
 4.3192899999985670E+000, 4.3192899999985670E+000,-1.0602487359725934E+001
 4.3202899999985673E+000, 4.3202899999985673E+000,-1.0602487359715644E+001
 4.3212899999985677E+000, 4.3212899999985677E+000,-1.0602487359708581E+001
 4.3222899999985680E+000, 4.3222899999985680E+000,-1.0602487359701602E+001
 4.3232899999985683E+000, 4.3232899999985683E+000,-1.0602487359701044E+001
 4.3242899999985687E+000, 4.3242899999985687E+000,-1.0602487359705277E+001
 4.3252899999985690E+000, 4.3252899999985690E+000,-1.0602487359699492E+001
 4.3262899999985693E+000, 4.3262899999985693E+000,-1.0602487359692548E+001
 4.3272899999985697E+000, 4.3272899999985697E+000,-1.0602487359691093E+001
 4.3282899999985700E+000, 4.3282899999985700E+000,-1.0602487359679639E+001
 4.3292899999985703E+000, 4.3292899999985703E+000,-1.0602487359689109E+001
 4.3302899999985707E+000, 4.3302899999985707E+000,-1.0602487359677040E+001
 4.3312899999985710E+000, 4.3312899999985710E+000,-1.0602487359671720E+001
 4.3322899999985713E+000, 4.3322899999985713E+000,-1.0602487359665687E+001
 4.3332899999985717E+000, 4.3332899999985717E+000,-1.0602487359662478E+001
 4.3342899999985720E+000, 4.3342899999985720E+000,-1.0602487359662895E+001
 4.3352899999985723E+000, 4.3352899999985723E+000,-1.0602487359667164E+001
 4.3362899999985727E+000, 4.3362899999985727E+000,-1.0602487359651228E+001
 4.3372899999985730E+000, 4.3372899999985730E+000,-1.0602487359655957E+001
 4.3382899999985733E+000, 4.3382899999985733E+000,-1.0602487359653018E+001
 4.3392899999985737E+000, 4.3392899999985737E+000,-1.0602487359636001E+001
 4.3402899999985740E+000, 4.3402899999985740E+000,-1.0602487359641596E+001
 4.3412899999985743E+000, 4.3412899999985743E+000,-1.0602487359650619E+001
 4.3422899999985747E+000, 4.3422899999985747E+000,-1.0602487359638543E+001
 4.3432899999985750E+000, 4.3432899999985750E+000,-1.0602487359631429E+001
 4.3442899999985753E+000, 4.3442899999985753E+000,-1.0602487359630862E+001
 4.3452899999985757E+000, 4.3452899999985757E+000,-1.0602487359619426E+001
 4.3462899999985760E+000, 4.3462899999985760E+000,-1.0602487359629798E+001
 4.3472899999985763E+000, 4.3472899999985763E+000,-1.0602487359611345E+001
 4.3482899999985767E+000, 4.3482899999985767E+000,-1.0602487359612265E+001
 4.3492899999985770E+000, 4.3492899999985770E+000,-1.0602487359599078E+001
 4.3502899999985774E+000, 4.3502899999985774E+000,-1.0602487359608517E+001
 4.3512899999985777E+000, 4.3512899999985777E+000,-1.0602487359602865E+001
 4.3522899999985780E+000, 4.3522899999985780E+000,-1.0602487359595024E+001
 4.3532899999985784E+000, 4.3532899999985784E+000,-1.0602487359599074E+001
 4.3542899999985787E+000, 4.3542899999985787E+000,-1.0602487359593276E+001
 4.3552899999985790E+000, 4.3552899999985790E+000,-1.0602487359591857E+001
 4.3562899999985794E+000, 4.3562899999985794E+000,-1.0602487359582184E+001
 4.3572899999985797E+000, 4.3572899999985797E+000,-1.0602487359581557E+001
 4.3582899999985800E+000, 4.3582899999985800E+000,-1.0602487359585796E+001
 4.3592899999985804E+000, 4.3592899999985804E+000,-1.0602487359582845E+001
 4.3602899999985807E+000, 4.3602899999985807E+000,-1.0602487359577765E+001
 4.3612899999985810E+000, 4.3612899999985810E+000,-1.0602487359569945E+001
 4.3622899999985814E+000, 4.3622899999985814E+000,-1.0602487359568466E+001
 4.3632899999985817E+000, 4.3632899999985817E+000,-1.0602487359562524E+001
 4.3642899999985820E+000, 4.3642899999985820E+000,-1.0602487359556484E+001
 4.3652899999985824E+000, 4.3652899999985824E+000,-1.0602487359555946E+001
 4.3662899999985827E+000, 4.3662899999985827E+000,-1.0602487359549128E+001
 4.3672899999985830E+000, 4.3672899999985830E+000,-1.0602487359551411E+001
 4.3682899999985834E+000, 4.3682899999985834E+000,-1.0602487359542739E+001
 4.3692899999985837E+000, 4.3692899999985837E+000,-1.0602487359551391E+001
 4.3702899999985840E+000, 4.3702899999985840E+000,-1.0602487359540193E+001
 4.3712899999985844E+000, 4.3712899999985844E+000,-1.0602487359527581E+001
 4.3722899999985847E+000, 4.3722899999985847E+000,-1.0602487359536141E+001
 4.3732899999985850E+000, 4.3732899999985850E+000,-1.0602487359532240E+001
 4.3742899999985854E+000, 4.3742899999985854E+000,-1.0602487359525362E+001
 4.3752899999985857E+000, 4.3752899999985857E+000,-1.0602487359528523E+001
 4.3762899999985860E+000, 4.3762899999985860E+000,-1.0602487359516291E+001
 4.3772899999985864E+000, 4.3772899999985864E+000,-1.0602487359521126E+001
 4.3782899999985867E+000, 4.3782899999985867E+000,-1.0602487359515351E+001
 4.3792899999985870E+000, 4.3792899999985870E+000,-1.0602487359503783E+001
 4.3802899999985874E+000, 4.3802899999985874E+000,-1.0602487359507727E+001
 4.3812899999985877E+000, 4.3812899999985877E+000,-1.0602487359495518E+001
 4.3822899999985880E+000, 4.3822899999985880E+000,-1.0602487359494807E+001
 4.3832899999985884E+000, 4.3832899999985884E+000,-1.0602487359499950E+001
 4.3842899999985887E+000, 4.3842899999985887E+000,-1.0602487359494177E+001
 4.3852899999985890E+000, 4.3852899999985890E+000,-1.0602487359497387E+001
 4.3862899999985894E+000, 4.3862899999985894E+000,-1.0602487359486055E+001
 4.3872899999985897E+000, 4.3872899999985897E+000,-1.0602487359480751E+001
 4.3882899999985900E+000, 4.3882899999985900E+000,-1.0602487359483975E+001
 4.3892899999985904E+000, 4.3892899999985904E+000,-1.0602487359472629E+001
 4.3902899999985907E+000, 4.3902899999985907E+000,-1.0602487359464654E+001
 4.3912899999985910E+000, 4.3912899999985910E+000,-1.0602487359470482E+001
 4.3922899999985914E+000, 4.3922899999985914E+000,-1.0602487359458312E+001
 4.3932899999985917E+000, 4.3932899999985917E+000,-1.0602487359462252E+001
 4.3942899999985920E+000, 4.3942899999985920E+000,-1.0602487359455557E+001
 4.3952899999985924E+000, 4.3952899999985924E+000,-1.0602487359455012E+001
 4.3962899999985927E+000, 4.3962899999985927E+000,-1.0602487359449107E+001
 4.3972899999985930E+000, 4.3972899999985930E+000,-1.0602487359447677E+001
 4.3982899999985934E+000, 4.3982899999985934E+000,-1.0602487359434418E+001
 4.3992899999985937E+000, 4.3992899999985937E+000,-1.0602487359445643E+001
 4.4002899999985940E+000, 4.4002899999985940E+000,-1.0602487359433617E+001
 4.4012899999985944E+000, 4.4012899999985944E+000,-1.0602487359443071E+001
 4.4022899999985947E+000, 4.4022899999985947E+000,-1.0602487359438308E+001
 4.4032899999985951E+000, 4.4032899999985951E+000,-1.0602487359435131E+001
 4.4042899999985954E+000, 4.4042899999985954E+000,-1.0602487359419012E+001
 4.4052899999985957E+000, 4.4052899999985957E+000,-1.0602487359411786E+001
 4.4062899999985961E+000, 4.4062899999985961E+000,-1.0602487359412120E+001
 4.4072899999985964E+000, 4.4072899999985964E+000,-1.0602487359410857E+001
 4.4082899999985967E+000, 4.4082899999985967E+000,-1.0602487359405822E+001
 4.4092899999985971E+000, 4.4092899999985971E+000,-1.0602487359408151E+001
 4.4102899999985974E+000, 4.4102899999985974E+000,-1.0602487359396788E+001
 4.4112899999985977E+000, 4.4112899999985977E+000,-1.0602487359396113E+001
 4.4122899999985981E+000, 4.4122899999985981E+000,-1.0602487359389297E+001
 4.4132899999985984E+000, 4.4132899999985984E+000,-1.0602487359388750E+001
 4.4142899999985987E+000, 4.4142899999985987E+000,-1.0602487359392084E+001
 4.4152899999985991E+000, 4.4152899999985991E+000,-1.0602487359386275E+001
 4.4162899999985994E+000, 4.4162899999985994E+000,-1.0602487359374717E+001
 4.4172899999985997E+000, 4.4172899999985997E+000,-1.0602487359378664E+001
 4.4182899999986001E+000, 4.4182899999986001E+000,-1.0602487359371965E+001
 4.4192899999986004E+000, 4.4192899999986004E+000,-1.0602487359372308E+001
 4.4202899999986007E+000, 4.4202899999986007E+000,-1.0602487359376578E+001
 4.4212899999986011E+000, 4.4212899999986011E+000,-1.0602487359368995E+001
 4.4222899999986014E+000, 4.4222899999986014E+000,-1.0602487359362899E+001
 4.4232899999986017E+000, 4.4232899999986017E+000,-1.0602487359361461E+001
 4.4242899999986021E+000, 4.4242899999986021E+000,-1.0602487359355539E+001
 4.4252899999986024E+000, 4.4252899999986024E+000,-1.0602487359355006E+001
 4.4262899999986027E+000, 4.4262899999986027E+000,-1.0602487359348199E+001
 4.4272899999986031E+000, 4.4272899999986031E+000,-1.0602487359356882E+001
 4.4282899999986034E+000, 4.4282899999986034E+000,-1.0602487359339282E+001
 4.4292899999986037E+000, 4.4292899999986037E+000,-1.0602487359340229E+001
 4.4302899999986041E+000, 4.4302899999986041E+000,-1.0602487359343613E+001
 4.4312899999986044E+000, 4.4312899999986044E+000,-1.0602487359326760E+001
 4.4322899999986047E+000, 4.4322899999986047E+000,-1.0602487359326851E+001
 4.4332899999986051E+000, 4.4332899999986051E+000,-1.0602487359325568E+001
 4.4342899999986054E+000, 4.4342899999986054E+000,-1.0602487359318747E+001
 4.4352899999986057E+000, 4.4352899999986057E+000,-1.0602487359316385E+001
 4.4362899999986061E+000, 4.4362899999986061E+000,-1.0602487359310436E+001
 4.4372899999986064E+000, 4.4372899999986064E+000,-1.0602487359309908E+001
 4.4382899999986067E+000, 4.4382899999986067E+000,-1.0602487359313240E+001
 4.4392899999986071E+000, 4.4392899999986071E+000,-1.0602487359296388E+001
 4.4402899999986074E+000, 4.4402899999986074E+000,-1.0602487359296463E+001
 4.4412899999986077E+000, 4.4412899999986077E+000,-1.0602487359295202E+001
 4.4422899999986081E+000, 4.4422899999986081E+000,-1.0602487359299420E+001
 4.4432899999986084E+000, 4.4432899999986084E+000,-1.0602487359286311E+001
 4.4442899999986087E+000, 4.4442899999986087E+000,-1.0602487359286487E+001
 4.4452899999986091E+000, 4.4452899999986091E+000,-1.0602487359285227E+001
 4.4462899999986094E+000, 4.4462899999986094E+000,-1.0602487359284815E+001
 4.4472899999986097E+000, 4.4472899999986097E+000,-1.0602487359279809E+001
 4.4482899999986101E+000, 4.4482899999986101E+000,-1.0602487359276621E+001
 4.4492899999986104E+000, 4.4492899999986104E+000,-1.0602487359282561E+001
 4.4502899999986107E+000, 4.4502899999986107E+000,-1.0602487359257582E+001
 4.4512899999986111E+000, 4.4512899999986111E+000,-1.0602487359258333E+001
 4.4522899999986114E+000, 4.4522899999986114E+000,-1.0602487359269022E+001
 4.4532899999986117E+000, 4.4532899999986117E+000,-1.0602487359249682E+001
 4.4542899999986121E+000, 4.4542899999986121E+000,-1.0602487359253413E+001
 4.4552899999986124E+000, 4.4552899999986124E+000,-1.0602487359248517E+001
 4.4562899999986127E+000, 4.4562899999986127E+000,-1.0602487359240698E+001
 4.4572899999986131E+000, 4.4572899999986131E+000,-1.0602487359236386E+001
 4.4582899999986134E+000, 4.4582899999986134E+000,-1.0602487359230372E+001
 4.4592899999986138E+000, 4.4592899999986138E+000,-1.0602487359233574E+001
 4.4602899999986141E+000, 4.4602899999986141E+000,-1.0602487359232388E+001
 4.4612899999986144E+000, 4.4612899999986144E+000,-1.0602487359226458E+001
 4.4622899999986148E+000, 4.4622899999986148E+000,-1.0602487359220405E+001
 4.4632899999986151E+000, 4.4632899999986151E+000,-1.0602487359224497E+001
 4.4642899999986154E+000, 4.4642899999986154E+000,-1.0602487359216909E+001
 4.4652899999986158E+000, 4.4652899999986158E+000,-1.0602487359210809E+001
 4.4662899999986161E+000, 4.4662899999986161E+000,-1.0602487359204762E+001
 4.4672899999986164E+000, 4.4672899999986164E+000,-1.0602487359208860E+001
 4.4682899999986168E+000, 4.4682899999986168E+000,-1.0602487359203060E+001
 4.4692899999986171E+000, 4.4692899999986171E+000,-1.0602487359202536E+001
 4.4702899999986174E+000, 4.4702899999986174E+000,-1.0602487359200348E+001
 4.4712899999986178E+000, 4.4712899999986178E+000,-1.0602487359194393E+001
 4.4722899999986181E+000, 4.4722899999986181E+000,-1.0602487359197594E+001
 4.4732899999986184E+000, 4.4732899999986184E+000,-1.0602487359186267E+001
 4.4742899999986188E+000, 4.4742899999986188E+000,-1.0602487359185586E+001
 4.4752899999986191E+000, 4.4752899999986191E+000,-1.0602487359178776E+001
 4.4762899999986194E+000, 4.4762899999986194E+000,-1.0602487359172695E+001
 4.4772899999986198E+000, 4.4772899999986198E+000,-1.0602487359176793E+001
 4.4782899999986201E+000, 4.4782899999986201E+000,-1.0602487359170999E+001
 4.4792899999986204E+000, 4.4792899999986204E+000,-1.0602487359164956E+001
 4.4802899999986208E+000, 4.4802899999986208E+000,-1.0602487359169032E+001
 4.4812899999986211E+000, 4.4812899999986211E+000,-1.0602487359162359E+001
 4.4822899999986214E+000, 4.4822899999986214E+000,-1.0602487359160016E+001
 4.4832899999986218E+000, 4.4832899999986218E+000,-1.0602487359149437E+001
 4.4842899999986221E+000, 4.4842899999986221E+000,-1.0602487359148782E+001
 4.4852899999986224E+000, 4.4852899999986224E+000,-1.0602487359147492E+001
 4.4862899999986228E+000, 4.4862899999986228E+000,-1.0602487359141559E+001
 4.4872899999986231E+000, 4.4872899999986231E+000,-1.0602487359136394E+001
 4.4882899999986234E+000, 4.4882899999986234E+000,-1.0602487359133200E+001
 4.4892899999986238E+000, 4.4892899999986238E+000,-1.0602487359132738E+001
 4.4902899999986241E+000, 4.4902899999986241E+000,-1.0602487359136090E+001
 4.4912899999986244E+000, 4.4912899999986244E+000,-1.0602487359125639E+001
 4.4922899999986248E+000, 4.4922899999986248E+000,-1.0602487359124996E+001
 4.4932899999986251E+000, 4.4932899999986251E+000,-1.0602487359122815E+001
 4.4942899999986254E+000, 4.4942899999986254E+000,-1.0602487359111338E+001
 4.4952899999986258E+000, 4.4952899999986258E+000,-1.0602487359109761E+001
 4.4962899999986261E+000, 4.4962899999986261E+000,-1.0602487359120390E+001
 4.4972899999986264E+000, 4.4972899999986264E+000,-1.0602487359102838E+001
 4.4982899999986268E+000, 4.4982899999986268E+000,-1.0602487359097365E+001
 4.4992899999986271E+000, 4.4992899999986271E+000,-1.0602487359096848E+001
 4.5002899999986274E+000, 4.5002899999986274E+000,-1.0602487359094663E+001
 4.5012899999986278E+000, 4.5012899999986278E+000,-1.0602487359097964E+001
 4.5022899999986281E+000, 4.5022899999986281E+000,-1.0602487359092160E+001
 4.5032899999986284E+000, 4.5032899999986284E+000,-1.0602487359092521E+001
 4.5042899999986288E+000, 4.5042899999986288E+000,-1.0602487359084851E+001
 4.5052899999986291E+000, 4.5052899999986291E+000,-1.0602487359084261E+001
 4.5062899999986294E+000, 4.5062899999986294E+000,-1.0602487359071038E+001
 4.5072899999986298E+000, 4.5072899999986298E+000,-1.0602487359071214E+001
 4.5082899999986301E+000, 4.5082899999986301E+000,-1.0602487359066222E+001
 4.5092899999986304E+000, 4.5092899999986304E+000,-1.0602487359053761E+001
 4.5102899999986308E+000, 4.5102899999986308E+000,-1.0602487359063218E+001
 4.5112899999986311E+000, 4.5112899999986311E+000,-1.0602487359050247E+001
 4.5122899999986315E+000, 4.5122899999986315E+000,-1.0602487359055059E+001
 4.5132899999986318E+000, 4.5132899999986318E+000,-1.0602487359043760E+001
 4.5142899999986321E+000, 4.5142899999986321E+000,-1.0602487359053235E+001
 4.5152899999986325E+000, 4.5152899999986325E+000,-1.0602487359054003E+001
 4.5162899999986328E+000, 4.5162899999986328E+000,-1.0602487359055587E+001
 4.5172899999986331E+000, 4.5172899999986331E+000,-1.0602487359045110E+001
 4.5182899999986335E+000, 4.5182899999986335E+000,-1.0602487359038046E+001
 4.5192899999986338E+000, 4.5192899999986338E+000,-1.0602487359026444E+001
 4.5202899999986341E+000, 4.5202899999986341E+000,-1.0602487359025758E+001
 4.5212899999986345E+000, 4.5212899999986345E+000,-1.0602487359025362E+001
 4.5222899999986348E+000, 4.5222899999986348E+000,-1.0602487359023186E+001
 4.5232899999986351E+000, 4.5232899999986351E+000,-1.0602487359011715E+001
 4.5242899999986355E+000, 4.5242899999986355E+000,-1.0602487359009235E+001
 4.5252899999986358E+000, 4.5252899999986358E+000,-1.0602487359015218E+001
 4.5262899999986361E+000, 4.5262899999986361E+000,-1.0602487359007688E+001
 4.5272899999986365E+000, 4.5272899999986365E+000,-1.0602487359001591E+001
 4.5282899999986368E+000, 4.5282899999986368E+000,-1.0602487358995523E+001
 4.5292899999986371E+000, 4.5292899999986371E+000,-1.0602487359001408E+001
 4.5302899999986375E+000, 4.5302899999986375E+000,-1.0602487358999408E+001
 4.5312899999986378E+000, 4.5312899999986378E+000,-1.0602487358992558E+001
 4.5322899999986381E+000, 4.5322899999986381E+000,-1.0602487358976330E+001
 4.5332899999986385E+000, 4.5332899999986385E+000,-1.0602487358986576E+001
 4.5342899999986388E+000, 4.5342899999986388E+000,-1.0602487358979152E+001
 4.5352899999986391E+000, 4.5352899999986391E+000,-1.0602487358977685E+001
 4.5362899999986395E+000, 4.5362899999986395E+000,-1.0602487358971748E+001
 4.5372899999986398E+000, 4.5372899999986398E+000,-1.0602487358959280E+001
 4.5382899999986401E+000, 4.5382899999986401E+000,-1.0602487358969626E+001
 4.5392899999986405E+000, 4.5392899999986405E+000,-1.0602487358963995E+001
 4.5402899999986408E+000, 4.5402899999986408E+000,-1.0602487358961687E+001
 4.5412899999986411E+000, 4.5412899999986411E+000,-1.0602487358944689E+001
 4.5422899999986415E+000, 4.5422899999986415E+000,-1.0602487358943863E+001
 4.5432899999986418E+000, 4.5432899999986418E+000,-1.0602487358948082E+001
 4.5442899999986421E+000, 4.5442899999986421E+000,-1.0602487358946931E+001
 4.5452899999986425E+000, 4.5452899999986425E+000,-1.0602487358940099E+001
 4.5462899999986428E+000, 4.5462899999986428E+000,-1.0602487358944177E+001
 4.5472899999986431E+000, 4.5472899999986431E+000,-1.0602487358934647E+001
 4.5482899999986435E+000, 4.5482899999986435E+000,-1.0602487358921197E+001
 4.5492899999986438E+000, 4.5492899999986438E+000,-1.0602487358931498E+001
 4.5502899999986441E+000, 4.5502899999986441E+000,-1.0602487358926775E+001
 4.5512899999986445E+000, 4.5512899999986445E+000,-1.0602487358923588E+001
 4.5522899999986448E+000, 4.5522899999986448E+000,-1.0602487358916704E+001
 4.5532899999986451E+000, 4.5532899999986451E+000,-1.0602487358907791E+001
 4.5542899999986455E+000, 4.5542899999986455E+000,-1.0602487358909134E+001
 4.5552899999986458E+000, 4.5552899999986458E+000,-1.0602487358909684E+001
 4.5562899999986461E+000, 4.5562899999986461E+000,-1.0602487358902909E+001
 4.5572899999986465E+000, 4.5572899999986465E+000,-1.0602487358907872E+001
 4.5582899999986468E+000, 4.5582899999986468E+000,-1.0602487358890176E+001
 4.5592899999986471E+000, 4.5592899999986471E+000,-1.0602487358893056E+001
 4.5602899999986475E+000, 4.5602899999986475E+000,-1.0602487358888135E+001
 4.5612899999986478E+000, 4.5612899999986478E+000,-1.0602487358885831E+001
 4.5622899999986481E+000, 4.5622899999986481E+000,-1.0602487358890921E+001
 4.5632899999986485E+000, 4.5632899999986485E+000,-1.0602487358885154E+001
 4.5642899999986488E+000, 4.5642899999986488E+000,-1.0602487358871798E+001
 4.5652899999986492E+000, 4.5652899999986492E+000,-1.0602487358871958E+001
 4.5662899999986495E+000, 4.5662899999986495E+000,-1.0602487358870704E+001
 4.5672899999986498E+000, 4.5672899999986498E+000,-1.0602487358864767E+001
 4.5682899999986502E+000, 4.5682899999986502E+000,-1.0602487358864234E+001
 4.5692899999986505E+000, 4.5692899999986505E+000,-1.0602487358868471E+001
 4.5702899999986508E+000, 4.5702899999986508E+000,-1.0602487358845220E+001
 4.5712899999986512E+000, 4.5712899999986512E+000,-1.0602487358850642E+001
 4.5722899999986515E+000, 4.5722899999986515E+000,-1.0602487358844007E+001
 4.5732899999986518E+000, 4.5732899999986518E+000,-1.0602487358840754E+001
 4.5742899999986522E+000, 4.5742899999986522E+000,-1.0602487358841197E+001
 4.5752899999986525E+000, 4.5752899999986525E+000,-1.0602487358834432E+001
 4.5762899999986528E+000, 4.5762899999986528E+000,-1.0602487358832976E+001
 4.5772899999986532E+000, 4.5772899999986532E+000,-1.0602487358827933E+001
 4.5782899999986535E+000, 4.5782899999986535E+000,-1.0602487358824728E+001
 4.5792899999986538E+000, 4.5792899999986538E+000,-1.0602487358825174E+001
 4.5802899999986542E+000, 4.5802899999986542E+000,-1.0602487358808240E+001
 4.5812899999986545E+000, 4.5812899999986545E+000,-1.0602487358812054E+001
 4.5822899999986548E+000, 4.5822899999986548E+000,-1.0602487358812672E+001
 4.5832899999986552E+000, 4.5832899999986552E+000,-1.0602487358804105E+001
 4.5842899999986555E+000, 4.5842899999986555E+000,-1.0602487358804396E+001
 4.5852899999986558E+000, 4.5852899999986558E+000,-1.0602487358802239E+001
 4.5862899999986562E+000, 4.5862899999986562E+000,-1.0602487358790761E+001
 4.5872899999986565E+000, 4.5872899999986565E+000,-1.0602487358800229E+001
 4.5882899999986568E+000, 4.5882899999986568E+000,-1.0602487358793688E+001
 4.5892899999986572E+000, 4.5892899999986572E+000,-1.0602487358793145E+001
 4.5902899999986575E+000, 4.5902899999986575E+000,-1.0602487358785432E+001
 4.5912899999986578E+000, 4.5912899999986578E+000,-1.0602487358792166E+001
 4.5922899999986582E+000, 4.5922899999986582E+000,-1.0602487358792860E+001
 4.5932899999986585E+000, 4.5932899999986585E+000,-1.0602487358777886E+001
 4.5942899999986588E+000, 4.5942899999986588E+000,-1.0602487358784423E+001
 4.5952899999986592E+000, 4.5952899999986592E+000,-1.0602487358760349E+001
 4.5962899999986595E+000, 4.5962899999986595E+000,-1.0602487358765753E+001
 4.5972899999986598E+000, 4.5972899999986598E+000,-1.0602487358774773E+001
 4.5982899999986602E+000, 4.5982899999986602E+000,-1.0602487358762696E+001
 4.5992899999986605E+000, 4.5992899999986605E+000,-1.0602487358755582E+001
 4.6002899999986608E+000, 4.6002899999986608E+000,-1.0602487358755017E+001
 4.6012899999986612E+000, 4.6012899999986612E+000,-1.0602487358752837E+001
 4.6022899999986615E+000, 4.6022899999986615E+000,-1.0602487358748673E+001
 4.6032899999986618E+000, 4.6032899999986618E+000,-1.0602487358741774E+001
 4.6042899999986622E+000, 4.6042899999986622E+000,-1.0602487358733910E+001
 4.6052899999986625E+000, 4.6052899999986625E+000,-1.0602487358735111E+001
 4.6062899999986628E+000, 4.6062899999986628E+000,-1.0602487358727457E+001
 4.6072899999986632E+000, 4.6072899999986632E+000,-1.0602487358726878E+001
 4.6082899999986635E+000, 4.6082899999986635E+000,-1.0602487358720966E+001
 4.6092899999986638E+000, 4.6092899999986638E+000,-1.0602487358723279E+001
 4.6102899999986642E+000, 4.6102899999986642E+000,-1.0602487358716537E+001
 4.6112899999986645E+000, 4.6112899999986645E+000,-1.0602487358716878E+001
 4.6122899999986648E+000, 4.6122899999986648E+000,-1.0602487358715617E+001
 4.6132899999986652E+000, 4.6132899999986652E+000,-1.0602487358710585E+001
 4.6142899999986655E+000, 4.6142899999986655E+000,-1.0602487358703661E+001
 4.6152899999986658E+000, 4.6152899999986658E+000,-1.0602487358701318E+001
 4.6162899999986662E+000, 4.6162899999986662E+000,-1.0602487358696241E+001
 4.6172899999986665E+000, 4.6172899999986665E+000,-1.0602487358700358E+001
 4.6182899999986669E+000, 4.6182899999986669E+000,-1.0602487358688162E+001
 4.6192899999986672E+000, 4.6192899999986672E+000,-1.0602487358682829E+001
 4.6202899999986675E+000, 4.6202899999986675E+000,-1.0602487358692469E+001
 4.6212899999986679E+000, 4.6212899999986679E+000,-1.0602487358674885E+001
 4.6222899999986682E+000, 4.6222899999986682E+000,-1.0602487358669416E+001
 4.6232899999986685E+000, 4.6232899999986685E+000,-1.0602487358678147E+001
 4.6242899999986689E+000, 4.6242899999986689E+000,-1.0602487358665179E+001
 4.6252899999986692E+000, 4.6252899999986692E+000,-1.0602487358664455E+001
 4.6262899999986695E+000, 4.6262899999986695E+000,-1.0602487358659429E+001
 4.6272899999986699E+000, 4.6272899999986699E+000,-1.0602487358658031E+001
 4.6282899999986702E+000, 4.6282899999986702E+000,-1.0602487358657610E+001
 4.6292899999986705E+000, 4.6292899999986705E+000,-1.0602487358650809E+001
 4.6302899999986709E+000, 4.6302899999986709E+000,-1.0602487358649368E+001
 4.6312899999986712E+000, 4.6312899999986712E+000,-1.0602487358648954E+001
 4.6322899999986715E+000, 4.6322899999986715E+000,-1.0602487358641252E+001
 4.6332899999986719E+000, 4.6332899999986719E+000,-1.0602487358646201E+001
 4.6342899999986722E+000, 4.6342899999986722E+000,-1.0602487358633118E+001
 4.6352899999986725E+000, 4.6352899999986725E+000,-1.0602487358627759E+001
 4.6362899999986729E+000, 4.6362899999986729E+000,-1.0602487358631871E+001
 4.6372899999986732E+000, 4.6372899999986732E+000,-1.0602487358619673E+001
 4.6382899999986735E+000, 4.6382899999986735E+000,-1.0602487358619866E+001
 4.6392899999986739E+000, 4.6392899999986739E+000,-1.0602487358623229E+001
 4.6402899999986742E+000, 4.6402899999986742E+000,-1.0602487358612800E+001
 4.6412899999986745E+000, 4.6412899999986745E+000,-1.0602487358614985E+001
 4.6422899999986749E+000, 4.6422899999986749E+000,-1.0602487358612718E+001
 4.6432899999986752E+000, 4.6432899999986752E+000,-1.0602487358607808E+001
 4.6442899999986755E+000, 4.6442899999986755E+000,-1.0602487358600886E+001
 4.6452899999986759E+000, 4.6452899999986759E+000,-1.0602487358597493E+001
 4.6462899999986762E+000, 4.6462899999986762E+000,-1.0602487358590610E+001
 4.6472899999986765E+000, 4.6472899999986765E+000,-1.0602487358590059E+001
 4.6482899999986769E+000, 4.6482899999986769E+000,-1.0602487358593390E+001
 4.6492899999986772E+000, 4.6492899999986772E+000,-1.0602487358593102E+001
 4.6502899999986775E+000, 4.6502899999986775E+000,-1.0602487358575267E+001
 4.6512899999986779E+000, 4.6512899999986779E+000,-1.0602487358580841E+001
 4.6522899999986782E+000, 4.6522899999986782E+000,-1.0602487358574193E+001
 4.6532899999986785E+000, 4.6532899999986785E+000,-1.0602487358572734E+001
 4.6542899999986789E+000, 4.6542899999986789E+000,-1.0602487358565913E+001
 4.6552899999986792E+000, 4.6552899999986792E+000,-1.0602487358559841E+001
 4.6562899999986795E+000, 4.6562899999986795E+000,-1.0602487358557509E+001
 4.6572899999986799E+000, 4.6572899999986799E+000,-1.0602487358557067E+001
 4.6582899999986802E+000, 4.6582899999986802E+000,-1.0602487358555789E+001
 4.6592899999986805E+000, 4.6592899999986805E+000,-1.0602487358560007E+001
 4.6602899999986809E+000, 4.6602899999986809E+000,-1.0602487358543176E+001
 4.6612899999986812E+000, 4.6612899999986812E+000,-1.0602487358548792E+001
 4.6622899999986815E+000, 4.6622899999986815E+000,-1.0602487358544970E+001
 4.6632899999986819E+000, 4.6632899999986819E+000,-1.0602487358535241E+001
 4.6642899999986822E+000, 4.6642899999986822E+000,-1.0602487358523570E+001
 4.6652899999986825E+000, 4.6652899999986825E+000,-1.0602487358532130E+001
 4.6662899999986829E+000, 4.6662899999986829E+000,-1.0602487358526460E+001
 4.6672899999986832E+000, 4.6672899999986832E+000,-1.0602487358519520E+001
 4.6682899999986835E+000, 4.6682899999986835E+000,-1.0602487358507918E+001
 4.6692899999986839E+000, 4.6692899999986839E+000,-1.0602487358507235E+001
 4.6702899999986842E+000, 4.6702899999986842E+000,-1.0602487358517884E+001
 4.6712899999986846E+000, 4.6712899999986846E+000,-1.0602487358509583E+001
 4.6722899999986849E+000, 4.6722899999986849E+000,-1.0602487358497047E+001
 4.6732899999986852E+000, 4.6732899999986852E+000,-1.0602487358502756E+001
 4.6742899999986856E+000, 4.6742899999986856E+000,-1.0602487358496118E+001
 4.6752899999986859E+000, 4.6752899999986859E+000,-1.0602487358490048E+001
 4.6762899999986862E+000, 4.6762899999986862E+000,-1.0602487358484883E+001
 4.6772899999986866E+000, 4.6772899999986866E+000,-1.0602487358488995E+001
 4.6782899999986869E+000, 4.6782899999986869E+000,-1.0602487358486945E+001
 4.6792899999986872E+000, 4.6792899999986872E+000,-1.0602487358487402E+001
 4.6802899999986876E+000, 4.6802899999986876E+000,-1.0602487358479733E+001
 4.6812899999986879E+000, 4.6812899999986879E+000,-1.0602487358473626E+001
 4.6822899999986882E+000, 4.6822899999986882E+000,-1.0602487358473091E+001
 4.6832899999986886E+000, 4.6832899999986886E+000,-1.0602487358470920E+001
 4.6842899999986889E+000, 4.6842899999986889E+000,-1.0602487358458546E+001
 4.6852899999986892E+000, 4.6852899999986892E+000,-1.0602487358454104E+001
 4.6862899999986896E+000, 4.6862899999986896E+000,-1.0602487358457351E+001
 4.6872899999986899E+000, 4.6872899999986899E+000,-1.0602487358455267E+001
 4.6882899999986902E+000, 4.6882899999986902E+000,-1.0602487358465874E+001
 4.6892899999986906E+000, 4.6892899999986906E+000,-1.0602487358448323E+001
 4.6902899999986909E+000, 4.6902899999986909E+000,-1.0602487358438246E+001
 4.6912899999986912E+000, 4.6912899999986912E+000,-1.0602487358446842E+001
 4.6922899999986916E+000, 4.6922899999986916E+000,-1.0602487358424604E+001
 4.6932899999986919E+000, 4.6932899999986919E+000,-1.0602487358434697E+001
 4.6942899999986922E+000, 4.6942899999986922E+000,-1.0602487358431894E+001
 4.6952899999986926E+000, 4.6952899999986926E+000,-1.0602487358421293E+001
 4.6962899999986929E+000, 4.6962899999986929E+000,-1.0602487358426163E+001
 4.6972899999986932E+000, 4.6972899999986932E+000,-1.0602487358420401E+001
 4.6982899999986936E+000, 4.6982899999986936E+000,-1.0602487358423593E+001
 4.6992899999986939E+000, 4.6992899999986939E+000,-1.0602487358416006E+001
 4.7002899999986942E+000, 4.7002899999986942E+000,-1.0602487358410794E+001
 4.7012899999986946E+000, 4.7012899999986946E+000,-1.0602487358409386E+001
 4.7022899999986949E+000, 4.7022899999986949E+000,-1.0602487358408974E+001
 4.7032899999986952E+000, 4.7032899999986952E+000,-1.0602487358403064E+001
 4.7042899999986956E+000, 4.7042899999986956E+000,-1.0602487358407160E+001
 4.7052899999986959E+000, 4.7052899999986959E+000,-1.0602487358390324E+001
 4.7062899999986962E+000, 4.7062899999986962E+000,-1.0602487358393246E+001
 4.7072899999986966E+000, 4.7072899999986966E+000,-1.0602487358396669E+001
 4.7082899999986969E+000, 4.7082899999986969E+000,-1.0602487358380714E+001
 4.7092899999986972E+000, 4.7092899999986972E+000,-1.0602487358373505E+001
 4.7102899999986976E+000, 4.7102899999986976E+000,-1.0602487358372041E+001
 4.7112899999986979E+000, 4.7112899999986979E+000,-1.0602487358367906E+001
 4.7122899999986982E+000, 4.7122899999986982E+000,-1.0602487358376667E+001
 4.7132899999986986E+000, 4.7132899999986986E+000,-1.0602487358365481E+001
 4.7142899999986989E+000, 4.7142899999986989E+000,-1.0602487358358401E+001
 4.7152899999986992E+000, 4.7152899999986992E+000,-1.0602487358357827E+001
 4.7162899999986996E+000, 4.7162899999986996E+000,-1.0602487358350116E+001
 4.7172899999986999E+000, 4.7172899999986999E+000,-1.0602487358348654E+001
 4.7182899999987002E+000, 4.7182899999987002E+000,-1.0602487358354654E+001
 4.7192899999987006E+000, 4.7192899999987006E+000,-1.0602487358348023E+001
 4.7202899999987009E+000, 4.7202899999987009E+000,-1.0602487358337314E+001
 4.7212899999987012E+000, 4.7212899999987012E+000,-1.0602487358334869E+001
 4.7222899999987016E+000, 4.7222899999987016E+000,-1.0602487358334439E+001
 4.7232899999987019E+000, 4.7232899999987019E+000,-1.0602487358334042E+001
 4.7242899999987022E+000, 4.7242899999987022E+000,-1.0602487358333654E+001
 4.7252899999987026E+000, 4.7252899999987026E+000,-1.0602487358320435E+001
 4.7262899999987029E+000, 4.7262899999987029E+000,-1.0602487358324343E+001
 4.7272899999987033E+000, 4.7272899999987033E+000,-1.0602487358313926E+001
 4.7282899999987036E+000, 4.7282899999987036E+000,-1.0602487358317896E+001
 4.7292899999987039E+000, 4.7292899999987039E+000,-1.0602487358310302E+001
 4.7302899999987043E+000, 4.7302899999987043E+000,-1.0602487358304213E+001
 4.7312899999987046E+000, 4.7312899999987046E+000,-1.0602487358301889E+001
 4.7322899999987049E+000, 4.7322899999987049E+000,-1.0602487358297722E+001
 4.7332899999987053E+000, 4.7332899999987053E+000,-1.0602487358293663E+001
 4.7342899999987056E+000, 4.7342899999987056E+000,-1.0602487358294066E+001
 4.7352899999987059E+000, 4.7352899999987059E+000,-1.0602487358283554E+001
 4.7362899999987063E+000, 4.7362899999987063E+000,-1.0602487358280209E+001
 4.7372899999987066E+000, 4.7372899999987066E+000,-1.0602487358280648E+001
 4.7382899999987069E+000, 4.7382899999987069E+000,-1.0602487358281177E+001
 4.7392899999987073E+000, 4.7392899999987073E+000,-1.0602487358268874E+001
 4.7402899999987076E+000, 4.7402899999987076E+000,-1.0602487358273708E+001
 4.7412899999987079E+000, 4.7412899999987079E+000,-1.0602487358265245E+001
 4.7422899999987083E+000, 4.7422899999987083E+000,-1.0602487358265538E+001
 4.7432899999987086E+000, 4.7432899999987086E+000,-1.0602487358265167E+001
 4.7442899999987089E+000, 4.7442899999987089E+000,-1.0602487358253741E+001
 4.7452899999987093E+000, 4.7452899999987093E+000,-1.0602487358256797E+001
 4.7462899999987096E+000, 4.7462899999987096E+000,-1.0602487358256500E+001
 4.7472899999987099E+000, 4.7472899999987099E+000,-1.0602487358244172E+001
 4.7482899999987103E+000, 4.7482899999987103E+000,-1.0602487358248103E+001
 4.7492899999987106E+000, 4.7492899999987106E+000,-1.0602487358241426E+001
 4.7502899999987109E+000, 4.7502899999987109E+000,-1.0602487358235345E+001
 4.7512899999987113E+000, 4.7512899999987113E+000,-1.0602487358234811E+001
 4.7522899999987116E+000, 4.7522899999987116E+000,-1.0602487358233518E+001
 4.7532899999987119E+000, 4.7532899999987119E+000,-1.0602487358232224E+001
 4.7542899999987123E+000, 4.7542899999987123E+000,-1.0602487358230912E+001
 4.7552899999987126E+000, 4.7552899999987126E+000,-1.0602487358219470E+001
 4.7562899999987129E+000, 4.7562899999987129E+000,-1.0602487358218786E+001
 4.7572899999987133E+000, 4.7572899999987133E+000,-1.0602487358211080E+001
 4.7582899999987136E+000, 4.7582899999987136E+000,-1.0602487358205877E+001
 4.7592899999987139E+000, 4.7592899999987139E+000,-1.0602487358205357E+001
 4.7602899999987143E+000, 4.7602899999987143E+000,-1.0602487358198552E+001
 4.7612899999987146E+000, 4.7612899999987146E+000,-1.0602487358202630E+001
 4.7622899999987149E+000, 4.7622899999987149E+000,-1.0602487358197727E+001
 4.7632899999987153E+000, 4.7632899999987153E+000,-1.0602487358195432E+001
 4.7642899999987156E+000, 4.7642899999987156E+000,-1.0602487358189476E+001
 4.7652899999987159E+000, 4.7652899999987159E+000,-1.0602487358182534E+001
 4.7662899999987163E+000, 4.7662899999987163E+000,-1.0602487358187496E+001
 4.7672899999987166E+000, 4.7672899999987166E+000,-1.0602487358179930E+001
 4.7682899999987169E+000, 4.7682899999987169E+000,-1.0602487358173846E+001
 4.7692899999987173E+000, 4.7692899999987173E+000,-1.0602487358167780E+001
 4.7702899999987176E+000, 4.7702899999987176E+000,-1.0602487358167242E+001
 4.7712899999987179E+000, 4.7712899999987179E+000,-1.0602487358166853E+001
 4.7722899999987183E+000, 4.7722899999987183E+000,-1.0602487358166469E+001
 4.7732899999987186E+000, 4.7732899999987186E+000,-1.0602487358164289E+001
 4.7742899999987189E+000, 4.7742899999987189E+000,-1.0602487358152814E+001
 4.7752899999987193E+000, 4.7752899999987193E+000,-1.0602487358146618E+001
 4.7762899999987196E+000, 4.7762899999987196E+000,-1.0602487358159959E+001
 4.7772899999987199E+000, 4.7772899999987199E+000,-1.0602487358147995E+001
 4.7782899999987203E+000, 4.7782899999987203E+000,-1.0602487358140889E+001
 4.7792899999987206E+000, 4.7792899999987206E+000,-1.0602487358142108E+001
 4.7802899999987210E+000, 4.7802899999987210E+000,-1.0602487358134457E+001
 4.7812899999987213E+000, 4.7812899999987213E+000,-1.0602487358138497E+001
 4.7822899999987216E+000, 4.7822899999987216E+000,-1.0602487358122573E+001
 4.7832899999987220E+000, 4.7832899999987220E+000,-1.0602487358120875E+001
 4.7842899999987223E+000, 4.7842899999987223E+000,-1.0602487358125991E+001
 4.7852899999987226E+000, 4.7852899999987226E+000,-1.0602487358124840E+001
 4.7862899999987230E+000, 4.7862899999987230E+000,-1.0602487358122641E+001
 4.7872899999987233E+000, 4.7872899999987233E+000,-1.0602487358112064E+001
 4.7882899999987236E+000, 4.7882899999987236E+000,-1.0602487358109620E+001
 4.7892899999987240E+000, 4.7892899999987240E+000,-1.0602487358110075E+001
 4.7902899999987243E+000, 4.7902899999987243E+000,-1.0602487358105083E+001
 4.7912899999987246E+000, 4.7912899999987246E+000,-1.0602487358096369E+001
 4.7922899999987250E+000, 4.7922899999987250E+000,-1.0602487358095759E+001
 4.7932899999987253E+000, 4.7932899999987253E+000,-1.0602487358083433E+001
 4.7942899999987256E+000, 4.7942899999987256E+000,-1.0602487358080948E+001
 4.7952899999987260E+000, 4.7952899999987260E+000,-1.0602487358075869E+001
 4.7962899999987263E+000, 4.7962899999987263E+000,-1.0602487358076262E+001
 4.7972899999987266E+000, 4.7972899999987266E+000,-1.0602487358073208E+001
 4.7982899999987270E+000, 4.7982899999987270E+000,-1.0602487358068128E+001
 4.7992899999987273E+000, 4.7992899999987273E+000,-1.0602487358071354E+001
 4.8002899999987276E+000, 4.8002899999987276E+000,-1.0602487358067327E+001
 4.8012899999987280E+000, 4.8012899999987280E+000,-1.0602487358060426E+001
 4.8022899999987283E+000, 4.8022899999987283E+000,-1.0602487358064497E+001
 4.8032899999987286E+000, 4.8032899999987286E+000,-1.0602487358058712E+001
 4.8042899999987290E+000, 4.8042899999987290E+000,-1.0602487358050865E+001
 4.8052899999987293E+000, 4.8052899999987293E+000,-1.0602487358054015E+001
 4.8062899999987296E+000, 4.8062899999987296E+000,-1.0602487358049999E+001
 4.8072899999987300E+000, 4.8072899999987300E+000,-1.0602487358047718E+001
 4.8082899999987303E+000, 4.8082899999987303E+000,-1.0602487358039969E+001
 4.8092899999987306E+000, 4.8092899999987306E+000,-1.0602487358031931E+001
 4.8102899999987310E+000, 4.8102899999987310E+000,-1.0602487358027762E+001
 4.8112899999987313E+000, 4.8112899999987313E+000,-1.0602487358028167E+001
 4.8122899999987316E+000, 4.8122899999987316E+000,-1.0602487358022280E+001
 4.8132899999987320E+000, 4.8132899999987320E+000,-1.0602487358026387E+001
 4.8142899999987323E+000, 4.8142899999987323E+000,-1.0602487358014173E+001
 4.8152899999987326E+000, 4.8152899999987326E+000,-1.0602487358012583E+001
 4.8162899999987330E+000, 4.8162899999987330E+000,-1.0602487358006643E+001
 4.8172899999987333E+000, 4.8172899999987333E+000,-1.0602487358012525E+001
 4.8182899999987336E+000, 4.8182899999987336E+000,-1.0602487358015143E+001
 4.8192899999987340E+000, 4.8192899999987340E+000,-1.0602487358004684E+001
 4.8202899999987343E+000, 4.8202899999987343E+000,-1.0602487358002245E+001
 4.8212899999987346E+000, 4.8212899999987346E+000,-1.0602487357996285E+001
 4.8222899999987350E+000, 4.8222899999987350E+000,-1.0602487357993969E+001
 4.8232899999987353E+000, 4.8232899999987353E+000,-1.0602487357994427E+001
 4.8242899999987356E+000, 4.8242899999987356E+000,-1.0602487357983009E+001
 4.8252899999987360E+000, 4.8252899999987360E+000,-1.0602487357980548E+001
 4.8262899999987363E+000, 4.8262899999987363E+000,-1.0602487357980108E+001
 4.8272899999987366E+000, 4.8272899999987366E+000,-1.0602487357969565E+001
 4.8282899999987370E+000, 4.8282899999987370E+000,-1.0602487357972656E+001
 4.8292899999987373E+000, 4.8292899999987373E+000,-1.0602487357971453E+001
 4.8302899999987376E+000, 4.8302899999987376E+000,-1.0602487357959115E+001
 4.8312899999987380E+000, 4.8312899999987380E+000,-1.0602487357969455E+001
 4.8322899999987383E+000, 4.8322899999987383E+000,-1.0602487357957411E+001
 4.8332899999987387E+000, 4.8332899999987387E+000,-1.0602487357951208E+001
 4.8342899999987390E+000, 4.8342899999987390E+000,-1.0602487357939612E+001
 4.8352899999987393E+000, 4.8352899999987393E+000,-1.0602487357950867E+001
 4.8362899999987397E+000, 4.8362899999987397E+000,-1.0602487357952738E+001
 4.8372899999987400E+000, 4.8372899999987400E+000,-1.0602487357949567E+001
 4.8382899999987403E+000, 4.8382899999987403E+000,-1.0602487357934486E+001
 4.8392899999987407E+000, 4.8392899999987407E+000,-1.0602487357934612E+001
 4.8402899999987410E+000, 4.8402899999987410E+000,-1.0602487357934237E+001
 4.8412899999987413E+000, 4.8412899999987413E+000,-1.0602487357927437E+001
 4.8422899999987417E+000, 4.8422899999987417E+000,-1.0602487357925980E+001
 4.8432899999987420E+000, 4.8432899999987420E+000,-1.0602487357920047E+001
 4.8442899999987423E+000, 4.8442899999987423E+000,-1.0602487357924145E+001
 4.8452899999987427E+000, 4.8452899999987427E+000,-1.0602487357913729E+001
 4.8462899999987430E+000, 4.8462899999987430E+000,-1.0602487357915921E+001
 4.8472899999987433E+000, 4.8472899999987433E+000,-1.0602487357904554E+001
 4.8482899999987437E+000, 4.8482899999987437E+000,-1.0602487357903879E+001
 4.8492899999987440E+000, 4.8492899999987440E+000,-1.0602487357903479E+001
 4.8502899999987443E+000, 4.8502899999987443E+000,-1.0602487357896685E+001
 4.8512899999987447E+000, 4.8512899999987447E+000,-1.0602487357896122E+001
 4.8522899999987450E+000, 4.8522899999987450E+000,-1.0602487357894844E+001
 4.8532899999987453E+000, 4.8532899999987453E+000,-1.0602487357882499E+001
 4.8542899999987457E+000, 4.8542899999987457E+000,-1.0602487357877171E+001
 4.8552899999987460E+000, 4.8552899999987460E+000,-1.0602487357879490E+001
 4.8562899999987463E+000, 4.8562899999987463E+000,-1.0602487357880964E+001
 4.8572899999987467E+000, 4.8572899999987467E+000,-1.0602487357873319E+001
 4.8582899999987470E+000, 4.8582899999987470E+000,-1.0602487357878253E+001
 4.8592899999987473E+000, 4.8592899999987473E+000,-1.0602487357864280E+001
 4.8602899999987477E+000, 4.8602899999987477E+000,-1.0602487357858021E+001
 4.8612899999987480E+000, 4.8612899999987480E+000,-1.0602487357852855E+001
 4.8622899999987483E+000, 4.8622899999987483E+000,-1.0602487357856075E+001
 4.8632899999987487E+000, 4.8632899999987487E+000,-1.0602487357863081E+001
 4.8642899999987490E+000, 4.8642899999987490E+000,-1.0602487357849176E+001
 4.8652899999987493E+000, 4.8652899999987493E+000,-1.0602487357850210E+001
 4.8662899999987497E+000, 4.8662899999987497E+000,-1.0602487357842550E+001
 4.8672899999987500E+000, 4.8672899999987500E+000,-1.0602487357845714E+001
 4.8682899999987503E+000, 4.8682899999987503E+000,-1.0602487357837056E+001
 4.8692899999987507E+000, 4.8692899999987507E+000,-1.0602487357827354E+001
 4.8702899999987510E+000, 4.8702899999987510E+000,-1.0602487357825826E+001
 4.8712899999987513E+000, 4.8712899999987513E+000,-1.0602487357825408E+001
 4.8722899999987517E+000, 4.8722899999987517E+000,-1.0602487357819497E+001
 4.8732899999987520E+000, 4.8732899999987520E+000,-1.0602487357818971E+001
 4.8742899999987523E+000, 4.8742899999987523E+000,-1.0602487357802028E+001
 4.8752899999987527E+000, 4.8752899999987527E+000,-1.0602487357806719E+001
 4.8762899999987530E+000, 4.8762899999987530E+000,-1.0602487357806464E+001
 4.8772899999987533E+000, 4.8772899999987533E+000,-1.0602487357809816E+001
 4.8782899999987537E+000, 4.8782899999987537E+000,-1.0602487357797589E+001
 4.8792899999987540E+000, 4.8792899999987540E+000,-1.0602487357796896E+001
 4.8802899999987543E+000, 4.8802899999987543E+000,-1.0602487357784563E+001
 4.8812899999987547E+000, 4.8812899999987547E+000,-1.0602487357790272E+001
 4.8822899999987550E+000, 4.8822899999987550E+000,-1.0602487357795574E+001
 4.8832899999987553E+000, 4.8832899999987553E+000,-1.0602487357787117E+001
 4.8842899999987557E+000, 4.8842899999987557E+000,-1.0602487357786522E+001
 4.8852899999987560E+000, 4.8852899999987560E+000,-1.0602487357774198E+001
 4.8862899999987564E+000, 4.8862899999987564E+000,-1.0602487357773501E+001
 4.8872899999987567E+000, 4.8872899999987567E+000,-1.0602487357761163E+001
 4.8882899999987570E+000, 4.8882899999987570E+000,-1.0602487357772400E+001
 4.8892899999987574E+000, 4.8892899999987574E+000,-1.0602487357753963E+001
 4.8902899999987577E+000, 4.8902899999987577E+000,-1.0602487357758626E+001
 4.8912899999987580E+000, 4.8912899999987580E+000,-1.0602487357756576E+001
 4.8922899999987584E+000, 4.8922899999987584E+000,-1.0602487357746011E+001
 4.8932899999987587E+000, 4.8932899999987587E+000,-1.0602487357749979E+001
 4.8942899999987590E+000, 4.8942899999987590E+000,-1.0602487357747920E+001
 4.8952899999987594E+000, 4.8952899999987594E+000,-1.0602487357742859E+001
 4.8962899999987597E+000, 4.8962899999987597E+000,-1.0602487357724895E+001
 4.8972899999987600E+000, 4.8972899999987600E+000,-1.0602487357734187E+001
 4.8982899999987604E+000, 4.8982899999987604E+000,-1.0602487357727650E+001
 4.8992899999987607E+000, 4.8992899999987607E+000,-1.0602487357731718E+001
 4.9002899999987610E+000, 4.9002899999987610E+000,-1.0602487357726838E+001
 4.9012899999987614E+000, 4.9012899999987614E+000,-1.0602487357719907E+001
 4.9022899999987617E+000, 4.9022899999987617E+000,-1.0602487357719355E+001
 4.9032899999987620E+000, 4.9032899999987620E+000,-1.0602487357718955E+001
 4.9042899999987624E+000, 4.9042899999987624E+000,-1.0602487357706623E+001
 4.9052899999987627E+000, 4.9052899999987627E+000,-1.0602487357712345E+001
 4.9062899999987630E+000, 4.9062899999987630E+000,-1.0602487357705701E+001
 4.9072899999987634E+000, 4.9072899999987634E+000,-1.0602487357698740E+001
 4.9082899999987637E+000, 4.9082899999987637E+000,-1.0602487357691762E+001
 4.9092899999987640E+000, 4.9092899999987640E+000,-1.0602487357690311E+001
 4.9102899999987644E+000, 4.9102899999987644E+000,-1.0602487357700944E+001
 4.9112899999987647E+000, 4.9112899999987647E+000,-1.0602487357683387E+001
 4.9122899999987650E+000, 4.9122899999987650E+000,-1.0602487357683449E+001
 4.9132899999987654E+000, 4.9132899999987654E+000,-1.0602487357682170E+001
 4.9142899999987657E+000, 4.9142899999987657E+000,-1.0602487357673549E+001
 4.9152899999987660E+000, 4.9152899999987660E+000,-1.0602487357667437E+001
 4.9162899999987664E+000, 4.9162899999987664E+000,-1.0602487357677930E+001
 4.9172899999987667E+000, 4.9172899999987667E+000,-1.0602487357665899E+001
 4.9182899999987670E+000, 4.9182899999987670E+000,-1.0602487357660582E+001
 4.9192899999987674E+000, 4.9192899999987674E+000,-1.0602487357669318E+001
 4.9202899999987677E+000, 4.9202899999987677E+000,-1.0602487357657232E+001
 4.9212899999987680E+000, 4.9212899999987680E+000,-1.0602487357656535E+001
 4.9222899999987684E+000, 4.9222899999987684E+000,-1.0602487357651512E+001
 4.9232899999987687E+000, 4.9232899999987687E+000,-1.0602487357648320E+001
 4.9242899999987690E+000, 4.9242899999987690E+000,-1.0602487357649661E+001
 4.9252899999987694E+000, 4.9252899999987694E+000,-1.0602487357640223E+001
 4.9262899999987697E+000, 4.9262899999987697E+000,-1.0602487357640481E+001
 4.9272899999987700E+000, 4.9272899999987700E+000,-1.0602487357634601E+001
 4.9282899999987704E+000, 4.9282899999987704E+000,-1.0602487357628544E+001
 4.9292899999987707E+000, 4.9292899999987707E+000,-1.0602487357634423E+001
 4.9302899999987710E+000, 4.9302899999987710E+000,-1.0602487357614951E+001
 4.9312899999987714E+000, 4.9312899999987714E+000,-1.0602487357618688E+001
 4.9322899999987717E+000, 4.9322899999987717E+000,-1.0602487357607373E+001
 4.9332899999987720E+000, 4.9332899999987720E+000,-1.0602487357614004E+001
 4.9342899999987724E+000, 4.9342899999987724E+000,-1.0602487357612912E+001
 4.9352899999987727E+000, 4.9352899999987727E+000,-1.0602487357611611E+001
 4.9362899999987730E+000, 4.9362899999987730E+000,-1.0602487357610304E+001
 4.9372899999987734E+000, 4.9372899999987734E+000,-1.0602487357597948E+001
 4.9382899999987737E+000, 4.9382899999987737E+000,-1.0602487357602779E+001
 4.9392899999987741E+000, 4.9392899999987741E+000,-1.0602487357600735E+001
 4.9402899999987744E+000, 4.9402899999987744E+000,-1.0602487357589263E+001
 4.9412899999987747E+000, 4.9412899999987747E+000,-1.0602487357597834E+001
 4.9422899999987751E+000, 4.9422899999987751E+000,-1.0602487357582023E+001
 4.9432899999987754E+000, 4.9432899999987754E+000,-1.0602487357582117E+001
 4.9442899999987757E+000, 4.9442899999987757E+000,-1.0602487357569808E+001
 4.9452899999987761E+000, 4.9452899999987761E+000,-1.0602487357571951E+001
 4.9462899999987764E+000, 4.9462899999987764E+000,-1.0602487357561472E+001
 4.9472899999987767E+000, 4.9472899999987767E+000,-1.0602487357564558E+001
 4.9482899999987771E+000, 4.9482899999987771E+000,-1.0602487357560527E+001
 4.9492899999987774E+000, 4.9492899999987774E+000,-1.0602487357557367E+001
 4.9502899999987777E+000, 4.9502899999987777E+000,-1.0602487357563323E+001
 4.9512899999987781E+000, 4.9512899999987781E+000,-1.0602487357549368E+001
 4.9522899999987784E+000, 4.9522899999987784E+000,-1.0602487357544014E+001
 4.9532899999987787E+000, 4.9532899999987787E+000,-1.0602487357542589E+001
 4.9542899999987791E+000, 4.9542899999987791E+000,-1.0602487357542186E+001
 4.9552899999987794E+000, 4.9552899999987794E+000,-1.0602487357525234E+001
 4.9562899999987797E+000, 4.9562899999987797E+000,-1.0602487357525302E+001
 4.9572899999987801E+000, 4.9572899999987801E+000,-1.0602487357539708E+001
 4.9582899999987804E+000, 4.9582899999987804E+000,-1.0602487357528668E+001
 4.9592899999987807E+000, 4.9592899999987807E+000,-1.0602487357527107E+001
 4.9602899999987811E+000, 4.9602899999987811E+000,-1.0602487357525794E+001
 4.9612899999987814E+000, 4.9612899999987814E+000,-1.0602487357520758E+001
 4.9622899999987817E+000, 4.9622899999987817E+000,-1.0602487357513837E+001
 4.9632899999987821E+000, 4.9632899999987821E+000,-1.0602487357505069E+001
 4.9642899999987824E+000, 4.9642899999987824E+000,-1.0602487357499832E+001
 4.9652899999987827E+000, 4.9652899999987827E+000,-1.0602487357509464E+001
 4.9662899999987831E+000, 4.9662899999987831E+000,-1.0602487357498298E+001
 4.9672899999987834E+000, 4.9672899999987834E+000,-1.0602487357498529E+001
 4.9682899999987837E+000, 4.9682899999987837E+000,-1.0602487357489943E+001
 4.9692899999987841E+000, 4.9692899999987841E+000,-1.0602487357489341E+001
 4.9702899999987844E+000, 4.9702899999987844E+000,-1.0602487357482545E+001
 4.9712899999987847E+000, 4.9712899999987847E+000,-1.0602487357481984E+001
 4.9722899999987851E+000, 4.9722899999987851E+000,-1.0602487357470558E+001
 4.9732899999987854E+000, 4.9732899999987854E+000,-1.0602487357484643E+001
 4.9742899999987857E+000, 4.9742899999987857E+000,-1.0602487357468977E+001
 4.9752899999987861E+000, 4.9752899999987861E+000,-1.0602487357469080E+001
 4.9762899999987864E+000, 4.9762899999987864E+000,-1.0602487357460495E+001
 4.9772899999987867E+000, 4.9772899999987867E+000,-1.0602487357455271E+001
 4.9782899999987871E+000, 4.9782899999987871E+000,-1.0602487357453860E+001
 4.9792899999987874E+000, 4.9792899999987874E+000,-1.0602487357453453E+001
 4.9802899999987877E+000, 4.9802899999987877E+000,-1.0602487357445744E+001
 4.9812899999987881E+000, 4.9812899999987881E+000,-1.0602487357449805E+001
 4.9822899999987884E+000, 4.9822899999987884E+000,-1.0602487357450418E+001
 4.9832899999987887E+000, 4.9832899999987887E+000,-1.0602487357448272E+001
 4.9842899999987891E+000, 4.9842899999987891E+000,-1.0602487357431272E+001
 4.9852899999987894E+000, 4.9852899999987894E+000,-1.0602487357435074E+001
 4.9862899999987897E+000, 4.9862899999987897E+000,-1.0602487357427488E+001
 4.9872899999987901E+000, 4.9872899999987901E+000,-1.0602487357422298E+001
 4.9882899999987904E+000, 4.9882899999987904E+000,-1.0602487357422660E+001
 4.9892899999987907E+000, 4.9892899999987907E+000,-1.0602487357419625E+001
 4.9902899999987911E+000, 4.9902899999987911E+000,-1.0602487357413649E+001
 4.9912899999987914E+000, 4.9912899999987914E+000,-1.0602487357407588E+001
 4.9922899999987917E+000, 4.9922899999987917E+000,-1.0602487357399745E+001
 4.9932899999987921E+000, 4.9932899999987921E+000,-1.0602487357412887E+001
 4.9942899999987924E+000, 4.9942899999987924E+000,-1.0602487357394494E+001
 4.9952899999987928E+000, 4.9952899999987928E+000,-1.0602487357399173E+001
 4.9962899999987931E+000, 4.9962899999987931E+000,-1.0602487357401747E+001
 4.9972899999987934E+000, 4.9972899999987934E+000,-1.0602487357397708E+001
 4.9982899999987938E+000, 4.9982899999987938E+000,-1.0602487357396331E+001
 4.9992899999987941E+000, 4.9992899999987941E+000,-1.0602487357389496E+001
 5.0002899999987944E+000, 5.0002899999987944E+000,-1.0602487357382532E+001
 5.0012899999987948E+000, 5.0012899999987948E+000,-1.0602487357386600E+001
 5.0022899999987951E+000, 5.0022899999987951E+000,-1.0602487357375283E+001
 5.0032899999987954E+000, 5.0032899999987954E+000,-1.0602487357379244E+001
 5.0042899999987958E+000, 5.0042899999987958E+000,-1.0602487357367920E+001
 5.0052899999987961E+000, 5.0052899999987961E+000,-1.0602487357365455E+001
 5.0062899999987964E+000, 5.0062899999987964E+000,-1.0602487357365909E+001
 5.0072899999987968E+000, 5.0072899999987968E+000,-1.0602487357359131E+001
 5.0082899999987971E+000, 5.0082899999987971E+000,-1.0602487357368720E+001
 5.0092899999987974E+000, 5.0092899999987974E+000,-1.0602487357341001E+001
 5.0102899999987978E+000, 5.0102899999987978E+000,-1.0602487357345407E+001
 5.0112899999987981E+000, 5.0112899999987981E+000,-1.0602487357344256E+001
 5.0122899999987984E+000, 5.0122899999987984E+000,-1.0602487357338330E+001
 5.0132899999987988E+000, 5.0132899999987988E+000,-1.0602487357347048E+001
 5.0142899999987991E+000, 5.0142899999987991E+000,-1.0602487357338694E+001
 5.0152899999987994E+000, 5.0152899999987994E+000,-1.0602487357339886E+001
 5.0162899999987998E+000, 5.0162899999987998E+000,-1.0602487357322978E+001
 5.0172899999988001E+000, 5.0172899999988001E+000,-1.0602487357316646E+001
 5.0182899999988004E+000, 5.0182899999988004E+000,-1.0602487357319827E+001
 5.0192899999988008E+000, 5.0192899999988008E+000,-1.0602487357319541E+001
 5.0202899999988011E+000, 5.0202899999988011E+000,-1.0602487357318257E+001
 5.0212899999988014E+000, 5.0212899999988014E+000,-1.0602487357311437E+001
 5.0222899999988018E+000, 5.0222899999988018E+000,-1.0602487357311768E+001
 5.0232899999988021E+000, 5.0232899999988021E+000,-1.0602487357305876E+001
 5.0242899999988024E+000, 5.0242899999988024E+000,-1.0602487357292517E+001
 5.0252899999988028E+000, 5.0252899999988028E+000,-1.0602487357298198E+001
 5.0262899999988031E+000, 5.0262899999988031E+000,-1.0602487357291563E+001
 5.0272899999988034E+000, 5.0272899999988034E+000,-1.0602487357284595E+001
 5.0282899999988038E+000, 5.0282899999988038E+000,-1.0602487357288668E+001
 5.0292899999988041E+000, 5.0292899999988041E+000,-1.0602487357277347E+001
 5.0302899999988044E+000, 5.0302899999988044E+000,-1.0602487357263847E+001
 5.0312899999988048E+000, 5.0312899999988048E+000,-1.0602487357286090E+001
 5.0322899999988051E+000, 5.0322899999988051E+000,-1.0602487357280772E+001
 5.0332899999988054E+000, 5.0332899999988054E+000,-1.0602487357283101E+001
 5.0342899999988058E+000, 5.0342899999988058E+000,-1.0602487357267121E+001
 5.0352899999988061E+000, 5.0352899999988061E+000,-1.0602487357260809E+001
 5.0362899999988064E+000, 5.0362899999988064E+000,-1.0602487357263986E+001
 5.0372899999988068E+000, 5.0372899999988068E+000,-1.0602487357252656E+001
 5.0382899999988071E+000, 5.0382899999988071E+000,-1.0602487357257507E+001
 5.0392899999988074E+000, 5.0392899999988074E+000,-1.0602487357249938E+001
 5.0402899999988078E+000, 5.0402899999988078E+000,-1.0602487357249370E+001
 5.0412899999988081E+000, 5.0412899999988081E+000,-1.0602487357237045E+001
 5.0422899999988084E+000, 5.0422899999988084E+000,-1.0602487357237230E+001
 5.0432899999988088E+000, 5.0432899999988088E+000,-1.0602487357230453E+001
 5.0442899999988091E+000, 5.0442899999988091E+000,-1.0602487357240042E+001
 5.0452899999988094E+000, 5.0452899999988094E+000,-1.0602487357228874E+001
 5.0462899999988098E+000, 5.0462899999988098E+000,-1.0602487357222682E+001
 5.0472899999988101E+000, 5.0472899999988101E+000,-1.0602487357216624E+001
 5.0482899999988105E+000, 5.0482899999988105E+000,-1.0602487357219813E+001
 5.0492899999988108E+000, 5.0492899999988108E+000,-1.0602487357213109E+001
 5.0502899999988111E+000, 5.0502899999988111E+000,-1.0602487357203312E+001
 5.0512899999988115E+000, 5.0512899999988115E+000,-1.0602487357211928E+001
 5.0522899999988118E+000, 5.0522899999988118E+000,-1.0602487357209991E+001
 5.0532899999988121E+000, 5.0532899999988121E+000,-1.0602487357205831E+001
 5.0542899999988125E+000, 5.0542899999988125E+000,-1.0602487357192512E+001
 5.0552899999988128E+000, 5.0552899999988128E+000,-1.0602487357201923E+001
 5.0562899999988131E+000, 5.0562899999988131E+000,-1.0602487357184334E+001
 5.0572899999988135E+000, 5.0572899999988135E+000,-1.0602487357178878E+001
 5.0582899999988138E+000, 5.0582899999988138E+000,-1.0602487357182081E+001
 5.0592899999988141E+000, 5.0592899999988141E+000,-1.0602487357171647E+001
 5.0602899999988145E+000, 5.0602899999988145E+000,-1.0602487357173827E+001
 5.0612899999988148E+000, 5.0612899999988148E+000,-1.0602487357170677E+001
 5.0622899999988151E+000, 5.0622899999988151E+000,-1.0602487357177681E+001
 5.0632899999988155E+000, 5.0632899999988155E+000,-1.0602487357171967E+001
 5.0642899999988158E+000, 5.0642899999988158E+000,-1.0602487357159506E+001
 5.0652899999988161E+000, 5.0652899999988161E+000,-1.0602487357158793E+001
 5.0662899999988165E+000, 5.0662899999988165E+000,-1.0602487357163932E+001
 5.0672899999988168E+000, 5.0672899999988168E+000,-1.0602487357157269E+001
 5.0682899999988171E+000, 5.0682899999988171E+000,-1.0602487357151190E+001
 5.0692899999988175E+000, 5.0692899999988175E+000,-1.0602487357138726E+001
 5.0702899999988178E+000, 5.0702899999988178E+000,-1.0602487357149961E+001
 5.0712899999988181E+000, 5.0712899999988181E+000,-1.0602487357147185E+001
 5.0722899999988185E+000, 5.0722899999988185E+000,-1.0602487357135699E+001
 5.0732899999988188E+000, 5.0732899999988188E+000,-1.0602487357135015E+001
 5.0742899999988191E+000, 5.0742899999988191E+000,-1.0602487357141044E+001
 5.0752899999988195E+000, 5.0752899999988195E+000,-1.0602487357127989E+001
 5.0762899999988198E+000, 5.0762899999988198E+000,-1.0602487357119957E+001
 5.0772899999988201E+000, 5.0772899999988201E+000,-1.0602487357120268E+001
 5.0782899999988205E+000, 5.0782899999988205E+000,-1.0602487357111695E+001
 5.0792899999988208E+000, 5.0792899999988208E+000,-1.0602487357118406E+001
 5.0802899999988211E+000, 5.0802899999988211E+000,-1.0602487357100740E+001
 5.0812899999988215E+000, 5.0812899999988215E+000,-1.0602487357105426E+001
 5.0822899999988218E+000, 5.0822899999988218E+000,-1.0602487357104280E+001
 5.0832899999988221E+000, 5.0832899999988221E+000,-1.0602487357102984E+001
 5.0842899999988225E+000, 5.0842899999988225E+000,-1.0602487357090631E+001
 5.0852899999988228E+000, 5.0852899999988228E+000,-1.0602487357086193E+001
 5.0862899999988231E+000, 5.0862899999988231E+000,-1.0602487357094967E+001
 5.0872899999988235E+000, 5.0872899999988235E+000,-1.0602487357089291E+001
 5.0882899999988238E+000, 5.0882899999988238E+000,-1.0602487357082348E+001
 5.0892899999988241E+000, 5.0892899999988241E+000,-1.0602487357075377E+001
 5.0902899999988245E+000, 5.0902899999988245E+000,-1.0602487357069295E+001
 5.0912899999988248E+000, 5.0912899999988248E+000,-1.0602487357068746E+001
 5.0922899999988251E+000, 5.0922899999988251E+000,-1.0602487357067481E+001
 5.0932899999988255E+000, 5.0932899999988255E+000,-1.0602487357061538E+001
 5.0942899999988258E+000, 5.0942899999988258E+000,-1.0602487357055484E+001
 5.0952899999988261E+000, 5.0952899999988261E+000,-1.0602487357059582E+001
 5.0962899999988265E+000, 5.0962899999988265E+000,-1.0602487357046465E+001
 5.0972899999988268E+000, 5.0972899999988268E+000,-1.0602487357045751E+001
 5.0982899999988271E+000, 5.0982899999988271E+000,-1.0602487357046254E+001
 5.0992899999988275E+000, 5.0992899999988275E+000,-1.0602487357048721E+001
 5.1002899999988278E+000, 5.1002899999988278E+000,-1.0602487357038273E+001
 5.1012899999988282E+000, 5.1012899999988282E+000,-1.0602487357043143E+001
 5.1022899999988285E+000, 5.1022899999988285E+000,-1.0602487357046614E+001
 5.1032899999988288E+000, 5.1032899999988288E+000,-1.0602487357028878E+001
 5.1042899999988292E+000, 5.1042899999988292E+000,-1.0602487357028943E+001
 5.1052899999988295E+000, 5.1052899999988295E+000,-1.0602487357015727E+001
 5.1062899999988298E+000, 5.1062899999988298E+000,-1.0602487357021417E+001
 5.1072899999988302E+000, 5.1072899999988302E+000,-1.0602487357012977E+001
 5.1082899999988305E+000, 5.1082899999988305E+000,-1.0602487357007760E+001
 5.1092899999988308E+000, 5.1092899999988308E+000,-1.0602487357011880E+001
 5.1102899999988312E+000, 5.1102899999988312E+000,-1.0602487357010705E+001
 5.1112899999988315E+000, 5.1112899999988315E+000,-1.0602487356998360E+001
 5.1122899999988318E+000, 5.1122899999988318E+000,-1.0602487356997667E+001
 5.1132899999988322E+000, 5.1132899999988322E+000,-1.0602487357002786E+001
 5.1142899999988325E+000, 5.1142899999988325E+000,-1.0602487356992407E+001
 5.1152899999988328E+000, 5.1152899999988328E+000,-1.0602487356995493E+001
 5.1162899999988332E+000, 5.1162899999988332E+000,-1.0602487356989666E+001
 5.1172899999988335E+000, 5.1172899999988335E+000,-1.0602487356971679E+001
 5.1182899999988338E+000, 5.1182899999988338E+000,-1.0602487356970840E+001
 5.1192899999988342E+000, 5.1192899999988342E+000,-1.0602487356975058E+001
 5.1202899999988345E+000, 5.1202899999988345E+000,-1.0602487356958239E+001
 5.1212899999988348E+000, 5.1212899999988348E+000,-1.0602487356961152E+001
 5.1222899999988352E+000, 5.1222899999988352E+000,-1.0602487356961733E+001
 5.1232899999988355E+000, 5.1232899999988355E+000,-1.0602487356959589E+001
 5.1242899999988358E+000, 5.1242899999988358E+000,-1.0602487356965570E+001
 5.1252899999988362E+000, 5.1252899999988362E+000,-1.0602487356954310E+001
 5.1262899999988365E+000, 5.1262899999988365E+000,-1.0602487356956473E+001
 5.1272899999988368E+000, 5.1272899999988368E+000,-1.0602487356946003E+001
 5.1282899999988372E+000, 5.1282899999988372E+000,-1.0602487356954601E+001
 5.1292899999988375E+000, 5.1292899999988375E+000,-1.0602487356937900E+001
 5.1302899999988378E+000, 5.1302899999988378E+000,-1.0602487356937081E+001
 5.1312899999988382E+000, 5.1312899999988382E+000,-1.0602487356941298E+001
 5.1322899999988385E+000, 5.1322899999988385E+000,-1.0602487356941040E+001
 5.1332899999988388E+000, 5.1332899999988388E+000,-1.0602487356928727E+001
 5.1342899999988392E+000, 5.1342899999988392E+000,-1.0602487356928027E+001
 5.1352899999988395E+000, 5.1352899999988395E+000,-1.0602487356927634E+001
 5.1362899999988398E+000, 5.1362899999988398E+000,-1.0602487356919921E+001
 5.1372899999988402E+000, 5.1372899999988402E+000,-1.0602487356908306E+001
 5.1382899999988405E+000, 5.1382899999988405E+000,-1.0602487356912254E+001
 5.1392899999988408E+000, 5.1392899999988408E+000,-1.0602487356911082E+001
 5.1402899999988412E+000, 5.1402899999988412E+000,-1.0602487356906057E+001
 5.1412899999988415E+000, 5.1412899999988415E+000,-1.0602487356898241E+001
 5.1422899999988418E+000, 5.1422899999988418E+000,-1.0602487356893022E+001
 5.1432899999988422E+000, 5.1432899999988422E+000,-1.0602487356886094E+001
 5.1442899999988425E+000, 5.1442899999988425E+000,-1.0602487356880907E+001
 5.1452899999988428E+000, 5.1452899999988428E+000,-1.0602487356883236E+001
 5.1462899999988432E+000, 5.1462899999988432E+000,-1.0602487356871880E+001
 5.1472899999988435E+000, 5.1472899999988435E+000,-1.0602487356874930E+001
 5.1482899999988438E+000, 5.1482899999988438E+000,-1.0602487356876432E+001
 5.1492899999988442E+000, 5.1492899999988442E+000,-1.0602487356874306E+001
 5.1502899999988445E+000, 5.1502899999988445E+000,-1.0602487356861934E+001
 5.1512899999988448E+000, 5.1512899999988448E+000,-1.0602487356866749E+001
 5.1522899999988452E+000, 5.1522899999988452E+000,-1.0602487356872029E+001
 5.1532899999988455E+000, 5.1532899999988455E+000,-1.0602487356858951E+001
 5.1542899999988459E+000, 5.1542899999988459E+000,-1.0602487356863755E+001
 5.1552899999988462E+000, 5.1552899999988462E+000,-1.0602487356857086E+001
 5.1562899999988465E+000, 5.1562899999988465E+000,-1.0602487356850119E+001
 5.1572899999988469E+000, 5.1572899999988469E+000,-1.0602487356851352E+001
 5.1582899999988472E+000, 5.1582899999988472E+000,-1.0602487356842808E+001
 5.1592899999988475E+000, 5.1592899999988475E+000,-1.0602487356843087E+001
 5.1602899999988479E+000, 5.1602899999988479E+000,-1.0602487356836315E+001
 5.1612899999988482E+000, 5.1612899999988482E+000,-1.0602487356834851E+001
 5.1622899999988485E+000, 5.1622899999988485E+000,-1.0602487356828926E+001
 5.1632899999988489E+000, 5.1632899999988489E+000,-1.0602487356818250E+001
 5.1642899999988492E+000, 5.1642899999988492E+000,-1.0602487356816679E+001
 5.1652899999988495E+000, 5.1652899999988495E+000,-1.0602487356813596E+001
 5.1662899999988499E+000, 5.1662899999988499E+000,-1.0602487356825065E+001
 5.1672899999988502E+000, 5.1672899999988502E+000,-1.0602487356813061E+001
 5.1682899999988505E+000, 5.1682899999988505E+000,-1.0602487356805057E+001
 5.1692899999988509E+000, 5.1692899999988509E+000,-1.0602487356800737E+001
 5.1702899999988512E+000, 5.1702899999988512E+000,-1.0602487356804868E+001
 5.1712899999988515E+000, 5.1712899999988515E+000,-1.0602487356799088E+001
 5.1722899999988519E+000, 5.1722899999988519E+000,-1.0602487356793031E+001
 5.1732899999988522E+000, 5.1732899999988522E+000,-1.0602487356788924E+001
 5.1742899999988525E+000, 5.1742899999988525E+000,-1.0602487356784707E+001
 5.1752899999988529E+000, 5.1752899999988529E+000,-1.0602487356788844E+001
 5.1762899999988532E+000, 5.1762899999988532E+000,-1.0602487356777536E+001
 5.1772899999988535E+000, 5.1772899999988535E+000,-1.0602487356775070E+001
 5.1782899999988539E+000, 5.1782899999988539E+000,-1.0602487356774633E+001
 5.1792899999988542E+000, 5.1792899999988542E+000,-1.0602487356768725E+001
 5.1802899999988545E+000, 5.1802899999988545E+000,-1.0602487356771926E+001
 5.1812899999988549E+000, 5.1812899999988549E+000,-1.0602487356766108E+001
 5.1822899999988552E+000, 5.1822899999988552E+000,-1.0602487356764680E+001
 5.1832899999988555E+000, 5.1832899999988555E+000,-1.0602487356756956E+001
 5.1842899999988559E+000, 5.1842899999988559E+000,-1.0602487356753540E+001
 5.1852899999988562E+000, 5.1852899999988562E+000,-1.0602487356753080E+001
 5.1862899999988565E+000, 5.1862899999988565E+000,-1.0602487356744481E+001
 5.1872899999988569E+000, 5.1872899999988569E+000,-1.0602487356744769E+001
 5.1882899999988572E+000, 5.1882899999988572E+000,-1.0602487356733361E+001
 5.1892899999988575E+000, 5.1892899999988575E+000,-1.0602487356736418E+001
 5.1902899999988579E+000, 5.1902899999988579E+000,-1.0602487356730599E+001
 5.1912899999988582E+000, 5.1912899999988582E+000,-1.0602487356724556E+001
 5.1922899999988585E+000, 5.1922899999988585E+000,-1.0602487356721337E+001
 5.1932899999988589E+000, 5.1932899999988589E+000,-1.0602487356722657E+001
 5.1942899999988592E+000, 5.1942899999988592E+000,-1.0602487356715901E+001
 5.1952899999988595E+000, 5.1952899999988595E+000,-1.0602487356719974E+001
 5.1962899999988599E+000, 5.1962899999988599E+000,-1.0602487356713294E+001
 5.1972899999988602E+000, 5.1972899999988602E+000,-1.0602487356718257E+001
 5.1982899999988605E+000, 5.1982899999988605E+000,-1.0602487356699658E+001
 5.1992899999988609E+000, 5.1992899999988609E+000,-1.0602487356695057E+001
 5.2002899999988612E+000, 5.2002899999988612E+000,-1.0602487356698298E+001
 5.2012899999988615E+000, 5.2012899999988615E+000,-1.0602487356702632E+001
 5.2022899999988619E+000, 5.2022899999988619E+000,-1.0602487356695056E+001
 5.2032899999988622E+000, 5.2032899999988622E+000,-1.0602487356688965E+001
 5.2042899999988625E+000, 5.2042899999988625E+000,-1.0602487356684700E+001
 5.2052899999988629E+000, 5.2052899999988629E+000,-1.0602487356670482E+001
 5.2062899999988632E+000, 5.2062899999988632E+000,-1.0602487356681667E+001
 5.2072899999988635E+000, 5.2072899999988635E+000,-1.0602487356659502E+001
 5.2082899999988639E+000, 5.2082899999988639E+000,-1.0602487356675098E+001
 5.2092899999988642E+000, 5.2092899999988642E+000,-1.0602487356668727E+001
 5.2102899999988646E+000, 5.2102899999988646E+000,-1.0602487356657138E+001
 5.2112899999988649E+000, 5.2112899999988649E+000,-1.0602487356660184E+001
 5.2122899999988652E+000, 5.2122899999988652E+000,-1.0602487356654368E+001
 5.2132899999988656E+000, 5.2132899999988656E+000,-1.0602487356652047E+001
 5.2142899999988659E+000, 5.2142899999988659E+000,-1.0602487356664438E+001
 5.2152899999988662E+000, 5.2152899999988662E+000,-1.0602487356650666E+001
 5.2162899999988666E+000, 5.2162899999988666E+000,-1.0602487356633365E+001
 5.2172899999988669E+000, 5.2172899999988669E+000,-1.0602487356649089E+001
 5.2182899999988672E+000, 5.2182899999988672E+000,-1.0602487356642719E+001
 5.2192899999988676E+000, 5.2192899999988676E+000,-1.0602487356631139E+001
 5.2202899999988679E+000, 5.2202899999988679E+000,-1.0602487356624039E+001
 5.2212899999988682E+000, 5.2212899999988682E+000,-1.0602487356633620E+001
 5.2222899999988686E+000, 5.2222899999988686E+000,-1.0602487356621559E+001
 5.2232899999988689E+000, 5.2232899999988689E+000,-1.0602487356621760E+001
 5.2242899999988692E+000, 5.2242899999988692E+000,-1.0602487356614079E+001
 5.2252899999988696E+000, 5.2252899999988696E+000,-1.0602487356612606E+001
 5.2262899999988699E+000, 5.2262899999988699E+000,-1.0602487356605771E+001
 5.2272899999988702E+000, 5.2272899999988702E+000,-1.0602487356611629E+001
 5.2282899999988706E+000, 5.2282899999988706E+000,-1.0602487356604088E+001
 5.2292899999988709E+000, 5.2292899999988709E+000,-1.0602487356599795E+001
 5.2302899999988712E+000, 5.2302899999988712E+000,-1.0602487356599299E+001
 5.2312899999988716E+000, 5.2312899999988716E+000,-1.0602487356590709E+001
 5.2322899999988719E+000, 5.2322899999988719E+000,-1.0602487356595638E+001
 5.2332899999988722E+000, 5.2332899999988722E+000,-1.0602487356584348E+001
 5.2342899999988726E+000, 5.2342899999988726E+000,-1.0602487356582769E+001
 5.2352899999988729E+000, 5.2352899999988729E+000,-1.0602487356575935E+001
 5.2362899999988732E+000, 5.2362899999988732E+000,-1.0602487356574489E+001
 5.2372899999988736E+000, 5.2372899999988736E+000,-1.0602487356575859E+001
 5.2382899999988739E+000, 5.2382899999988739E+000,-1.0602487356561799E+001
 5.2392899999988742E+000, 5.2392899999988742E+000,-1.0602487356561952E+001
 5.2402899999988746E+000, 5.2402899999988746E+000,-1.0602487356561575E+001
 5.2412899999988749E+000, 5.2412899999988749E+000,-1.0602487356559392E+001
 5.2422899999988752E+000, 5.2422899999988752E+000,-1.0602487356559857E+001
 5.2432899999988756E+000, 5.2432899999988756E+000,-1.0602487356553969E+001
 5.2442899999988759E+000, 5.2442899999988759E+000,-1.0602487356544339E+001
 5.2452899999988762E+000, 5.2452899999988762E+000,-1.0602487356539086E+001
 5.2462899999988766E+000, 5.2462899999988766E+000,-1.0602487356540356E+001
 5.2472899999988769E+000, 5.2472899999988769E+000,-1.0602487356541959E+001
 5.2482899999988772E+000, 5.2482899999988772E+000,-1.0602487356541618E+001
 5.2492899999988776E+000, 5.2492899999988776E+000,-1.0602487356534825E+001
 5.2502899999988779E+000, 5.2502899999988779E+000,-1.0602487356522335E+001
 5.2512899999988782E+000, 5.2512899999988782E+000,-1.0602487356521619E+001
 5.2522899999988786E+000, 5.2522899999988786E+000,-1.0602487356511975E+001
 5.2532899999988789E+000, 5.2532899999988789E+000,-1.0602487356514191E+001
 5.2542899999988792E+000, 5.2542899999988792E+000,-1.0602487356508355E+001
 5.2552899999988796E+000, 5.2552899999988796E+000,-1.0602487356512441E+001
 5.2562899999988799E+000, 5.2562899999988799E+000,-1.0602487356507558E+001
 5.2572899999988802E+000, 5.2572899999988802E+000,-1.0602487356495114E+001
 5.2582899999988806E+000, 5.2582899999988806E+000,-1.0602487356492608E+001
 5.2592899999988809E+000, 5.2592899999988809E+000,-1.0602487356493960E+001
 5.2602899999988812E+000, 5.2602899999988812E+000,-1.0602487356487204E+001
 5.2612899999988816E+000, 5.2612899999988816E+000,-1.0602487356480248E+001
 5.2622899999988819E+000, 5.2622899999988819E+000,-1.0602487356494445E+001
 5.2632899999988823E+000, 5.2632899999988823E+000,-1.0602487356482500E+001
 5.2642899999988826E+000, 5.2642899999988826E+000,-1.0602487356482706E+001
 5.2652899999988829E+000, 5.2652899999988829E+000,-1.0602487356482342E+001
 5.2662899999988833E+000, 5.2662899999988833E+000,-1.0602487356470025E+001
 5.2672899999988836E+000, 5.2672899999988836E+000,-1.0602487356468428E+001
 5.2682899999988839E+000, 5.2682899999988839E+000,-1.0602487356472629E+001
 5.2692899999988843E+000, 5.2692899999988843E+000,-1.0602487356465947E+001
 5.2702899999988846E+000, 5.2702899999988846E+000,-1.0602487356458973E+001
 5.2712899999988849E+000, 5.2712899999988849E+000,-1.0602487356452890E+001
 5.2722899999988853E+000, 5.2722899999988853E+000,-1.0602487356451469E+001
 5.2732899999988856E+000, 5.2732899999988856E+000,-1.0602487356451052E+001
 5.2742899999988859E+000, 5.2742899999988859E+000,-1.0602487356439630E+001
 5.2752899999988863E+000, 5.2752899999988863E+000,-1.0602487356432533E+001
 5.2762899999988866E+000, 5.2762899999988866E+000,-1.0602487356443017E+001
 5.2772899999988869E+000, 5.2772899999988869E+000,-1.0602487356430974E+001
 5.2782899999988873E+000, 5.2782899999988873E+000,-1.0602487356429384E+001
 5.2792899999988876E+000, 5.2792899999988876E+000,-1.0602487356428972E+001
 5.2802899999988879E+000, 5.2802899999988879E+000,-1.0602487356422172E+001
 5.2812899999988883E+000, 5.2812899999988883E+000,-1.0602487356426231E+001
 5.2822899999988886E+000, 5.2822899999988886E+000,-1.0602487356422230E+001
 5.2832899999988889E+000, 5.2832899999988889E+000,-1.0602487356403408E+001
 5.2842899999988893E+000, 5.2842899999988893E+000,-1.0602487356408053E+001
 5.2852899999988896E+000, 5.2852899999988896E+000,-1.0602487356402282E+001
 5.2862899999988899E+000, 5.2862899999988899E+000,-1.0602487356400847E+001
 5.2872899999988903E+000, 5.2872899999988903E+000,-1.0602487356400438E+001
 5.2882899999988906E+000, 5.2882899999988906E+000,-1.0602487356392741E+001
 5.2892899999988909E+000, 5.2892899999988909E+000,-1.0602487356393048E+001
 5.2902899999988913E+000, 5.2902899999988913E+000,-1.0602487356390895E+001
 5.2912899999988916E+000, 5.2912899999988916E+000,-1.0602487356388677E+001
 5.2922899999988919E+000, 5.2922899999988919E+000,-1.0602487356388238E+001
 5.2932899999988923E+000, 5.2932899999988923E+000,-1.0602487356382332E+001
 5.2942899999988926E+000, 5.2942899999988926E+000,-1.0602487356376281E+001
 5.2952899999988929E+000, 5.2952899999988929E+000,-1.0602487356375745E+001
 5.2962899999988933E+000, 5.2962899999988933E+000,-1.0602487356363419E+001
 5.2972899999988936E+000, 5.2972899999988936E+000,-1.0602487356372874E+001
 5.2982899999988939E+000, 5.2982899999988939E+000,-1.0602487356372741E+001
 5.2992899999988943E+000, 5.2992899999988943E+000,-1.0602487356359523E+001
 5.3002899999988946E+000, 5.3002899999988946E+000,-1.0602487356352382E+001
 5.3012899999988949E+000, 5.3012899999988949E+000,-1.0602487356347192E+001
 5.3022899999988953E+000, 5.3022899999988953E+000,-1.0602487356351304E+001
 5.3032899999988956E+000, 5.3032899999988956E+000,-1.0602487356346415E+001
 5.3042899999988959E+000, 5.3042899999988959E+000,-1.0602487356340388E+001
 5.3052899999988963E+000, 5.3052899999988963E+000,-1.0602487356349105E+001
 5.3062899999988966E+000, 5.3062899999988966E+000,-1.0602487356325977E+001
 5.3072899999988969E+000, 5.3072899999988969E+000,-1.0602487356330519E+001
 5.3082899999988973E+000, 5.3082899999988973E+000,-1.0602487356329359E+001
 5.3092899999988976E+000, 5.3092899999988976E+000,-1.0602487356328963E+001
 5.3102899999988979E+000, 5.3102899999988979E+000,-1.0602487356316633E+001
 5.3112899999988983E+000, 5.3112899999988983E+000,-1.0602487356320562E+001
 5.3122899999988986E+000, 5.3122899999988986E+000,-1.0602487356310133E+001
 5.3132899999988989E+000, 5.3132899999988989E+000,-1.0602487356318743E+001
 5.3142899999988993E+000, 5.3142899999988993E+000,-1.0602487356306646E+001
 5.3152899999988996E+000, 5.3152899999988996E+000,-1.0602487356311475E+001
 5.3162899999989000E+000, 5.3162899999989000E+000,-1.0602487356311228E+001
 5.3172899999989003E+000, 5.3172899999989003E+000,-1.0602487356302639E+001
 5.3182899999989006E+000, 5.3182899999989006E+000,-1.0602487356297416E+001
 5.3192899999989010E+000, 5.3192899999989010E+000,-1.0602487356292272E+001
 5.3202899999989013E+000, 5.3202899999989013E+000,-1.0602487356284453E+001
 5.3212899999989016E+000, 5.3212899999989016E+000,-1.0602487356283870E+001
 5.3222899999989020E+000, 5.3222899999989020E+000,-1.0602487356277960E+001
 5.3232899999989023E+000, 5.3232899999989023E+000,-1.0602487356270121E+001
 5.3242899999989026E+000, 5.3242899999989026E+000,-1.0602487356269535E+001
 5.3252899999989030E+000, 5.3252899999989030E+000,-1.0602487356258997E+001
 5.3262899999989033E+000, 5.3262899999989033E+000,-1.0602487356274011E+001
 5.3272899999989036E+000, 5.3272899999989036E+000,-1.0602487356257456E+001
 5.3282899999989040E+000, 5.3282899999989040E+000,-1.0602487356249348E+001
 5.3292899999989043E+000, 5.3292899999989043E+000,-1.0602487356254272E+001
 5.3302899999989046E+000, 5.3302899999989046E+000,-1.0602487356247609E+001
 5.3312899999989050E+000, 5.3312899999989050E+000,-1.0602487356251682E+001
 5.3322899999989053E+000, 5.3322899999989053E+000,-1.0602487356239470E+001
 5.3332899999989056E+000, 5.3332899999989056E+000,-1.0602487356245202E+001
 5.3342899999989060E+000, 5.3342899999989060E+000,-1.0602487356238550E+001
 5.3352899999989063E+000, 5.3352899999989063E+000,-1.0602487356231586E+001
 5.3362899999989066E+000, 5.3362899999989066E+000,-1.0602487356232819E+001
 5.3372899999989070E+000, 5.3372899999989070E+000,-1.0602487356230675E+001
 5.3382899999989073E+000, 5.3382899999989073E+000,-1.0602487356223840E+001
 5.3392899999989076E+000, 5.3392899999989076E+000,-1.0602487356216875E+001
 5.3402899999989080E+000, 5.3402899999989080E+000,-1.0602487356208995E+001
 5.3412899999989083E+000, 5.3412899999989083E+000,-1.0602487356222149E+001
 5.3422899999989086E+000, 5.3422899999989086E+000,-1.0602487356213899E+001
 5.3432899999989090E+000, 5.3432899999989090E+000,-1.0602487356201372E+001
 5.3442899999989093E+000, 5.3442899999989093E+000,-1.0602487356207082E+001
 5.3452899999989096E+000, 5.3452899999989096E+000,-1.0602487356199546E+001
 5.3462899999989100E+000, 5.3462899999989100E+000,-1.0602487356187924E+001
 5.3472899999989103E+000, 5.3472899999989103E+000,-1.0602487356197397E+001
 5.3482899999989106E+000, 5.3482899999989106E+000,-1.0602487356187112E+001
 5.3492899999989110E+000, 5.3492899999989110E+000,-1.0602487356186472E+001
 5.3502899999989113E+000, 5.3502899999989113E+000,-1.0602487356191599E+001
 5.3512899999989116E+000, 5.3512899999989116E+000,-1.0602487356172997E+001
 5.3522899999989120E+000, 5.3522899999989120E+000,-1.0602487356182284E+001
 5.3532899999989123E+000, 5.3532899999989123E+000,-1.0602487356181257E+001
 5.3542899999989126E+000, 5.3542899999989126E+000,-1.0602487356168922E+001
 5.3552899999989130E+000, 5.3552899999989130E+000,-1.0602487356163593E+001
 5.3562899999989133E+000, 5.3562899999989133E+000,-1.0602487356156665E+001
 5.3572899999989136E+000, 5.3572899999989136E+000,-1.0602487356156995E+001
 5.3582899999989140E+000, 5.3582899999989140E+000,-1.0602487356153054E+001
 5.3592899999989143E+000, 5.3592899999989143E+000,-1.0602487356158093E+001
 5.3602899999989146E+000, 5.3602899999989146E+000,-1.0602487356157843E+001
 5.3612899999989150E+000, 5.3612899999989150E+000,-1.0602487356151048E+001
 5.3622899999989153E+000, 5.3622899999989153E+000,-1.0602487356149595E+001
 5.3632899999989156E+000, 5.3632899999989156E+000,-1.0602487356138145E+001
 5.3642899999989160E+000, 5.3642899999989160E+000,-1.0602487356143875E+001
 5.3652899999989163E+000, 5.3652899999989163E+000,-1.0602487356134549E+001
 5.3662899999989166E+000, 5.3662899999989166E+000,-1.0602487356136612E+001
 5.3672899999989170E+000, 5.3672899999989170E+000,-1.0602487356128989E+001
 5.3682899999989173E+000, 5.3682899999989173E+000,-1.0602487356127510E+001
 5.3692899999989177E+000, 5.3692899999989177E+000,-1.0602487356116059E+001
 5.3702899999989180E+000, 5.3702899999989180E+000,-1.0602487356116264E+001
 5.3712899999989183E+000, 5.3712899999989183E+000,-1.0602487356114112E+001
 5.3722899999989187E+000, 5.3722899999989187E+000,-1.0602487356107256E+001
 5.3732899999989190E+000, 5.3732899999989190E+000,-1.0602487356100287E+001
 5.3742899999989193E+000, 5.3742899999989193E+000,-1.0602487356095104E+001
 5.3752899999989197E+000, 5.3752899999989197E+000,-1.0602487356094580E+001
 5.3762899999989200E+000, 5.3762899999989200E+000,-1.0602487356093310E+001
 5.3772899999989203E+000, 5.3772899999989203E+000,-1.0602487356086478E+001
 5.3782899999989207E+000, 5.3782899999989207E+000,-1.0602487356080406E+001
 5.3792899999989210E+000, 5.3792899999989210E+000,-1.0602487356079870E+001
 5.3802899999989213E+000, 5.3802899999989213E+000,-1.0602487356089618E+001
 5.3812899999989217E+000, 5.3812899999989217E+000,-1.0602487356083087E+001
 5.3822899999989220E+000, 5.3822899999989220E+000,-1.0602487356070604E+001
 5.3832899999989223E+000, 5.3832899999989223E+000,-1.0602487356074526E+001
 5.3842899999989227E+000, 5.3842899999989227E+000,-1.0602487356068728E+001
 5.3852899999989230E+000, 5.3852899999989230E+000,-1.0602487356064469E+001
 5.3862899999989233E+000, 5.3862899999989233E+000,-1.0602487356065925E+001
 5.3872899999989237E+000, 5.3872899999989237E+000,-1.0602487356060058E+001
 5.3882899999989240E+000, 5.3882899999989240E+000,-1.0602487356059537E+001
 5.3892899999989243E+000, 5.3892899999989243E+000,-1.0602487356058255E+001
 5.3902899999989247E+000, 5.3902899999989247E+000,-1.0602487356053217E+001
 5.3912899999989250E+000, 5.3912899999989250E+000,-1.0602487356034350E+001
 5.3922899999989253E+000, 5.3922899999989253E+000,-1.0602487356043618E+001
 5.3932899999989257E+000, 5.3932899999989257E+000,-1.0602487356032452E+001
 5.3942899999989260E+000, 5.3942899999989260E+000,-1.0602487356036406E+001
 5.3952899999989263E+000, 5.3952899999989263E+000,-1.0602487356031517E+001
 5.3962899999989267E+000, 5.3962899999989267E+000,-1.0602487356030114E+001
 5.3972899999989270E+000, 5.3972899999989270E+000,-1.0602487356034320E+001
 5.3982899999989273E+000, 5.3982899999989273E+000,-1.0602487356017489E+001
 5.3992899999989277E+000, 5.3992899999989277E+000,-1.0602487356005634E+001
 5.4002899999989280E+000, 5.4002899999989280E+000,-1.0602487356003156E+001
 5.4012899999989283E+000, 5.4012899999989283E+000,-1.0602487356008243E+001
 5.4022899999989287E+000, 5.4022899999989287E+000,-1.0602487356002463E+001
 5.4032899999989290E+000, 5.4032899999989290E+000,-1.0602487355990007E+001
 5.4042899999989293E+000, 5.4042899999989293E+000,-1.0602487356005863E+001
 5.4052899999989297E+000, 5.4052899999989297E+000,-1.0602487355999486E+001
 5.4062899999989300E+000, 5.4062899999989300E+000,-1.0602487355991634E+001
 5.4072899999989303E+000, 5.4072899999989303E+000,-1.0602487355996578E+001
 5.4082899999989307E+000, 5.4082899999989307E+000,-1.0602487355996331E+001
 5.4092899999989310E+000, 5.4092899999989310E+000,-1.0602487355984001E+001
 5.4102899999989313E+000, 5.4102899999989313E+000,-1.0602487355977786E+001
 5.4112899999989317E+000, 5.4112899999989317E+000,-1.0602487355982763E+001
 5.4122899999989320E+000, 5.4122899999989320E+000,-1.0602487355979838E+001
 5.4132899999989323E+000, 5.4132899999989323E+000,-1.0602487355979379E+001
 5.4142899999989327E+000, 5.4142899999989327E+000,-1.0602487355968840E+001
 5.4152899999989330E+000, 5.4152899999989330E+000,-1.0602487355971027E+001
 5.4162899999989333E+000, 5.4162899999989333E+000,-1.0602487355960562E+001
 5.4172899999989337E+000, 5.4172899999989337E+000,-1.0602487355958125E+001
 5.4182899999989340E+000, 5.4182899999989340E+000,-1.0602487355953055E+001
 5.4192899999989343E+000, 5.4192899999989343E+000,-1.0602487355952547E+001
 5.4202899999989347E+000, 5.4202899999989347E+000,-1.0602487355946630E+001
 5.4212899999989350E+000, 5.4212899999989350E+000,-1.0602487355934171E+001
 5.4222899999989354E+000, 5.4222899999989354E+000,-1.0602487355938090E+001
 5.4232899999989357E+000, 5.4232899999989357E+000,-1.0602487355927677E+001
 5.4242899999989360E+000, 5.4242899999989360E+000,-1.0602487355930753E+001
 5.4252899999989364E+000, 5.4252899999989364E+000,-1.0602487355931352E+001
 5.4262899999989367E+000, 5.4262899999989367E+000,-1.0602487355923680E+001
 5.4272899999989370E+000, 5.4272899999989370E+000,-1.0602487355926828E+001
 5.4282899999989374E+000, 5.4282899999989374E+000,-1.0602487355917283E+001
 5.4292899999989377E+000, 5.4292899999989377E+000,-1.0602487355913974E+001
 5.4302899999989380E+000, 5.4302899999989380E+000,-1.0602487355908879E+001
 5.4312899999989384E+000, 5.4312899999989384E+000,-1.0602487355906575E+001
 5.4322899999989387E+000, 5.4322899999989387E+000,-1.0602487355911666E+001
 5.4332899999989390E+000, 5.4332899999989390E+000,-1.0602487355889346E+001
 5.4342899999989394E+000, 5.4342899999989394E+000,-1.0602487355904941E+001
 5.4352899999989397E+000, 5.4352899999989397E+000,-1.0602487355881099E+001
 5.4362899999989400E+000, 5.4362899999989400E+000,-1.0602487355891135E+001
 5.4372899999989404E+000, 5.4372899999989404E+000,-1.0602487355891032E+001
 5.4382899999989407E+000, 5.4382899999989407E+000,-1.0602487355885129E+001
 5.4392899999989410E+000, 5.4392899999989410E+000,-1.0602487355884591E+001
 5.4402899999989414E+000, 5.4402899999989414E+000,-1.0602487355875999E+001
 5.4412899999989417E+000, 5.4412899999989417E+000,-1.0602487355871672E+001
 5.4422899999989420E+000, 5.4422899999989420E+000,-1.0602487355870274E+001
 5.4432899999989424E+000, 5.4432899999989424E+000,-1.0602487355867181E+001
 5.4442899999989427E+000, 5.4442899999989427E+000,-1.0602487355865826E+001
 5.4452899999989430E+000, 5.4452899999989430E+000,-1.0602487355861687E+001
 5.4462899999989434E+000, 5.4462899999989434E+000,-1.0602487355849266E+001
 5.4472899999989437E+000, 5.4472899999989437E+000,-1.0602487355847677E+001
 5.4482899999989440E+000, 5.4482899999989440E+000,-1.0602487355846350E+001
 5.4492899999989444E+000, 5.4492899999989444E+000,-1.0602487355846838E+001
 5.4502899999989447E+000, 5.4502899999989447E+000,-1.0602487355845582E+001
 5.4512899999989450E+000, 5.4512899999989450E+000,-1.0602487355844278E+001
 5.4522899999989454E+000, 5.4522899999989454E+000,-1.0602487355827304E+001
 5.4532899999989457E+000, 5.4532899999989457E+000,-1.0602487355842149E+001
 5.4542899999989460E+000, 5.4542899999989460E+000,-1.0602487355824699E+001
 5.4552899999989464E+000, 5.4552899999989464E+000,-1.0602487355824763E+001
 5.4562899999989467E+000, 5.4562899999989467E+000,-1.0602487355821697E+001
 5.4572899999989470E+000, 5.4572899999989470E+000,-1.0602487355820353E+001
 5.4582899999989474E+000, 5.4582899999989474E+000,-1.0602487355809785E+001
 5.4592899999989477E+000, 5.4592899999989477E+000,-1.0602487355819292E+001
 5.4602899999989480E+000, 5.4602899999989480E+000,-1.0602487355807229E+001
 5.4612899999989484E+000, 5.4612899999989484E+000,-1.0602487355808318E+001
 5.4622899999989487E+000, 5.4622899999989487E+000,-1.0602487355794254E+001
 5.4632899999989490E+000, 5.4632899999989490E+000,-1.0602487355787968E+001
 5.4642899999989494E+000, 5.4642899999989494E+000,-1.0602487355792949E+001
 5.4652899999989497E+000, 5.4652899999989497E+000,-1.0602487355791816E+001
 5.4662899999989500E+000, 5.4662899999989500E+000,-1.0602487355785893E+001
 5.4672899999989504E+000, 5.4672899999989504E+000,-1.0602487355783559E+001
 5.4682899999989507E+000, 5.4682899999989507E+000,-1.0602487355783135E+001
 5.4692899999989510E+000, 5.4692899999989510E+000,-1.0602487355776329E+001
 5.4702899999989514E+000, 5.4702899999989514E+000,-1.0602487355777553E+001
 5.4712899999989517E+000, 5.4712899999989517E+000,-1.0602487355769005E+001
 5.4722899999989520E+000, 5.4722899999989520E+000,-1.0602487355762900E+001
 5.4732899999989524E+000, 5.4732899999989524E+000,-1.0602487355773395E+001
 5.4742899999989527E+000, 5.4742899999989527E+000,-1.0602487355767773E+001
 5.4752899999989530E+000, 5.4752899999989530E+000,-1.0602487355743369E+001
 5.4762899999989534E+000, 5.4762899999989534E+000,-1.0602487355753397E+001
 5.4772899999989537E+000, 5.4772899999989537E+000,-1.0602487355746870E+001
 5.4782899999989541E+000, 5.4782899999989541E+000,-1.0602487355741706E+001
 5.4792899999989544E+000, 5.4792899999989544E+000,-1.0602487355750434E+001
 5.4802899999989547E+000, 5.4802899999989547E+000,-1.0602487355744772E+001
 5.4812899999989551E+000, 5.4812899999989551E+000,-1.0602487355742454E+001
 5.4822899999989554E+000, 5.4822899999989554E+000,-1.0602487355737390E+001
 5.4832899999989557E+000, 5.4832899999989557E+000,-1.0602487355729563E+001
 5.4842899999989561E+000, 5.4842899999989561E+000,-1.0602487355724357E+001
 5.4852899999989564E+000, 5.4852899999989564E+000,-1.0602487355716539E+001
 5.4862899999989567E+000, 5.4862899999989567E+000,-1.0602487355711325E+001
 5.4872899999989571E+000, 5.4872899999989571E+000,-1.0602487355714551E+001
 5.4882899999989574E+000, 5.4882899999989574E+000,-1.0602487355708728E+001
 5.4892899999989577E+000, 5.4892899999989577E+000,-1.0602487355708211E+001
 5.4902899999989581E+000, 5.4902899999989581E+000,-1.0602487355706920E+001
 5.4912899999989584E+000, 5.4912899999989584E+000,-1.0602487355700990E+001
 5.4922899999989587E+000, 5.4922899999989587E+000,-1.0602487355704186E+001
 5.4932899999989591E+000, 5.4932899999989591E+000,-1.0602487355690023E+001
 5.4942899999989594E+000, 5.4942899999989594E+000,-1.0602487355697628E+001
 5.4952899999989597E+000, 5.4952899999989597E+000,-1.0602487355685506E+001
 5.4962899999989601E+000, 5.4962899999989601E+000,-1.0602487355686609E+001
 5.4972899999989604E+000, 5.4972899999989604E+000,-1.0602487355678058E+001
 5.4982899999989607E+000, 5.4982899999989607E+000,-1.0602487355677455E+001
 5.4992899999989611E+000, 5.4992899999989611E+000,-1.0602487355680791E+001
 5.5002899999989614E+000, 5.5002899999989614E+000,-1.0602487355670357E+001
 5.5012899999989617E+000, 5.5012899999989617E+000,-1.0602487355663282E+001
 5.5022899999989621E+000, 5.5022899999989621E+000,-1.0602487355672885E+001
 5.5032899999989624E+000, 5.5032899999989624E+000,-1.0602487355660806E+001
 5.5042899999989627E+000, 5.5042899999989627E+000,-1.0602487355650869E+001
 5.5052899999989631E+000, 5.5052899999989631E+000,-1.0602487355657694E+001
 5.5062899999989634E+000, 5.5062899999989634E+000,-1.0602487355647353E+001
 5.5072899999989637E+000, 5.5072899999989637E+000,-1.0602487355646698E+001
 5.5082899999989641E+000, 5.5082899999989641E+000,-1.0602487355644524E+001
 5.5092899999989644E+000, 5.5092899999989644E+000,-1.0602487355639465E+001
 5.5102899999989647E+000, 5.5102899999989647E+000,-1.0602487355638939E+001
 5.5112899999989651E+000, 5.5112899999989651E+000,-1.0602487355631247E+001
 5.5122899999989654E+000, 5.5122899999989654E+000,-1.0602487355623353E+001
 5.5132899999989657E+000, 5.5132899999989657E+000,-1.0602487355625456E+001
 5.5142899999989661E+000, 5.5142899999989661E+000,-1.0602487355628856E+001
 5.5152899999989664E+000, 5.5152899999989664E+000,-1.0602487355616645E+001
 5.5162899999989667E+000, 5.5162899999989667E+000,-1.0602487355615056E+001
 5.5172899999989671E+000, 5.5172899999989671E+000,-1.0602487355615525E+001
 5.5182899999989674E+000, 5.5182899999989674E+000,-1.0602487355614279E+001
 5.5192899999989677E+000, 5.5192899999989677E+000,-1.0602487355608336E+001
 5.5202899999989681E+000, 5.5202899999989681E+000,-1.0602487355585728E+001
 5.5212899999989684E+000, 5.5212899999989684E+000,-1.0602487355606835E+001
 5.5222899999989687E+000, 5.5222899999989687E+000,-1.0602487355594182E+001
 5.5232899999989691E+000, 5.5232899999989691E+000,-1.0602487355597200E+001
 5.5242899999989694E+000, 5.5242899999989694E+000,-1.0602487355593187E+001
 5.5252899999989697E+000, 5.5252899999989697E+000,-1.0602487355600157E+001
 5.5262899999989701E+000, 5.5262899999989701E+000,-1.0602487355590718E+001
 5.5272899999989704E+000, 5.5272899999989704E+000,-1.0602487355577257E+001
 5.5282899999989707E+000, 5.5282899999989707E+000,-1.0602487355571007E+001
 5.5292899999989711E+000, 5.5292899999989711E+000,-1.0602487355570467E+001
 5.5302899999989714E+000, 5.5302899999989714E+000,-1.0602487355558138E+001
 5.5312899999989718E+000, 5.5312899999989718E+000,-1.0602487355574002E+001
 5.5322899999989721E+000, 5.5322899999989721E+000,-1.0602487355561205E+001
 5.5332899999989724E+000, 5.5332899999989724E+000,-1.0602487355560500E+001
 5.5342899999989728E+000, 5.5342899999989728E+000,-1.0602487355548158E+001
 5.5352899999989731E+000, 5.5352899999989731E+000,-1.0602487355548362E+001
 5.5362899999989734E+000, 5.5362899999989734E+000,-1.0602487355536944E+001
 5.5372899999989738E+000, 5.5372899999989738E+000,-1.0602487355540006E+001
 5.5382899999989741E+000, 5.5382899999989741E+000,-1.0602487355545236E+001
 5.5392899999989744E+000, 5.5392899999989744E+000,-1.0602487355533942E+001
 5.5402899999989748E+000, 5.5402899999989748E+000,-1.0602487355537001E+001
 5.5412899999989751E+000, 5.5412899999989751E+000,-1.0602487355521033E+001
 5.5422899999989754E+000, 5.5422899999989754E+000,-1.0602487355525760E+001
 5.5432899999989758E+000, 5.5432899999989758E+000,-1.0602487355536546E+001
 5.5442899999989761E+000, 5.5442899999989761E+000,-1.0602487355516315E+001
 5.5452899999989764E+000, 5.5452899999989764E+000,-1.0602487355509890E+001
 5.5462899999989768E+000, 5.5462899999989768E+000,-1.0602487355515761E+001
 5.5472899999989771E+000, 5.5472899999989771E+000,-1.0602487355520168E+001
 5.5482899999989774E+000, 5.5482899999989774E+000,-1.0602487355502436E+001
 5.5492899999989778E+000, 5.5492899999989778E+000,-1.0602487355506220E+001
 5.5502899999989781E+000, 5.5502899999989781E+000,-1.0602487355501326E+001
 5.5512899999989784E+000, 5.5512899999989784E+000,-1.0602487355499026E+001
 5.5522899999989788E+000, 5.5522899999989788E+000,-1.0602487355493968E+001
 5.5532899999989791E+000, 5.5532899999989791E+000,-1.0602487355480630E+001
 5.5542899999989794E+000, 5.5542899999989794E+000,-1.0602487355480802E+001
 5.5552899999989798E+000, 5.5552899999989798E+000,-1.0602487355484149E+001
 5.5562899999989801E+000, 5.5562899999989801E+000,-1.0602487355471924E+001
 5.5572899999989804E+000, 5.5572899999989804E+000,-1.0602487355477649E+001
 5.5582899999989808E+000, 5.5582899999989808E+000,-1.0602487355475629E+001
 5.5592899999989811E+000, 5.5592899999989811E+000,-1.0602487355470576E+001
 5.5602899999989814E+000, 5.5602899999989814E+000,-1.0602487355463644E+001
 5.5612899999989818E+000, 5.5612899999989818E+000,-1.0602487355467719E+001
 5.5622899999989821E+000, 5.5622899999989821E+000,-1.0602487355450879E+001
 5.5632899999989824E+000, 5.5632899999989824E+000,-1.0602487355454688E+001
 5.5642899999989828E+000, 5.5642899999989828E+000,-1.0602487355447998E+001
 5.5652899999989831E+000, 5.5652899999989831E+000,-1.0602487355442817E+001
 5.5662899999989834E+000, 5.5662899999989834E+000,-1.0602487355452460E+001
 5.5672899999989838E+000, 5.5672899999989838E+000,-1.0602487355439496E+001
 5.5682899999989841E+000, 5.5682899999989841E+000,-1.0602487355433258E+001
 5.5692899999989844E+000, 5.5692899999989844E+000,-1.0602487355439141E+001
 5.5702899999989848E+000, 5.5702899999989848E+000,-1.0602487355436230E+001
 5.5712899999989851E+000, 5.5712899999989851E+000,-1.0602487355437566E+001
 5.5722899999989854E+000, 5.5722899999989854E+000,-1.0602487355417981E+001
 5.5732899999989858E+000, 5.5732899999989858E+000,-1.0602487355424401E+001
 5.5742899999989861E+000, 5.5742899999989861E+000,-1.0602487355415978E+001
 5.5752899999989864E+000, 5.5752899999989864E+000,-1.0602487355410767E+001
 5.5762899999989868E+000, 5.5762899999989868E+000,-1.0602487355413089E+001
 5.5772899999989871E+000, 5.5772899999989871E+000,-1.0602487355397107E+001
 5.5782899999989874E+000, 5.5782899999989874E+000,-1.0602487355402722E+001
 5.5792899999989878E+000, 5.5792899999989878E+000,-1.0602487355401593E+001
 5.5802899999989881E+000, 5.5802899999989881E+000,-1.0602487355393883E+001
 5.5812899999989884E+000, 5.5812899999989884E+000,-1.0602487355392416E+001
 5.5822899999989888E+000, 5.5822899999989888E+000,-1.0602487355392885E+001
 5.5832899999989891E+000, 5.5832899999989891E+000,-1.0602487355385218E+001
 5.5842899999989895E+000, 5.5842899999989895E+000,-1.0602487355389247E+001
 5.5852899999989898E+000, 5.5852899999989898E+000,-1.0602487355372421E+001
 5.5862899999989901E+000, 5.5862899999989901E+000,-1.0602487355367876E+001
 5.5872899999989905E+000, 5.5872899999989905E+000,-1.0602487355372897E+001
 5.5882899999989908E+000, 5.5882899999989908E+000,-1.0602487355366247E+001
 5.5892899999989911E+000, 5.5892899999989911E+000,-1.0602487355358376E+001
 5.5902899999989915E+000, 5.5902899999989915E+000,-1.0602487355356898E+001
 5.5912899999989918E+000, 5.5912899999989918E+000,-1.0602487355356480E+001
 5.5922899999989921E+000, 5.5922899999989921E+000,-1.0602487355355207E+001
 5.5932899999989925E+000, 5.5932899999989925E+000,-1.0602487355361205E+001
 5.5942899999989928E+000, 5.5942899999989928E+000,-1.0602487355358312E+001
 5.5952899999989931E+000, 5.5952899999989931E+000,-1.0602487355353231E+001
 5.5962899999989935E+000, 5.5962899999989935E+000,-1.0602487355356441E+001
 5.5972899999989938E+000, 5.5972899999989938E+000,-1.0602487355340482E+001
 5.5982899999989941E+000, 5.5982899999989941E+000,-1.0602487355331489E+001
 5.5992899999989945E+000, 5.5992899999989945E+000,-1.0602487355342813E+001
 5.6002899999989948E+000, 5.6002899999989948E+000,-1.0602487355324374E+001
 5.6012899999989951E+000, 5.6012899999989951E+000,-1.0602487355324410E+001
 5.6022899999989955E+000, 5.6022899999989955E+000,-1.0602487355317624E+001
 5.6032899999989958E+000, 5.6032899999989958E+000,-1.0602487355316173E+001
 5.6042899999989961E+000, 5.6042899999989961E+000,-1.0602487355314864E+001
 5.6052899999989965E+000, 5.6052899999989965E+000,-1.0602487355314452E+001
 5.6062899999989968E+000, 5.6062899999989968E+000,-1.0602487355306753E+001
 5.6072899999989971E+000, 5.6072899999989971E+000,-1.0602487355296919E+001
 5.6082899999989975E+000, 5.6082899999989975E+000,-1.0602487355301804E+001
 5.6092899999989978E+000, 5.6092899999989978E+000,-1.0602487355306190E+001
 5.6102899999989981E+000, 5.6102899999989981E+000,-1.0602487355283843E+001
 5.6112899999989985E+000, 5.6112899999989985E+000,-1.0602487355286604E+001
 5.6122899999989988E+000, 5.6122899999989988E+000,-1.0602487355287202E+001
 5.6132899999989991E+000, 5.6132899999989991E+000,-1.0602487355290567E+001
 5.6142899999989995E+000, 5.6142899999989995E+000,-1.0602487355283866E+001
 5.6152899999989998E+000, 5.6152899999989998E+000,-1.0602487355281514E+001
 5.6162899999990001E+000, 5.6162899999990001E+000,-1.0602487355281987E+001
 5.6172899999990005E+000, 5.6172899999990005E+000,-1.0602487355276104E+001
 5.6182899999990008E+000, 5.6182899999990008E+000,-1.0602487355270053E+001
 5.6192899999990011E+000, 5.6192899999990011E+000,-1.0602487355257567E+001
 5.6202899999990015E+000, 5.6202899999990015E+000,-1.0602487355256866E+001
 5.6212899999990018E+000, 5.6212899999990018E+000,-1.0602487355260200E+001
 5.6222899999990021E+000, 5.6222899999990021E+000,-1.0602487355249769E+001
 5.6232899999990025E+000, 5.6232899999990025E+000,-1.0602487355252855E+001
 5.6242899999990028E+000, 5.6242899999990028E+000,-1.0602487355258081E+001
 5.6252899999990031E+000, 5.6252899999990031E+000,-1.0602487355241268E+001
 5.6262899999990035E+000, 5.6262899999990035E+000,-1.0602487355238658E+001
 5.6272899999990038E+000, 5.6272899999990038E+000,-1.0602487355238218E+001
 5.6282899999990041E+000, 5.6282899999990041E+000,-1.0602487355231407E+001
 5.6292899999990045E+000, 5.6292899999990045E+000,-1.0602487355235480E+001
 5.6302899999990048E+000, 5.6302899999990048E+000,-1.0602487355220450E+001
 5.6312899999990051E+000, 5.6312899999990051E+000,-1.0602487355228035E+001
 5.6322899999990055E+000, 5.6322899999990055E+000,-1.0602487355222335E+001
 5.6332899999990058E+000, 5.6332899999990058E+000,-1.0602487355210759E+001
 5.6342899999990061E+000, 5.6342899999990061E+000,-1.0602487355204559E+001
 5.6352899999990065E+000, 5.6352899999990065E+000,-1.0602487355203124E+001
 5.6362899999990068E+000, 5.6362899999990068E+000,-1.0602487355198093E+001
 5.6372899999990072E+000, 5.6372899999990072E+000,-1.0602487355201303E+001
 5.6382899999990075E+000, 5.6382899999990075E+000,-1.0602487355196377E+001
 5.6392899999990078E+000, 5.6392899999990078E+000,-1.0602487355193194E+001
 5.6402899999990082E+000, 5.6402899999990082E+000,-1.0602487355191849E+001
 5.6412899999990085E+000, 5.6412899999990085E+000,-1.0602487355186806E+001
 5.6422899999990088E+000, 5.6422899999990088E+000,-1.0602487355185406E+001
 5.6432899999990092E+000, 5.6432899999990092E+000,-1.0602487355184993E+001
 5.6442899999990095E+000, 5.6442899999990095E+000,-1.0602487355182820E+001
 5.6452899999990098E+000, 5.6452899999990098E+000,-1.0602487355166710E+001
 5.6462899999990102E+000, 5.6462899999990102E+000,-1.0602487355176056E+001
 5.6472899999990105E+000, 5.6472899999990105E+000,-1.0602487355169512E+001
 5.6482899999990108E+000, 5.6482899999990108E+000,-1.0602487355163449E+001
 5.6492899999990112E+000, 5.6492899999990112E+000,-1.0602487355150968E+001
 5.6502899999990115E+000, 5.6502899999990115E+000,-1.0602487355161301E+001
 5.6512899999990118E+000, 5.6512899999990118E+000,-1.0602487355149265E+001
 5.6522899999990122E+000, 5.6522899999990122E+000,-1.0602487355154086E+001
 5.6532899999990125E+000, 5.6532899999990125E+000,-1.0602487355151153E+001
 5.6542899999990128E+000, 5.6542899999990128E+000,-1.0602487355140561E+001
 5.6552899999990132E+000, 5.6552899999990132E+000,-1.0602487355139903E+001
 5.6562899999990135E+000, 5.6562899999990135E+000,-1.0602487355139512E+001
 5.6572899999990138E+000, 5.6572899999990138E+000,-1.0602487355126293E+001
 5.6582899999990142E+000, 5.6582899999990142E+000,-1.0602487355127355E+001
 5.6592899999990145E+000, 5.6592899999990145E+000,-1.0602487355126121E+001
 5.6602899999990148E+000, 5.6602899999990148E+000,-1.0602487355124806E+001
 5.6612899999990152E+000, 5.6612899999990152E+000,-1.0602487355124403E+001
 5.6622899999990155E+000, 5.6622899999990155E+000,-1.0602487355116700E+001
 5.6632899999990158E+000, 5.6632899999990158E+000,-1.0602487355110600E+001
 5.6642899999990162E+000, 5.6642899999990162E+000,-1.0602487355110066E+001
 5.6652899999990165E+000, 5.6652899999990165E+000,-1.0602487355112515E+001
 5.6662899999990168E+000, 5.6662899999990168E+000,-1.0602487355102053E+001
 5.6672899999990172E+000, 5.6672899999990172E+000,-1.0602487355100502E+001
 5.6682899999990175E+000, 5.6682899999990175E+000,-1.0602487355083522E+001
 5.6692899999990178E+000, 5.6692899999990178E+000,-1.0602487355093745E+001
 5.6702899999990182E+000, 5.6702899999990182E+000,-1.0602487355091849E+001
 5.6712899999990185E+000, 5.6712899999990185E+000,-1.0602487355085005E+001
 5.6722899999990188E+000, 5.6722899999990188E+000,-1.0602487355080715E+001
 5.6732899999990192E+000, 5.6732899999990192E+000,-1.0602487355078438E+001
 5.6742899999990195E+000, 5.6742899999990195E+000,-1.0602487355076217E+001
 5.6752899999990198E+000, 5.6752899999990198E+000,-1.0602487355065634E+001
 5.6762899999990202E+000, 5.6762899999990202E+000,-1.0602487355070499E+001
 5.6772899999990205E+000, 5.6772899999990205E+000,-1.0602487355058319E+001
 5.6782899999990208E+000, 5.6782899999990208E+000,-1.0602487355063131E+001
 5.6792899999990212E+000, 5.6792899999990212E+000,-1.0602487355061999E+001
 5.6802899999990215E+000, 5.6802899999990215E+000,-1.0602487355045024E+001
 5.6812899999990218E+000, 5.6812899999990218E+000,-1.0602487355054350E+001
 5.6822899999990222E+000, 5.6822899999990222E+000,-1.0602487355047804E+001
 5.6832899999990225E+000, 5.6832899999990225E+000,-1.0602487355035318E+001
 5.6842899999990228E+000, 5.6842899999990228E+000,-1.0602487355040125E+001
 5.6852899999990232E+000, 5.6852899999990232E+000,-1.0602487355045396E+001
 5.6862899999990235E+000, 5.6862899999990235E+000,-1.0602487355037852E+001
 5.6872899999990238E+000, 5.6872899999990238E+000,-1.0602487355033555E+001
 5.6882899999990242E+000, 5.6882899999990242E+000,-1.0602487355025747E+001
 5.6892899999990245E+000, 5.6892899999990245E+000,-1.0602487355024280E+001
 5.6902899999990249E+000, 5.6902899999990249E+000,-1.0602487355017443E+001
 5.6912899999990252E+000, 5.6912899999990252E+000,-1.0602487355022404E+001
 5.6922899999990255E+000, 5.6922899999990255E+000,-1.0602487355015736E+001
 5.6932899999990259E+000, 5.6932899999990259E+000,-1.0602487354996851E+001
 5.6942899999990262E+000, 5.6942899999990262E+000,-1.0602487355007010E+001
 5.6952899999990265E+000, 5.6952899999990265E+000,-1.0602487354996754E+001
 5.6962899999990269E+000, 5.6962899999990269E+000,-1.0602487354997002E+001
 5.6972899999990272E+000, 5.6972899999990272E+000,-1.0602487354998569E+001
 5.6982899999990275E+000, 5.6982899999990275E+000,-1.0602487354999131E+001
 5.6992899999990279E+000, 5.6992899999990279E+000,-1.0602487354982213E+001
 5.7002899999990282E+000, 5.7002899999990282E+000,-1.0602487354985120E+001
 5.7012899999990285E+000, 5.7012899999990285E+000,-1.0602487354979296E+001
 5.7022899999990289E+000, 5.7022899999990289E+000,-1.0602487354978763E+001
 5.7032899999990292E+000, 5.7032899999990292E+000,-1.0602487354983904E+001
 5.7042899999990295E+000, 5.7042899999990295E+000,-1.0602487354969931E+001
 5.7052899999990299E+000, 5.7052899999990299E+000,-1.0602487354969190E+001
 5.7062899999990302E+000, 5.7062899999990302E+000,-1.0602487354969689E+001
 5.7072899999990305E+000, 5.7072899999990305E+000,-1.0602487354962019E+001
 5.7082899999990309E+000, 5.7082899999990309E+000,-1.0602487354944877E+001
 5.7092899999990312E+000, 5.7092899999990312E+000,-1.0602487354962406E+001
 5.7102899999990315E+000, 5.7102899999990315E+000,-1.0602487354954278E+001
 5.7112899999990319E+000, 5.7112899999990319E+000,-1.0602487354949057E+001
 5.7122899999990322E+000, 5.7122899999990322E+000,-1.0602487354946764E+001
 5.7132899999990325E+000, 5.7132899999990325E+000,-1.0602487354945431E+001
 5.7142899999990329E+000, 5.7142899999990329E+000,-1.0602487354933963E+001
 5.7152899999990332E+000, 5.7152899999990332E+000,-1.0602487354933292E+001
 5.7162899999990335E+000, 5.7162899999990335E+000,-1.0602487354931112E+001
 5.7172899999990339E+000, 5.7172899999990339E+000,-1.0602487354926051E+001
 5.7182899999990342E+000, 5.7182899999990342E+000,-1.0602487354924648E+001
 5.7192899999990345E+000, 5.7192899999990345E+000,-1.0602487354928858E+001
 5.7202899999990349E+000, 5.7202899999990349E+000,-1.0602487354912025E+001
 5.7212899999990352E+000, 5.7212899999990352E+000,-1.0602487354922253E+001
 5.7222899999990355E+000, 5.7222899999990355E+000,-1.0602487354908414E+001
 5.7232899999990359E+000, 5.7232899999990359E+000,-1.0602487354897534E+001
 5.7242899999990362E+000, 5.7242899999990362E+000,-1.0602487354902394E+001
 5.7252899999990365E+000, 5.7252899999990365E+000,-1.0602487354896617E+001
 5.7262899999990369E+000, 5.7262899999990369E+000,-1.0602487354894304E+001
 5.7272899999990372E+000, 5.7272899999990372E+000,-1.0602487354900280E+001
 5.7282899999990375E+000, 5.7282899999990375E+000,-1.0602487354888121E+001
 5.7292899999990379E+000, 5.7292899999990379E+000,-1.0602487354881911E+001
 5.7302899999990382E+000, 5.7302899999990382E+000,-1.0602487354880472E+001
 5.7312899999990385E+000, 5.7312899999990385E+000,-1.0602487354883788E+001
 5.7322899999990389E+000, 5.7322899999990389E+000,-1.0602487354866934E+001
 5.7332899999990392E+000, 5.7332899999990392E+000,-1.0602487354877162E+001
 5.7342899999990395E+000, 5.7342899999990395E+000,-1.0602487354877058E+001
 5.7352899999990399E+000, 5.7352899999990399E+000,-1.0602487354862948E+001
 5.7362899999990402E+000, 5.7362899999990402E+000,-1.0602487354874143E+001
 5.7372899999990405E+000, 5.7372899999990405E+000,-1.0602487354871371E+001
 5.7382899999990409E+000, 5.7382899999990409E+000,-1.0602487354856143E+001
 5.7392899999990412E+000, 5.7392899999990412E+000,-1.0602487354853576E+001
 5.7402899999990415E+000, 5.7402899999990415E+000,-1.0602487354854025E+001
 5.7412899999990419E+000, 5.7412899999990419E+000,-1.0602487354841740E+001
 5.7422899999990422E+000, 5.7422899999990422E+000,-1.0602487354841042E+001
 5.7432899999990425E+000, 5.7432899999990425E+000,-1.0602487354835107E+001
 5.7442899999990429E+000, 5.7442899999990429E+000,-1.0602487354843838E+001
 5.7452899999990432E+000, 5.7452899999990432E+000,-1.0602487354838168E+001
 5.7462899999990436E+000, 5.7462899999990436E+000,-1.0602487354830332E+001
 5.7472899999990439E+000, 5.7472899999990439E+000,-1.0602487354829751E+001
 5.7482899999990442E+000, 5.7482899999990442E+000,-1.0602487354814581E+001
 5.7492899999990446E+000, 5.7492899999990446E+000,-1.0602487354813809E+001
 5.7502899999990449E+000, 5.7502899999990449E+000,-1.0602487354811629E+001
 5.7512899999990452E+000, 5.7512899999990452E+000,-1.0602487354805664E+001
 5.7522899999990456E+000, 5.7522899999990456E+000,-1.0602487354814384E+001
 5.7532899999990459E+000, 5.7532899999990459E+000,-1.0602487354792153E+001
 5.7542899999990462E+000, 5.7542899999990462E+000,-1.0602487354791197E+001
 5.7552899999990466E+000, 5.7552899999990466E+000,-1.0602487354793627E+001
 5.7562899999990469E+000, 5.7562899999990469E+000,-1.0602487354799727E+001
 5.7572899999990472E+000, 5.7572899999990472E+000,-1.0602487354793105E+001
 5.7582899999990476E+000, 5.7582899999990476E+000,-1.0602487354786128E+001
 5.7592899999990479E+000, 5.7592899999990479E+000,-1.0602487354791094E+001
 5.7602899999990482E+000, 5.7602899999990482E+000,-1.0602487354783543E+001
 5.7612899999990486E+000, 5.7612899999990486E+000,-1.0602487354782964E+001
 5.7622899999990489E+000, 5.7622899999990489E+000,-1.0602487354776155E+001
 5.7632899999990492E+000, 5.7632899999990492E+000,-1.0602487354770084E+001
 5.7642899999990496E+000, 5.7642899999990496E+000,-1.0602487354770446E+001
 5.7652899999990499E+000, 5.7652899999990499E+000,-1.0602487354759027E+001
 5.7662899999990502E+000, 5.7662899999990502E+000,-1.0602487354767606E+001
 5.7672899999990506E+000, 5.7672899999990506E+000,-1.0602487354754620E+001
 5.7682899999990509E+000, 5.7682899999990509E+000,-1.0602487354748389E+001
 5.7692899999990512E+000, 5.7692899999990512E+000,-1.0602487354747844E+001
 5.7702899999990516E+000, 5.7702899999990516E+000,-1.0602487354741042E+001
 5.7712899999990519E+000, 5.7712899999990519E+000,-1.0602487354751529E+001
 5.7722899999990522E+000, 5.7722899999990522E+000,-1.0602487354734862E+001
 5.7732899999990526E+000, 5.7732899999990526E+000,-1.0602487354744188E+001
 5.7742899999990529E+000, 5.7742899999990529E+000,-1.0602487354733917E+001
 5.7752899999990532E+000, 5.7752899999990532E+000,-1.0602487354732377E+001
 5.7762899999990536E+000, 5.7762899999990536E+000,-1.0602487354731071E+001
 5.7772899999990539E+000, 5.7772899999990539E+000,-1.0602487354720500E+001
 5.7782899999990542E+000, 5.7782899999990542E+000,-1.0602487354722689E+001
 5.7792899999990546E+000, 5.7792899999990546E+000,-1.0602487354717745E+001
 5.7802899999990549E+000, 5.7802899999990549E+000,-1.0602487354710817E+001
 5.7812899999990552E+000, 5.7812899999990552E+000,-1.0602487354714883E+001
 5.7822899999990556E+000, 5.7822899999990556E+000,-1.0602487354703579E+001
 5.7832899999990559E+000, 5.7832899999990559E+000,-1.0602487354696477E+001
 5.7842899999990562E+000, 5.7842899999990562E+000,-1.0602487354700546E+001
 5.7852899999990566E+000, 5.7852899999990566E+000,-1.0602487354688336E+001
 5.7862899999990569E+000, 5.7862899999990569E+000,-1.0602487354701365E+001
 5.7872899999990572E+000, 5.7872899999990572E+000,-1.0602487354692245E+001
 5.7882899999990576E+000, 5.7882899999990576E+000,-1.0602487354682371E+001
 5.7892899999990579E+000, 5.7892899999990579E+000,-1.0602487354679042E+001
 5.7902899999990582E+000, 5.7902899999990582E+000,-1.0602487354679479E+001
 5.7912899999990586E+000, 5.7912899999990586E+000,-1.0602487354671810E+001
 5.7922899999990589E+000, 5.7922899999990589E+000,-1.0602487354670330E+001
 5.7932899999990592E+000, 5.7932899999990592E+000,-1.0602487354664387E+001
 5.7942899999990596E+000, 5.7942899999990596E+000,-1.0602487354669387E+001
 5.7952899999990599E+000, 5.7952899999990599E+000,-1.0602487354663625E+001
 5.7962899999990602E+000, 5.7962899999990602E+000,-1.0602487354651149E+001
 5.7972899999990606E+000, 5.7972899999990606E+000,-1.0602487354655072E+001
 5.7982899999990609E+000, 5.7982899999990609E+000,-1.0602487354650172E+001
 5.7992899999990613E+000, 5.7992899999990613E+000,-1.0602487354653391E+001
 5.8002899999990616E+000, 5.8002899999990616E+000,-1.0602487354636553E+001
 5.8012899999990619E+000, 5.8012899999990619E+000,-1.0602487354629318E+001
 5.8022899999990623E+000, 5.8022899999990623E+000,-1.0602487354638896E+001
 5.8032899999990626E+000, 5.8032899999990626E+000,-1.0602487354633240E+001
 5.8042899999990629E+000, 5.8042899999990629E+000,-1.0602487354632725E+001
 5.8052899999990633E+000, 5.8052899999990633E+000,-1.0602487354632341E+001
 5.8062899999990636E+000, 5.8062899999990636E+000,-1.0602487354623744E+001
 5.8072899999990639E+000, 5.8072899999990639E+000,-1.0602487354623147E+001
 5.8082899999990643E+000, 5.8082899999990643E+000,-1.0602487354620962E+001
 5.8092899999990646E+000, 5.8092899999990646E+000,-1.0602487354615894E+001
 5.8102899999990649E+000, 5.8102899999990649E+000,-1.0602487354615384E+001
 5.8112899999990653E+000, 5.8112899999990653E+000,-1.0602487354614983E+001
 5.8122899999990656E+000, 5.8122899999990656E+000,-1.0602487354601781E+001
 5.8132899999990659E+000, 5.8132899999990659E+000,-1.0602487354595532E+001
 5.8142899999990663E+000, 5.8142899999990663E+000,-1.0602487354589462E+001
 5.8152899999990666E+000, 5.8152899999990666E+000,-1.0602487354583415E+001
 5.8162899999990669E+000, 5.8162899999990669E+000,-1.0602487354587499E+001
 5.8172899999990673E+000, 5.8172899999990673E+000,-1.0602487354581722E+001
 5.8182899999990676E+000, 5.8182899999990676E+000,-1.0602487354585813E+001
 5.8192899999990679E+000, 5.8192899999990679E+000,-1.0602487354568979E+001
 5.8202899999990683E+000, 5.8202899999990683E+000,-1.0602487354571903E+001
 5.8212899999990686E+000, 5.8212899999990686E+000,-1.0602487354583534E+001
 5.8222899999990689E+000, 5.8222899999990689E+000,-1.0602487354565113E+001
 5.8232899999990693E+000, 5.8232899999990693E+000,-1.0602487354567984E+001
 5.8242899999990696E+000, 5.8242899999990696E+000,-1.0602487354553801E+001
 5.8252899999990699E+000, 5.8252899999990699E+000,-1.0602487354558569E+001
 5.8262899999990703E+000, 5.8262899999990703E+000,-1.0602487354555631E+001
 5.8272899999990706E+000, 5.8272899999990706E+000,-1.0602487354550567E+001
 5.8282899999990709E+000, 5.8282899999990709E+000,-1.0602487354543635E+001
 5.8292899999990713E+000, 5.8292899999990713E+000,-1.0602487354535757E+001
 5.8302899999990716E+000, 5.8302899999990716E+000,-1.0602487354528751E+001
 5.8312899999990719E+000, 5.8312899999990719E+000,-1.0602487354544760E+001
 5.8322899999990723E+000, 5.8322899999990723E+000,-1.0602487354538397E+001
 5.8332899999990726E+000, 5.8332899999990726E+000,-1.0602487354536954E+001
 5.8342899999990729E+000, 5.8342899999990729E+000,-1.0602487354530123E+001
 5.8352899999990733E+000, 5.8352899999990733E+000,-1.0602487354526728E+001
 5.8362899999990736E+000, 5.8362899999990736E+000,-1.0602487354522690E+001
 5.8372899999990739E+000, 5.8372899999990739E+000,-1.0602487354523099E+001
 5.8382899999990743E+000, 5.8382899999990743E+000,-1.0602487354510803E+001
 5.8392899999990746E+000, 5.8392899999990746E+000,-1.0602487354510099E+001
 5.8402899999990749E+000, 5.8402899999990749E+000,-1.0602487354503282E+001
 5.8412899999990753E+000, 5.8412899999990753E+000,-1.0602487354507360E+001
 5.8422899999990756E+000, 5.8422899999990756E+000,-1.0602487354496935E+001
 5.8432899999990759E+000, 5.8432899999990759E+000,-1.0602487354489879E+001
 5.8442899999990763E+000, 5.8442899999990763E+000,-1.0602487354493039E+001
 5.8452899999990766E+000, 5.8452899999990766E+000,-1.0602487354487227E+001
 5.8462899999990769E+000, 5.8462899999990769E+000,-1.0602487354476557E+001
 5.8472899999990773E+000, 5.8472899999990773E+000,-1.0602487354479631E+001
 5.8482899999990776E+000, 5.8482899999990776E+000,-1.0602487354480225E+001
 5.8492899999990779E+000, 5.8492899999990779E+000,-1.0602487354477178E+001
 5.8502899999990783E+000, 5.8502899999990783E+000,-1.0602487354476732E+001
 5.8512899999990786E+000, 5.8512899999990786E+000,-1.0602487354467080E+001
 5.8522899999990790E+000, 5.8522899999990790E+000,-1.0602487354470183E+001
 5.8532899999990793E+000, 5.8532899999990793E+000,-1.0602487354462587E+001
 5.8542899999990796E+000, 5.8542899999990796E+000,-1.0602487354457381E+001
 5.8552899999990800E+000, 5.8552899999990800E+000,-1.0602487354455970E+001
 5.8562899999990803E+000, 5.8562899999990803E+000,-1.0602487354461072E+001
 5.8572899999990806E+000, 5.8572899999990806E+000,-1.0602487354452624E+001
 5.8582899999990810E+000, 5.8582899999990810E+000,-1.0602487354453819E+001
 5.8592899999990813E+000, 5.8592899999990813E+000,-1.0602487354445266E+001
 5.8602899999990816E+000, 5.8602899999990816E+000,-1.0602487354440928E+001
 5.8612899999990820E+000, 5.8612899999990820E+000,-1.0602487354433142E+001
 5.8622899999990823E+000, 5.8622899999990823E+000,-1.0602487354427932E+001
 5.8632899999990826E+000, 5.8632899999990826E+000,-1.0602487354424724E+001
 5.8642899999990830E+000, 5.8642899999990830E+000,-1.0602487354425161E+001
 5.8652899999990833E+000, 5.8652899999990833E+000,-1.0602487354417489E+001
 5.8662899999990836E+000, 5.8662899999990836E+000,-1.0602487354414077E+001
 5.8672899999990840E+000, 5.8672899999990840E+000,-1.0602487354411821E+001
 5.8682899999990843E+000, 5.8682899999990843E+000,-1.0602487354410481E+001
 5.8692899999990846E+000, 5.8692899999990846E+000,-1.0602487354404559E+001
 5.8702899999990850E+000, 5.8702899999990850E+000,-1.0602487354397610E+001
 5.8712899999990853E+000, 5.8712899999990853E+000,-1.0602487354406296E+001
 5.8722899999990856E+000, 5.8722899999990856E+000,-1.0602487354390487E+001
 5.8732899999990860E+000, 5.8732899999990860E+000,-1.0602487354387895E+001
 5.8742899999990863E+000, 5.8742899999990863E+000,-1.0602487354387465E+001
 5.8752899999990866E+000, 5.8752899999990866E+000,-1.0602487354394375E+001
 5.8762899999990870E+000, 5.8762899999990870E+000,-1.0602487354387764E+001
 5.8772899999990873E+000, 5.8772899999990873E+000,-1.0602487354385433E+001
 5.8782899999990876E+000, 5.8782899999990876E+000,-1.0602487354384095E+001
 5.8792899999990880E+000, 5.8792899999990880E+000,-1.0602487354372647E+001
 5.8802899999990883E+000, 5.8802899999990883E+000,-1.0602487354367334E+001
 5.8812899999990886E+000, 5.8812899999990886E+000,-1.0602487354364143E+001
 5.8822899999990890E+000, 5.8822899999990890E+000,-1.0602487354363683E+001
 5.8832899999990893E+000, 5.8832899999990893E+000,-1.0602487354362401E+001
 5.8842899999990896E+000, 5.8842899999990896E+000,-1.0602487354350052E+001
 5.8852899999990900E+000, 5.8852899999990900E+000,-1.0602487354355763E+001
 5.8862899999990903E+000, 5.8862899999990903E+000,-1.0602487354352860E+001
 5.8872899999990906E+000, 5.8872899999990906E+000,-1.0602487354342255E+001
 5.8882899999990910E+000, 5.8882899999990910E+000,-1.0602487354336079E+001
 5.8892899999990913E+000, 5.8892899999990913E+000,-1.0602487354339269E+001
 5.8902899999990916E+000, 5.8902899999990916E+000,-1.0602487354328831E+001
 5.8912899999990920E+000, 5.8912899999990920E+000,-1.0602487354328181E+001
 5.8922899999990923E+000, 5.8922899999990923E+000,-1.0602487354332414E+001
 5.8932899999990926E+000, 5.8932899999990926E+000,-1.0602487354320205E+001
 5.8942899999990930E+000, 5.8942899999990930E+000,-1.0602487354330560E+001
 5.8952899999990933E+000, 5.8952899999990933E+000,-1.0602487354316722E+001
 5.8962899999990936E+000, 5.8962899999990936E+000,-1.0602487354311352E+001
 5.8972899999990940E+000, 5.8972899999990940E+000,-1.0602487354309954E+001
 5.8982899999990943E+000, 5.8982899999990943E+000,-1.0602487354315059E+001
 5.8992899999990946E+000, 5.8992899999990946E+000,-1.0602487354313020E+001
 5.9002899999990950E+000, 5.9002899999990950E+000,-1.0602487354306176E+001
 5.9012899999990953E+000, 5.9012899999990953E+000,-1.0602487354296368E+001
 5.9022899999990956E+000, 5.9022899999990956E+000,-1.0602487354294837E+001
 5.9032899999990960E+000, 5.9032899999990960E+000,-1.0602487354293521E+001
 5.9042899999990963E+000, 5.9042899999990963E+000,-1.0602487354287598E+001
 5.9052899999990967E+000, 5.9052899999990967E+000,-1.0602487354285280E+001
 5.9062899999990970E+000, 5.9062899999990970E+000,-1.0602487354280214E+001
 5.9072899999990973E+000, 5.9072899999990973E+000,-1.0602487354277907E+001
 5.9082899999990977E+000, 5.9082899999990977E+000,-1.0602487354273737E+001
 5.9092899999990980E+000, 5.9092899999990980E+000,-1.0602487354261315E+001
 5.9102899999990983E+000, 5.9102899999990983E+000,-1.0602487354269865E+001
 5.9112899999990987E+000, 5.9112899999990987E+000,-1.0602487354257788E+001
 5.9122899999990990E+000, 5.9122899999990990E+000,-1.0602487354263499E+001
 5.9132899999990993E+000, 5.9132899999990993E+000,-1.0602487354255967E+001
 5.9142899999990997E+000, 5.9142899999990997E+000,-1.0602487354255388E+001
 5.9152899999991000E+000, 5.9152899999991000E+000,-1.0602487354243962E+001
 5.9162899999991003E+000, 5.9162899999991003E+000,-1.0602487354243289E+001
 5.9172899999991007E+000, 5.9172899999991007E+000,-1.0602487354246616E+001
 5.9182899999991010E+000, 5.9182899999991010E+000,-1.0602487354240806E+001
 5.9192899999991013E+000, 5.9192899999991013E+000,-1.0602487354233862E+001
 5.9202899999991017E+000, 5.9202899999991017E+000,-1.0602487354233300E+001
 5.9212899999991020E+000, 5.9212899999991020E+000,-1.0602487354238431E+001
 5.9222899999991023E+000, 5.9222899999991023E+000,-1.0602487354225364E+001
 5.9232899999991027E+000, 5.9232899999991027E+000,-1.0602487354224650E+001
 5.9242899999991030E+000, 5.9242899999991030E+000,-1.0602487354223355E+001
 5.9252899999991033E+000, 5.9252899999991033E+000,-1.0602487354217427E+001
 5.9262899999991037E+000, 5.9262899999991037E+000,-1.0602487354210467E+001
 5.9272899999991040E+000, 5.9272899999991040E+000,-1.0602487354210799E+001
 5.9282899999991043E+000, 5.9282899999991043E+000,-1.0602487354207755E+001
 5.9292899999991047E+000, 5.9292899999991047E+000,-1.0602487354198050E+001
 5.9302899999991050E+000, 5.9302899999991050E+000,-1.0602487354207563E+001
 5.9312899999991053E+000, 5.9312899999991053E+000,-1.0602487354188192E+001
 5.9322899999991057E+000, 5.9322899999991057E+000,-1.0602487354189991E+001
 5.9332899999991060E+000, 5.9332899999991060E+000,-1.0602487354182351E+001
 5.9342899999991063E+000, 5.9342899999991063E+000,-1.0602487354186396E+001
 5.9352899999991067E+000, 5.9352899999991067E+000,-1.0602487354180605E+001
 5.9362899999991070E+000, 5.9362899999991070E+000,-1.0602487354178288E+001
 5.9372899999991073E+000, 5.9372899999991073E+000,-1.0602487354179637E+001
 5.9382899999991077E+000, 5.9382899999991077E+000,-1.0602487354175715E+001
 5.9392899999991080E+000, 5.9392899999991080E+000,-1.0602487354171501E+001
 5.9402899999991083E+000, 5.9402899999991083E+000,-1.0602487354154460E+001
 5.9412899999991087E+000, 5.9412899999991087E+000,-1.0602487354158260E+001
 5.9422899999991090E+000, 5.9422899999991090E+000,-1.0602487354157088E+001
 5.9432899999991093E+000, 5.9432899999991093E+000,-1.0602487354156676E+001
 5.9442899999991097E+000, 5.9442899999991097E+000,-1.0602487354149872E+001
 5.9452899999991100E+000, 5.9452899999991100E+000,-1.0602487354147533E+001
 5.9462899999991103E+000, 5.9462899999991103E+000,-1.0602487354148892E+001
 5.9472899999991107E+000, 5.9472899999991107E+000,-1.0602487354140338E+001
 5.9482899999991110E+000, 5.9482899999991110E+000,-1.0602487354134215E+001
 5.9492899999991113E+000, 5.9492899999991113E+000,-1.0602487354123534E+001
 5.9502899999991117E+000, 5.9502899999991117E+000,-1.0602487354133025E+001
 5.9512899999991120E+000, 5.9512899999991120E+000,-1.0602487354120953E+001
 5.9522899999991123E+000, 5.9522899999991123E+000,-1.0602487354125797E+001
 5.9532899999991127E+000, 5.9532899999991127E+000,-1.0602487354120012E+001
 5.9542899999991130E+000, 5.9542899999991130E+000,-1.0602487354122326E+001
 5.9552899999991133E+000, 5.9552899999991133E+000,-1.0602487354111858E+001
 5.9562899999991137E+000, 5.9562899999991137E+000,-1.0602487354105683E+001
 5.9572899999991140E+000, 5.9572899999991140E+000,-1.0602487354103353E+001
 5.9582899999991144E+000, 5.9582899999991144E+000,-1.0602487354102921E+001
 5.9592899999991147E+000, 5.9592899999991147E+000,-1.0602487354096114E+001
 5.9602899999991150E+000, 5.9602899999991150E+000,-1.0602487354094672E+001
 5.9612899999991154E+000, 5.9612899999991154E+000,-1.0602487354088741E+001
 5.9622899999991157E+000, 5.9622899999991157E+000,-1.0602487354092824E+001
 5.9632899999991160E+000, 5.9632899999991160E+000,-1.0602487354087035E+001
 5.9642899999991164E+000, 5.9642899999991164E+000,-1.0602487354070846E+001
 5.9652899999991167E+000, 5.9652899999991167E+000,-1.0602487354081088E+001
 5.9662899999991170E+000, 5.9662899999991170E+000,-1.0602487354066348E+001
 5.9672899999991174E+000, 5.9672899999991174E+000,-1.0602487354071101E+001
 5.9682899999991177E+000, 5.9682899999991177E+000,-1.0602487354075489E+001
 5.9692899999991180E+000, 5.9692899999991180E+000,-1.0602487354065968E+001
 5.9702899999991184E+000, 5.9702899999991184E+000,-1.0602487354062658E+001
 5.9712899999991187E+000, 5.9712899999991187E+000,-1.0602487354063095E+001
 5.9722899999991190E+000, 5.9722899999991190E+000,-1.0602487354049888E+001
 5.9732899999991194E+000, 5.9732899999991194E+000,-1.0602487354049167E+001
 5.9742899999991197E+000, 5.9742899999991197E+000,-1.0602487354049673E+001
 5.9752899999991200E+000, 5.9752899999991200E+000,-1.0602487354047526E+001
 5.9762899999991204E+000, 5.9762899999991204E+000,-1.0602487354036944E+001
 5.9772899999991207E+000, 5.9772899999991207E+000,-1.0602487354036281E+001
 5.9782899999991210E+000, 5.9782899999991210E+000,-1.0602487354034102E+001
 5.9792899999991214E+000, 5.9792899999991214E+000,-1.0602487354016201E+001
 5.9802899999991217E+000, 5.9802899999991217E+000,-1.0602487354021779E+001
 5.9812899999991220E+000, 5.9812899999991220E+000,-1.0602487354029005E+001
 5.9822899999991224E+000, 5.9822899999991224E+000,-1.0602487354029709E+001
 5.9832899999991227E+000, 5.9832899999991227E+000,-1.0602487354018308E+001
 5.9842899999991230E+000, 5.9842899999991230E+000,-1.0602487354016741E+001
 5.9852899999991234E+000, 5.9852899999991234E+000,-1.0602487354004396E+001
 5.9862899999991237E+000, 5.9862899999991237E+000,-1.0602487354010993E+001
 5.9872899999991240E+000, 5.9872899999991240E+000,-1.0602487354004387E+001
 5.9882899999991244E+000, 5.9882899999991244E+000,-1.0602487353998308E+001
 5.9892899999991247E+000, 5.9892899999991247E+000,-1.0602487353996885E+001
 5.9902899999991250E+000, 5.9902899999991250E+000,-1.0602487353994682E+001
 5.9912899999991254E+000, 5.9912899999991254E+000,-1.0602487353983204E+001
 5.9922899999991257E+000, 5.9922899999991257E+000,-1.0602487353987145E+001
 5.9932899999991260E+000, 5.9932899999991260E+000,-1.0602487353980464E+001
 5.9942899999991264E+000, 5.9942899999991264E+000,-1.0602487353990957E+001
 5.9952899999991267E+000, 5.9952899999991267E+000,-1.0602487353978908E+001
 5.9962899999991270E+000, 5.9962899999991270E+000,-1.0602487353982848E+001
 5.9972899999991274E+000, 5.9972899999991274E+000,-1.0602487353972421E+001
 5.9982899999991277E+000, 5.9982899999991277E+000,-1.0602487353971764E+001
 5.9992899999991280E+000, 5.9992899999991280E+000,-1.0602487353962275E+001
 6.0002899999991284E+000, 6.0002899999991284E+000,-1.0602487353964346E+001
 6.0012899999991287E+000, 6.0012899999991287E+000,-1.0602487353965952E+001
 6.0022899999991290E+000, 6.0022899999991290E+000,-1.0602487353945328E+001
 6.0032899999991294E+000, 6.0032899999991294E+000,-1.0602487353954562E+001
 6.0042899999991297E+000, 6.0042899999991297E+000,-1.0602487353948899E+001
 6.0052899999991300E+000, 6.0052899999991300E+000,-1.0602487353942855E+001
 6.0062899999991304E+000, 6.0062899999991304E+000,-1.0602487353941431E+001
 6.0072899999991307E+000, 6.0072899999991307E+000,-1.0602487353935494E+001
 6.0082899999991310E+000, 6.0082899999991310E+000,-1.0602487353929442E+001
 6.0092899999991314E+000, 6.0092899999991314E+000,-1.0602487353921600E+001
 6.0102899999991317E+000, 6.0102899999991317E+000,-1.0602487353925639E+001
 6.0112899999991320E+000, 6.0112899999991320E+000,-1.0602487353923573E+001
 6.0122899999991324E+000, 6.0122899999991324E+000,-1.0602487353919418E+001
 6.0132899999991327E+000, 6.0132899999991327E+000,-1.0602487353911616E+001
 6.0142899999991331E+000, 6.0142899999991331E+000,-1.0602487353911936E+001
 6.0152899999991334E+000, 6.0152899999991334E+000,-1.0602487353914398E+001
 6.0162899999991337E+000, 6.0162899999991337E+000,-1.0602487353909474E+001
 6.0172899999991341E+000, 6.0172899999991341E+000,-1.0602487353897018E+001
 6.0182899999991344E+000, 6.0182899999991344E+000,-1.0602487353900045E+001
 6.0192899999991347E+000, 6.0192899999991347E+000,-1.0602487353889606E+001
 6.0202899999991351E+000, 6.0202899999991351E+000,-1.0602487353888064E+001
 6.0212899999991354E+000, 6.0212899999991354E+000,-1.0602487353894059E+001
 6.0222899999991357E+000, 6.0222899999991357E+000,-1.0602487353881010E+001
 6.0232899999991361E+000, 6.0232899999991361E+000,-1.0602487353878502E+001
 6.0242899999991364E+000, 6.0242899999991364E+000,-1.0602487353874317E+001
 6.0252899999991367E+000, 6.0252899999991367E+000,-1.0602487353883095E+001
 6.0262899999991371E+000, 6.0262899999991371E+000,-1.0602487353872796E+001
 6.0272899999991374E+000, 6.0272899999991374E+000,-1.0602487353860212E+001
 6.0282899999991377E+000, 6.0282899999991377E+000,-1.0602487353862333E+001
 6.0292899999991381E+000, 6.0292899999991381E+000,-1.0602487353859186E+001
 6.0302899999991384E+000, 6.0302899999991384E+000,-1.0602487353856940E+001
 6.0312899999991387E+000, 6.0312899999991387E+000,-1.0602487353850094E+001
 6.0322899999991391E+000, 6.0322899999991391E+000,-1.0602487353844008E+001
 6.0332899999991394E+000, 6.0332899999991394E+000,-1.0602487353843472E+001
 6.0342899999991397E+000, 6.0342899999991397E+000,-1.0602487353842182E+001
 6.0352899999991401E+000, 6.0352899999991401E+000,-1.0602487353830742E+001
 6.0362899999991404E+000, 6.0362899999991404E+000,-1.0602487353833791E+001
 6.0372899999991407E+000, 6.0372899999991407E+000,-1.0602487353833496E+001
 6.0382899999991411E+000, 6.0382899999991411E+000,-1.0602487353832213E+001
 6.0392899999991414E+000, 6.0392899999991414E+000,-1.0602487353831801E+001
 6.0402899999991417E+000, 6.0402899999991417E+000,-1.0602487353819480E+001
 6.0412899999991421E+000, 6.0412899999991421E+000,-1.0602487353828032E+001
 6.0422899999991424E+000, 6.0422899999991424E+000,-1.0602487353822347E+001
 6.0432899999991427E+000, 6.0432899999991427E+000,-1.0602487353809893E+001
 6.0442899999991431E+000, 6.0442899999991431E+000,-1.0602487353821125E+001
 6.0452899999991434E+000, 6.0452899999991434E+000,-1.0602487353803584E+001
 6.0462899999991437E+000, 6.0462899999991437E+000,-1.0602487353797230E+001
 6.0472899999991441E+000, 6.0472899999991441E+000,-1.0602487353805941E+001
 6.0482899999991444E+000, 6.0482899999991444E+000,-1.0602487353789229E+001
 6.0492899999991447E+000, 6.0492899999991447E+000,-1.0602487353805872E+001
 6.0502899999991451E+000, 6.0502899999991451E+000,-1.0602487353794004E+001
 6.0512899999991454E+000, 6.0512899999991454E+000,-1.0602487353781376E+001
 6.0522899999991457E+000, 6.0522899999991457E+000,-1.0602487353775139E+001
 6.0532899999991461E+000, 6.0532899999991461E+000,-1.0602487353781918E+001
 6.0542899999991464E+000, 6.0542899999991464E+000,-1.0602487353767096E+001
 6.0552899999991467E+000, 6.0552899999991467E+000,-1.0602487353771851E+001
 6.0562899999991471E+000, 6.0562899999991471E+000,-1.0602487353766968E+001
 6.0572899999991474E+000, 6.0572899999991474E+000,-1.0602487353765564E+001
 6.0582899999991477E+000, 6.0582899999991477E+000,-1.0602487353758747E+001
 6.0592899999991481E+000, 6.0592899999991481E+000,-1.0602487353752652E+001
 6.0602899999991484E+000, 6.0602899999991484E+000,-1.0602487353750336E+001
 6.0612899999991487E+000, 6.0612899999991487E+000,-1.0602487353749000E+001
 6.0622899999991491E+000, 6.0622899999991491E+000,-1.0602487353736654E+001
 6.0632899999991494E+000, 6.0632899999991494E+000,-1.0602487353742362E+001
 6.0642899999991497E+000, 6.0642899999991497E+000,-1.0602487353741243E+001
 6.0652899999991501E+000, 6.0652899999991501E+000,-1.0602487353739956E+001
 6.0662899999991504E+000, 6.0662899999991504E+000,-1.0602487353739532E+001
 6.0672899999991508E+000, 6.0672899999991508E+000,-1.0602487353727222E+001
 6.0682899999991511E+000, 6.0682899999991511E+000,-1.0602487353727406E+001
 6.0692899999991514E+000, 6.0692899999991514E+000,-1.0602487353726143E+001
 6.0702899999991518E+000, 6.0702899999991518E+000,-1.0602487353719315E+001
 6.0712899999991521E+000, 6.0712899999991521E+000,-1.0602487353712343E+001
 6.0722899999991524E+000, 6.0722899999991524E+000,-1.0602487353705369E+001
 6.0732899999991528E+000, 6.0732899999991528E+000,-1.0602487353703921E+001
 6.0742899999991531E+000, 6.0742899999991531E+000,-1.0602487353709918E+001
 6.0752899999991534E+000, 6.0752899999991534E+000,-1.0602487353702385E+001
 6.0762899999991538E+000, 6.0762899999991538E+000,-1.0602487353701818E+001
 6.0772899999991541E+000, 6.0772899999991541E+000,-1.0602487353695894E+001
 6.0782899999991544E+000, 6.0782899999991544E+000,-1.0602487353688957E+001
 6.0792899999991548E+000, 6.0792899999991548E+000,-1.0602487353693022E+001
 6.0802899999991551E+000, 6.0802899999991551E+000,-1.0602487353676185E+001
 6.0812899999991554E+000, 6.0812899999991554E+000,-1.0602487353671641E+001
 6.0822899999991558E+000, 6.0822899999991558E+000,-1.0602487353679500E+001
 6.0832899999991561E+000, 6.0832899999991561E+000,-1.0602487353674707E+001
 6.0842899999991564E+000, 6.0842899999991564E+000,-1.0602487353677935E+001
 6.0852899999991568E+000, 6.0852899999991568E+000,-1.0602487353666596E+001
 6.0862899999991571E+000, 6.0862899999991571E+000,-1.0602487353665026E+001
 6.0872899999991574E+000, 6.0872899999991574E+000,-1.0602487353664609E+001
 6.0882899999991578E+000, 6.0882899999991578E+000,-1.0602487353667955E+001
 6.0892899999991581E+000, 6.0892899999991581E+000,-1.0602487353650204E+001
 6.0902899999991584E+000, 6.0902899999991584E+000,-1.0602487353655784E+001
 6.0912899999991588E+000, 6.0912899999991588E+000,-1.0602487353653759E+001
 6.0922899999991591E+000, 6.0922899999991591E+000,-1.0602487353643184E+001
 6.0932899999991594E+000, 6.0932899999991594E+000,-1.0602487353642534E+001
 6.0942899999991598E+000, 6.0942899999991598E+000,-1.0602487353646763E+001
 6.0952899999991601E+000, 6.0952899999991601E+000,-1.0602487353632773E+001
 6.0962899999991604E+000, 6.0962899999991604E+000,-1.0602487353637544E+001
 6.0972899999991608E+000, 6.0972899999991608E+000,-1.0602487353623431E+001
 6.0982899999991611E+000, 6.0982899999991611E+000,-1.0602487353614457E+001
 6.0992899999991614E+000, 6.0992899999991614E+000,-1.0602487353620271E+001
 6.1002899999991618E+000, 6.1002899999991618E+000,-1.0602487353618255E+001
 6.1012899999991621E+000, 6.1012899999991621E+000,-1.0602487353613210E+001
 6.1022899999991624E+000, 6.1022899999991624E+000,-1.0602487353616430E+001
 6.1032899999991628E+000, 6.1032899999991628E+000,-1.0602487353595839E+001
 6.1042899999991631E+000, 6.1042899999991631E+000,-1.0602487353598647E+001
 6.1052899999991634E+000, 6.1052899999991634E+000,-1.0602487353597448E+001
 6.1062899999991638E+000, 6.1062899999991638E+000,-1.0602487353597056E+001
 6.1072899999991641E+000, 6.1072899999991641E+000,-1.0602487353583834E+001
 6.1082899999991644E+000, 6.1082899999991644E+000,-1.0602487353582214E+001
 6.1092899999991648E+000, 6.1092899999991648E+000,-1.0602487353583578E+001
 6.1102899999991651E+000, 6.1102899999991651E+000,-1.0602487353579672E+001
 6.1112899999991654E+000, 6.1112899999991654E+000,-1.0602487353586485E+001
 6.1122899999991658E+000, 6.1122899999991658E+000,-1.0602487353578987E+001
 6.1132899999991661E+000, 6.1132899999991661E+000,-1.0602487353578407E+001
 6.1142899999991664E+000, 6.1142899999991664E+000,-1.0602487353572499E+001
 6.1152899999991668E+000, 6.1152899999991668E+000,-1.0602487353570174E+001
 6.1162899999991671E+000, 6.1162899999991671E+000,-1.0602487353565110E+001
 6.1172899999991674E+000, 6.1172899999991674E+000,-1.0602487353561918E+001
 6.1182899999991678E+000, 6.1182899999991678E+000,-1.0602487353556823E+001
 6.1192899999991681E+000, 6.1192899999991681E+000,-1.0602487353551695E+001
 6.1202899999991685E+000, 6.1202899999991685E+000,-1.0602487353542978E+001
 6.1212899999991688E+000, 6.1212899999991688E+000,-1.0602487353538642E+001
 6.1222899999991691E+000, 6.1222899999991691E+000,-1.0602487353547399E+001
 6.1232899999991695E+000, 6.1232899999991695E+000,-1.0602487353529801E+001
 6.1242899999991698E+000, 6.1242899999991698E+000,-1.0602487353535375E+001
 6.1252899999991701E+000, 6.1252899999991701E+000,-1.0602487353527835E+001
 6.1262899999991705E+000, 6.1262899999991705E+000,-1.0602487353526358E+001
 6.1272899999991708E+000, 6.1272899999991708E+000,-1.0602487353531474E+001
 6.1282899999991711E+000, 6.1282899999991711E+000,-1.0602487353514672E+001
 6.1292899999991715E+000, 6.1292899999991715E+000,-1.0602487353523998E+001
 6.1302899999991718E+000, 6.1302899999991718E+000,-1.0602487353512821E+001
 6.1312899999991721E+000, 6.1312899999991721E+000,-1.0602487353506632E+001
 6.1322899999991725E+000, 6.1322899999991725E+000,-1.0602487353505193E+001
 6.1332899999991728E+000, 6.1332899999991728E+000,-1.0602487353509408E+001
 6.1342899999991731E+000, 6.1342899999991731E+000,-1.0602487353503628E+001
 6.1352899999991735E+000, 6.1352899999991735E+000,-1.0602487353503090E+001
 6.1362899999991738E+000, 6.1362899999991738E+000,-1.0602487353495395E+001
 6.1372899999991741E+000, 6.1372899999991741E+000,-1.0602487353478251E+001
 6.1382899999991745E+000, 6.1382899999991745E+000,-1.0602487353483838E+001
 6.1392899999991748E+000, 6.1392899999991748E+000,-1.0602487353492865E+001
 6.1402899999991751E+000, 6.1402899999991751E+000,-1.0602487353480777E+001
 6.1412899999991755E+000, 6.1412899999991755E+000,-1.0602487353483832E+001
 6.1422899999991758E+000, 6.1422899999991758E+000,-1.0602487353473379E+001
 6.1432899999991761E+000, 6.1432899999991761E+000,-1.0602487353467215E+001
 6.1442899999991765E+000, 6.1442899999991765E+000,-1.0602487353477711E+001
 6.1452899999991768E+000, 6.1452899999991768E+000,-1.0602487353458367E+001
 6.1462899999991771E+000, 6.1462899999991771E+000,-1.0602487353453746E+001
 6.1472899999991775E+000, 6.1472899999991775E+000,-1.0602487353446840E+001
 6.1482899999991778E+000, 6.1482899999991778E+000,-1.0602487353444495E+001
 6.1492899999991781E+000, 6.1492899999991781E+000,-1.0602487353444944E+001
 6.1502899999991785E+000, 6.1502899999991785E+000,-1.0602487353444582E+001
 6.1512899999991788E+000, 6.1512899999991788E+000,-1.0602487353443300E+001
 6.1522899999991791E+000, 6.1522899999991791E+000,-1.0602487353441091E+001
 6.1532899999991795E+000, 6.1532899999991795E+000,-1.0602487353429613E+001
 6.1542899999991798E+000, 6.1542899999991798E+000,-1.0602487353439086E+001
 6.1552899999991801E+000, 6.1552899999991801E+000,-1.0602487353434341E+001
 6.1562899999991805E+000, 6.1562899999991805E+000,-1.0602487353425628E+001
 6.1572899999991808E+000, 6.1572899999991808E+000,-1.0602487353420409E+001
 6.1582899999991811E+000, 6.1582899999991811E+000,-1.0602487353420786E+001
 6.1592899999991815E+000, 6.1592899999991815E+000,-1.0602487353416837E+001
 6.1602899999991818E+000, 6.1602899999991818E+000,-1.0602487353406209E+001
 6.1612899999991821E+000, 6.1612899999991821E+000,-1.0602487353405550E+001
 6.1622899999991825E+000, 6.1622899999991825E+000,-1.0602487353414409E+001
 6.1632899999991828E+000, 6.1632899999991828E+000,-1.0602487353403223E+001
 6.1642899999991831E+000, 6.1642899999991831E+000,-1.0602487353397031E+001
 6.1652899999991835E+000, 6.1652899999991835E+000,-1.0602487353396485E+001
 6.1662899999991838E+000, 6.1662899999991838E+000,-1.0602487353388792E+001
 6.1672899999991841E+000, 6.1672899999991841E+000,-1.0602487353383582E+001
 6.1682899999991845E+000, 6.1682899999991845E+000,-1.0602487353382172E+001
 6.1692899999991848E+000, 6.1692899999991848E+000,-1.0602487353391016E+001
 6.1702899999991851E+000, 6.1702899999991851E+000,-1.0602487353378041E+001
 6.1712899999991855E+000, 6.1712899999991855E+000,-1.0602487353373583E+001
 6.1722899999991858E+000, 6.1722899999991858E+000,-1.0602487353362950E+001
 6.1732899999991862E+000, 6.1732899999991862E+000,-1.0602487353366918E+001
 6.1742899999991865E+000, 6.1742899999991865E+000,-1.0602487353366646E+001
 6.1752899999991868E+000, 6.1752899999991868E+000,-1.0602487353363589E+001
 6.1762899999991872E+000, 6.1762899999991872E+000,-1.0602487353351190E+001
 6.1772899999991875E+000, 6.1772899999991875E+000,-1.0602487353357798E+001
 6.1782899999991878E+000, 6.1782899999991878E+000,-1.0602487353350289E+001
 6.1792899999991882E+000, 6.1792899999991882E+000,-1.0602487353348813E+001
 6.1802899999991885E+000, 6.1802899999991885E+000,-1.0602487353347506E+001
 6.1812899999991888E+000, 6.1812899999991888E+000,-1.0602487353337841E+001
 6.1822899999991892E+000, 6.1822899999991892E+000,-1.0602487353329902E+001
 6.1832899999991895E+000, 6.1832899999991895E+000,-1.0602487353339464E+001
 6.1842899999991898E+000, 6.1842899999991898E+000,-1.0602487353322770E+001
 6.1852899999991902E+000, 6.1852899999991902E+000,-1.0602487353326575E+001
 6.1862899999991905E+000, 6.1862899999991905E+000,-1.0602487353326300E+001
 6.1872899999991908E+000, 6.1872899999991908E+000,-1.0602487353313087E+001
 6.1882899999991912E+000, 6.1882899999991912E+000,-1.0602487353313267E+001
 6.1892899999991915E+000, 6.1892899999991915E+000,-1.0602487353311108E+001
 6.1902899999991918E+000, 6.1902899999991918E+000,-1.0602487353306044E+001
 6.1912899999991922E+000, 6.1912899999991922E+000,-1.0602487353305532E+001
 6.1922899999991925E+000, 6.1922899999991925E+000,-1.0602487353308874E+001
 6.1932899999991928E+000, 6.1932899999991928E+000,-1.0602487353302168E+001
 6.1942899999991932E+000, 6.1942899999991932E+000,-1.0602487353291480E+001
 6.1952899999991935E+000, 6.1952899999991935E+000,-1.0602487353295437E+001
 6.1962899999991938E+000, 6.1962899999991938E+000,-1.0602487353286964E+001
 6.1972899999991942E+000, 6.1972899999991942E+000,-1.0602487353276210E+001
 6.1982899999991945E+000, 6.1982899999991945E+000,-1.0602487353287492E+001
 6.1992899999991948E+000, 6.1992899999991948E+000,-1.0602487353280109E+001
 6.2002899999991952E+000, 6.2002899999991952E+000,-1.0602487353281319E+001
 6.2012899999991955E+000, 6.2012899999991955E+000,-1.0602487353266355E+001
 6.2022899999991958E+000, 6.2022899999991958E+000,-1.0602487353272007E+001
 6.2032899999991962E+000, 6.2032899999991962E+000,-1.0602487353260736E+001
 6.2042899999991965E+000, 6.2042899999991965E+000,-1.0602487353270213E+001
 6.2052899999991968E+000, 6.2052899999991968E+000,-1.0602487353259942E+001
 6.2062899999991972E+000, 6.2062899999991972E+000,-1.0602487353261223E+001
 6.2072899999991975E+000, 6.2072899999991975E+000,-1.0602487353244319E+001
 6.2082899999991978E+000, 6.2082899999991978E+000,-1.0602487353246181E+001
 6.2092899999991982E+000, 6.2092899999991982E+000,-1.0602487353253322E+001
 6.2102899999991985E+000, 6.2102899999991985E+000,-1.0602487353236569E+001
 6.2112899999991988E+000, 6.2112899999991988E+000,-1.0602487353242173E+001
 6.2122899999991992E+000, 6.2122899999991992E+000,-1.0602487353234627E+001
 6.2132899999991995E+000, 6.2132899999991995E+000,-1.0602487353227646E+001
 6.2142899999991998E+000, 6.2142899999991998E+000,-1.0602487353232597E+001
 6.2152899999992002E+000, 6.2152899999992002E+000,-1.0602487353221314E+001
 6.2162899999992005E+000, 6.2162899999992005E+000,-1.0602487353219747E+001
 6.2172899999992008E+000, 6.2172899999992008E+000,-1.0602487353213810E+001
 6.2182899999992012E+000, 6.2182899999992012E+000,-1.0602487353206854E+001
 6.2192899999992015E+000, 6.2192899999992015E+000,-1.0602487353212718E+001
 6.2202899999992018E+000, 6.2202899999992018E+000,-1.0602487353204287E+001
 6.2212899999992022E+000, 6.2212899999992022E+000,-1.0602487353199066E+001
 6.2222899999992025E+000, 6.2222899999992025E+000,-1.0602487353204069E+001
 6.2232899999992028E+000, 6.2232899999992028E+000,-1.0602487353195613E+001
 6.2242899999992032E+000, 6.2242899999992032E+000,-1.0602487353195919E+001
 6.2252899999992035E+000, 6.2252899999992035E+000,-1.0602487353190034E+001
 6.2262899999992039E+000, 6.2262899999992039E+000,-1.0602487353189490E+001
 6.2272899999992042E+000, 6.2272899999992042E+000,-1.0602487353185532E+001
 6.2282899999992045E+000, 6.2282899999992045E+000,-1.0602487353185943E+001
 6.2292899999992049E+000, 6.2292899999992049E+000,-1.0602487353179153E+001
 6.2302899999992052E+000, 6.2302899999992052E+000,-1.0602487353176810E+001
 6.2312899999992055E+000, 6.2312899999992055E+000,-1.0602487353166227E+001
 6.2322899999992059E+000, 6.2322899999992059E+000,-1.0602487353165579E+001
 6.2332899999992062E+000, 6.2332899999992062E+000,-1.0602487353164285E+001
 6.2342899999992065E+000, 6.2342899999992065E+000,-1.0602487353152835E+001
 6.2352899999992069E+000, 6.2352899999992069E+000,-1.0602487353157681E+001
 6.2362899999992072E+000, 6.2362899999992072E+000,-1.0602487353157423E+001
 6.2372899999992075E+000, 6.2372899999992075E+000,-1.0602487353150623E+001
 6.2382899999992079E+000, 6.2382899999992079E+000,-1.0602487353141871E+001
 6.2392899999992082E+000, 6.2392899999992082E+000,-1.0602487353137535E+001
 6.2402899999992085E+000, 6.2402899999992085E+000,-1.0602487353136148E+001
 6.2412899999992089E+000, 6.2412899999992089E+000,-1.0602487353131101E+001
 6.2422899999992092E+000, 6.2422899999992092E+000,-1.0602487353129698E+001
 6.2432899999992095E+000, 6.2432899999992095E+000,-1.0602487353126605E+001
 6.2442899999992099E+000, 6.2442899999992099E+000,-1.0602487353120628E+001
 6.2452899999992102E+000, 6.2452899999992102E+000,-1.0602487353120985E+001
 6.2462899999992105E+000, 6.2462899999992105E+000,-1.0602487353108671E+001
 6.2472899999992109E+000, 6.2472899999992109E+000,-1.0602487353114395E+001
 6.2482899999992112E+000, 6.2482899999992112E+000,-1.0602487353118796E+001
 6.2492899999992115E+000, 6.2492899999992115E+000,-1.0602487353100186E+001
 6.2502899999992119E+000, 6.2502899999992119E+000,-1.0602487353097530E+001
 6.2512899999992122E+000, 6.2512899999992122E+000,-1.0602487353097983E+001
 6.2522899999992125E+000, 6.2522899999992125E+000,-1.0602487353094928E+001
 6.2532899999992129E+000, 6.2532899999992129E+000,-1.0602487353084333E+001
 6.2542899999992132E+000, 6.2542899999992132E+000,-1.0602487353083674E+001
 6.2552899999992135E+000, 6.2552899999992135E+000,-1.0602487353087902E+001
 6.2562899999992139E+000, 6.2562899999992139E+000,-1.0602487353085852E+001
 6.2572899999992142E+000, 6.2572899999992142E+000,-1.0602487353080797E+001
 6.2582899999992145E+000, 6.2582899999992145E+000,-1.0602487353078498E+001
 6.2592899999992149E+000, 6.2592899999992149E+000,-1.0602487353067010E+001
 6.2602899999992152E+000, 6.2602899999992152E+000,-1.0602487353066341E+001
 6.2612899999992155E+000, 6.2612899999992155E+000,-1.0602487353065946E+001
 6.2622899999992159E+000, 6.2622899999992159E+000,-1.0602487353064657E+001
 6.2632899999992162E+000, 6.2632899999992162E+000,-1.0602487353063355E+001
 6.2642899999992165E+000, 6.2642899999992165E+000,-1.0602487353052805E+001
 6.2652899999992169E+000, 6.2652899999992169E+000,-1.0602487353045722E+001
 6.2662899999992172E+000, 6.2662899999992172E+000,-1.0602487353050686E+001
 6.2672899999992175E+000, 6.2672899999992175E+000,-1.0602487353037606E+001
 6.2682899999992179E+000, 6.2682899999992179E+000,-1.0602487353032272E+001
 6.2692899999992182E+000, 6.2692899999992182E+000,-1.0602487353030851E+001
 6.2702899999992185E+000, 6.2702899999992185E+000,-1.0602487353041486E+001
 6.2712899999992189E+000, 6.2712899999992189E+000,-1.0602487353030348E+001
 6.2722899999992192E+000, 6.2722899999992192E+000,-1.0602487353027879E+001
 6.2732899999992195E+000, 6.2732899999992195E+000,-1.0602487353025648E+001
 6.2742899999992199E+000, 6.2742899999992199E+000,-1.0602487353021486E+001
 6.2752899999992202E+000, 6.2752899999992202E+000,-1.0602487353030254E+001
 6.2762899999992205E+000, 6.2762899999992205E+000,-1.0602487353018176E+001
 6.2772899999992209E+000, 6.2772899999992209E+000,-1.0602487353005543E+001
 6.2782899999992212E+000, 6.2782899999992212E+000,-1.0602487353004836E+001
 6.2792899999992215E+000, 6.2792899999992215E+000,-1.0602487353006218E+001
 6.2802899999992219E+000, 6.2802899999992219E+000,-1.0602487352998581E+001
 6.2812899999992222E+000, 6.2812899999992222E+000,-1.0602487353001722E+001
 6.2822899999992226E+000, 6.2822899999992226E+000,-1.0602487352991286E+001
 6.2832899999992229E+000, 6.2832899999992229E+000,-1.0602487352984214E+001
 6.2842899999992232E+000, 6.2842899999992232E+000,-1.0602487352988273E+001
 6.2852899999992236E+000, 6.2852899999992236E+000,-1.0602487352980701E+001
 6.2862899999992239E+000, 6.2862899999992239E+000,-1.0602487352976400E+001
 6.2872899999992242E+000, 6.2872899999992242E+000,-1.0602487352975015E+001
 6.2882899999992246E+000, 6.2882899999992246E+000,-1.0602487352979217E+001
 6.2892899999992249E+000, 6.2892899999992249E+000,-1.0602487352967014E+001
 6.2902899999992252E+000, 6.2902899999992252E+000,-1.0602487352961703E+001
 6.2912899999992256E+000, 6.2912899999992256E+000,-1.0602487352965808E+001
 6.2922899999992259E+000, 6.2922899999992259E+000,-1.0602487352954501E+001
 6.2932899999992262E+000, 6.2932899999992262E+000,-1.0602487352947414E+001
 6.2942899999992266E+000, 6.2942899999992266E+000,-1.0602487352956993E+001
 6.2952899999992269E+000, 6.2952899999992269E+000,-1.0602487352944930E+001
 6.2962899999992272E+000, 6.2962899999992272E+000,-1.0602487352949760E+001
 6.2972899999992276E+000, 6.2972899999992276E+000,-1.0602487352939370E+001
 6.2982899999992279E+000, 6.2982899999992279E+000,-1.0602487352936027E+001
 6.2992899999992282E+000, 6.2992899999992282E+000,-1.0602487352934673E+001
 6.3002899999992286E+000, 6.3002899999992286E+000,-1.0602487352934256E+001
 6.3012899999992289E+000, 6.3012899999992289E+000,-1.0602487352922818E+001
 6.3022899999992292E+000, 6.3022899999992292E+000,-1.0602487352932307E+001
 6.3032899999992296E+000, 6.3032899999992296E+000,-1.0602487352920232E+001
 6.3042899999992299E+000, 6.3042899999992299E+000,-1.0602487352919542E+001
 6.3052899999992302E+000, 6.3052899999992302E+000,-1.0602487352913625E+001
 6.3062899999992306E+000, 6.3062899999992306E+000,-1.0602487352912195E+001
 6.3072899999992309E+000, 6.3072899999992309E+000,-1.0602487352915510E+001
 6.3082899999992312E+000, 6.3082899999992312E+000,-1.0602487352905076E+001
 6.3092899999992316E+000, 6.3092899999992316E+000,-1.0602487352898006E+001
 6.3102899999992319E+000, 6.3102899999992319E+000,-1.0602487352896556E+001
 6.3112899999992322E+000, 6.3112899999992322E+000,-1.0602487352887788E+001
 6.3122899999992326E+000, 6.3122899999992326E+000,-1.0602487352895533E+001
 6.3132899999992329E+000, 6.3132899999992329E+000,-1.0602487352884321E+001
 6.3142899999992332E+000, 6.3142899999992332E+000,-1.0602487352878127E+001
 6.3152899999992336E+000, 6.3152899999992336E+000,-1.0602487352875801E+001
 6.3162899999992339E+000, 6.3162899999992339E+000,-1.0602487352868941E+001
 6.3172899999992342E+000, 6.3172899999992342E+000,-1.0602487352874810E+001
 6.3182899999992346E+000, 6.3182899999992346E+000,-1.0602487352869055E+001
 6.3192899999992349E+000, 6.3192899999992349E+000,-1.0602487352861218E+001
 6.3202899999992352E+000, 6.3202899999992352E+000,-1.0602487352865268E+001
 6.3212899999992356E+000, 6.3212899999992356E+000,-1.0602487352859480E+001
 6.3222899999992359E+000, 6.3222899999992359E+000,-1.0602487352858050E+001
 6.3232899999992362E+000, 6.3232899999992362E+000,-1.0602487352863150E+001
 6.3242899999992366E+000, 6.3242899999992366E+000,-1.0602487352854709E+001
 6.3252899999992369E+000, 6.3252899999992369E+000,-1.0602487352849490E+001
 6.3262899999992372E+000, 6.3262899999992372E+000,-1.0602487352844335E+001
 6.3272899999992376E+000, 6.3272899999992376E+000,-1.0602487352836519E+001
 6.3282899999992379E+000, 6.3282899999992379E+000,-1.0602487352847879E+001
 6.3292899999992382E+000, 6.3292899999992382E+000,-1.0602487352830346E+001
 6.3302899999992386E+000, 6.3302899999992386E+000,-1.0602487352828607E+001
 6.3312899999992389E+000, 6.3312899999992389E+000,-1.0602487352828188E+001
 6.3322899999992392E+000, 6.3322899999992392E+000,-1.0602487352826905E+001
 6.3332899999992396E+000, 6.3332899999992396E+000,-1.0602487352825595E+001
 6.3342899999992399E+000, 6.3342899999992399E+000,-1.0602487352815043E+001
 6.3352899999992403E+000, 6.3352899999992403E+000,-1.0602487352812600E+001
 6.3362899999992406E+000, 6.3362899999992406E+000,-1.0602487352806643E+001
 6.3372899999992409E+000, 6.3372899999992409E+000,-1.0602487352805213E+001
 6.3382899999992413E+000, 6.3382899999992413E+000,-1.0602487352804797E+001
 6.3392899999992416E+000, 6.3392899999992416E+000,-1.0602487352797990E+001
 6.3402899999992419E+000, 6.3402899999992419E+000,-1.0602487352786396E+001
 6.3412899999992423E+000, 6.3412899999992423E+000,-1.0602487352794077E+001
 6.3422899999992426E+000, 6.3422899999992426E+000,-1.0602487352790158E+001
 6.3432899999992429E+000, 6.3432899999992429E+000,-1.0602487352787001E+001
 6.3442899999992433E+000, 6.3442899999992433E+000,-1.0602487352788335E+001
 6.3452899999992436E+000, 6.3452899999992436E+000,-1.0602487352773370E+001
 6.3462899999992439E+000, 6.3462899999992439E+000,-1.0602487352784534E+001
 6.3472899999992443E+000, 6.3472899999992443E+000,-1.0602487352768785E+001
 6.3482899999992446E+000, 6.3482899999992446E+000,-1.0602487352782774E+001
 6.3492899999992449E+000, 6.3492899999992449E+000,-1.0602487352754268E+001
 6.3502899999992453E+000, 6.3502899999992453E+000,-1.0602487352753137E+001
 6.3512899999992456E+000, 6.3512899999992456E+000,-1.0602487352759148E+001
 6.3522899999992459E+000, 6.3522899999992459E+000,-1.0602487352752510E+001
 6.3532899999992463E+000, 6.3532899999992463E+000,-1.0602487352745534E+001
 6.3542899999992466E+000, 6.3542899999992466E+000,-1.0602487352750497E+001
 6.3552899999992469E+000, 6.3552899999992469E+000,-1.0602487352744729E+001
 6.3562899999992473E+000, 6.3562899999992473E+000,-1.0602487352744214E+001
 6.3572899999992476E+000, 6.3572899999992476E+000,-1.0602487352735611E+001
 6.3582899999992479E+000, 6.3582899999992479E+000,-1.0602487352728604E+001
 6.3592899999992483E+000, 6.3592899999992483E+000,-1.0602487352733551E+001
 6.3602899999992486E+000, 6.3602899999992486E+000,-1.0602487352721369E+001
 6.3612899999992489E+000, 6.3612899999992489E+000,-1.0602487352721573E+001
 6.3622899999992493E+000, 6.3622899999992493E+000,-1.0602487352720308E+001
 6.3632899999992496E+000, 6.3632899999992496E+000,-1.0602487352707957E+001
 6.3642899999992499E+000, 6.3642899999992499E+000,-1.0602487352707254E+001
 6.3652899999992503E+000, 6.3652899999992503E+000,-1.0602487352699555E+001
 6.3662899999992506E+000, 6.3662899999992506E+000,-1.0602487352700757E+001
 6.3672899999992509E+000, 6.3672899999992509E+000,-1.0602487352709669E+001
 6.3682899999992513E+000, 6.3682899999992513E+000,-1.0602487352687451E+001
 6.3692899999992516E+000, 6.3692899999992516E+000,-1.0602487352698425E+001
 6.3702899999992519E+000, 6.3702899999992519E+000,-1.0602487352696544E+001
 6.3712899999992523E+000, 6.3712899999992523E+000,-1.0602487352684186E+001
 6.3722899999992526E+000, 6.3722899999992526E+000,-1.0602487352687207E+001
 6.3732899999992529E+000, 6.3732899999992529E+000,-1.0602487352682282E+001
 6.3742899999992533E+000, 6.3742899999992533E+000,-1.0602487352680891E+001
 6.3752899999992536E+000, 6.3752899999992536E+000,-1.0602487352681370E+001
 6.3762899999992539E+000, 6.3762899999992539E+000,-1.0602487352673700E+001
 6.3772899999992543E+000, 6.3772899999992543E+000,-1.0602487352673110E+001
 6.3782899999992546E+000, 6.3782899999992546E+000,-1.0602487352670938E+001
 6.3792899999992549E+000, 6.3792899999992549E+000,-1.0602487352654826E+001
 6.3802899999992553E+000, 6.3802899999992553E+000,-1.0602487352654029E+001
 6.3812899999992556E+000, 6.3812899999992556E+000,-1.0602487352648115E+001
 6.3822899999992559E+000, 6.3822899999992559E+000,-1.0602487352645785E+001
 6.3832899999992563E+000, 6.3832899999992563E+000,-1.0602487352644463E+001
 6.3842899999992566E+000, 6.3842899999992566E+000,-1.0602487352643147E+001
 6.3852899999992569E+000, 6.3852899999992569E+000,-1.0602487352642749E+001
 6.3862899999992573E+000, 6.3862899999992573E+000,-1.0602487352641464E+001
 6.3872899999992576E+000, 6.3872899999992576E+000,-1.0602487352630003E+001
 6.3882899999992580E+000, 6.3882899999992580E+000,-1.0602487352629327E+001
 6.3892899999992583E+000, 6.3892899999992583E+000,-1.0602487352617000E+001
 6.3902899999992586E+000, 6.3902899999992586E+000,-1.0602487352621816E+001
 6.3912899999992590E+000, 6.3912899999992590E+000,-1.0602487352619772E+001
 6.3922899999992593E+000, 6.3922899999992593E+000,-1.0602487352614723E+001
 6.3932899999992596E+000, 6.3932899999992596E+000,-1.0602487352606014E+001
 6.3942899999992600E+000, 6.3942899999992600E+000,-1.0602487352606303E+001
 6.3952899999992603E+000, 6.3952899999992603E+000,-1.0602487352611456E+001
 6.3962899999992606E+000, 6.3962899999992606E+000,-1.0602487352600171E+001
 6.3972899999992610E+000, 6.3972899999992610E+000,-1.0602487352593080E+001
 6.3982899999992613E+000, 6.3982899999992613E+000,-1.0602487352591622E+001
 6.3992899999992616E+000, 6.3992899999992616E+000,-1.0602487352591201E+001
 6.4002899999992620E+000, 6.4002899999992620E+000,-1.0602487352584403E+001
 6.4012899999992623E+000, 6.4012899999992623E+000,-1.0602487352588486E+001
 6.4022899999992626E+000, 6.4022899999992626E+000,-1.0602487352589103E+001
 6.4032899999992630E+000, 6.4032899999992630E+000,-1.0602487352581427E+001
 6.4042899999992633E+000, 6.4042899999992633E+000,-1.0602487352579960E+001
 6.4052899999992636E+000, 6.4052899999992636E+000,-1.0602487352575817E+001
 6.4062899999992640E+000, 6.4062899999992640E+000,-1.0602487352562498E+001
 6.4072899999992643E+000, 6.4072899999992643E+000,-1.0602487352560882E+001
 6.4082899999992646E+000, 6.4082899999992646E+000,-1.0602487352567771E+001
 6.4092899999992650E+000, 6.4092899999992650E+000,-1.0602487352549213E+001
 6.4102899999992653E+000, 6.4102899999992653E+000,-1.0602487352552087E+001
 6.4112899999992656E+000, 6.4112899999992656E+000,-1.0602487352547161E+001
 6.4122899999992660E+000, 6.4122899999992660E+000,-1.0602487352556796E+001
 6.4132899999992663E+000, 6.4132899999992663E+000,-1.0602487352551162E+001
 6.4142899999992666E+000, 6.4142899999992666E+000,-1.0602487352542420E+001
 6.4152899999992670E+000, 6.4152899999992670E+000,-1.0602487352542713E+001
 6.4162899999992673E+000, 6.4162899999992673E+000,-1.0602487352529515E+001
 6.4172899999992676E+000, 6.4172899999992676E+000,-1.0602487352540722E+001
 6.4182899999992680E+000, 6.4182899999992680E+000,-1.0602487352533327E+001
 6.4192899999992683E+000, 6.4192899999992683E+000,-1.0602487352531870E+001
 6.4202899999992686E+000, 6.4202899999992686E+000,-1.0602487352520422E+001
 6.4212899999992690E+000, 6.4212899999992690E+000,-1.0602487352515105E+001
 6.4222899999992693E+000, 6.4222899999992693E+000,-1.0602487352517432E+001
 6.4232899999992696E+000, 6.4232899999992696E+000,-1.0602487352518008E+001
 6.4242899999992700E+000, 6.4242899999992700E+000,-1.0602487352512126E+001
 6.4252899999992703E+000, 6.4252899999992703E+000,-1.0602487352499661E+001
 6.4262899999992706E+000, 6.4262899999992706E+000,-1.0602487352492538E+001
 6.4272899999992710E+000, 6.4272899999992710E+000,-1.0602487352492876E+001
 6.4282899999992713E+000, 6.4282899999992713E+000,-1.0602487352486094E+001
 6.4292899999992716E+000, 6.4292899999992716E+000,-1.0602487352495675E+001
 6.4302899999992720E+000, 6.4302899999992720E+000,-1.0602487352483617E+001
 6.4312899999992723E+000, 6.4312899999992723E+000,-1.0602487352482930E+001
 6.4322899999992726E+000, 6.4322899999992726E+000,-1.0602487352477912E+001
 6.4332899999992730E+000, 6.4332899999992730E+000,-1.0602487352481118E+001
 6.4342899999992733E+000, 6.4342899999992733E+000,-1.0602487352469794E+001
 6.4352899999992736E+000, 6.4352899999992736E+000,-1.0602487352472847E+001
 6.4362899999992740E+000, 6.4362899999992740E+000,-1.0602487352467925E+001
 6.4372899999992743E+000, 6.4372899999992743E+000,-1.0602487352454586E+001
 6.4382899999992746E+000, 6.4382899999992746E+000,-1.0602487352460280E+001
 6.4392899999992750E+000, 6.4392899999992750E+000,-1.0602487352463781E+001
 6.4402899999992753E+000, 6.4402899999992753E+000,-1.0602487352455288E+001
 6.4412899999992757E+000, 6.4412899999992757E+000,-1.0602487352445445E+001
 6.4422899999992760E+000, 6.4422899999992760E+000,-1.0602487352450325E+001
 6.4432899999992763E+000, 6.4432899999992763E+000,-1.0602487352439038E+001
 6.4442899999992767E+000, 6.4442899999992767E+000,-1.0602487352432846E+001
 6.4452899999992770E+000, 6.4452899999992770E+000,-1.0602487352436039E+001
 6.4462899999992773E+000, 6.4462899999992773E+000,-1.0602487352433954E+001
 6.4472899999992777E+000, 6.4472899999992777E+000,-1.0602487352433522E+001
 6.4482899999992780E+000, 6.4482899999992780E+000,-1.0602487352427611E+001
 6.4492899999992783E+000, 6.4492899999992783E+000,-1.0602487352427982E+001
 6.4502899999992787E+000, 6.4502899999992787E+000,-1.0602487352420304E+001
 6.4512899999992790E+000, 6.4512899999992790E+000,-1.0602487352413295E+001
 6.4522899999992793E+000, 6.4522899999992793E+000,-1.0602487352402594E+001
 6.4532899999992797E+000, 6.4532899999992797E+000,-1.0602487352401040E+001
 6.4542899999992800E+000, 6.4542899999992800E+000,-1.0602487352406147E+001
 6.4552899999992803E+000, 6.4552899999992803E+000,-1.0602487352405003E+001
 6.4562899999992807E+000, 6.4562899999992807E+000,-1.0602487352399091E+001
 6.4572899999992810E+000, 6.4572899999992810E+000,-1.0602487352396764E+001
 6.4582899999992813E+000, 6.4582899999992813E+000,-1.0602487352380656E+001
 6.4592899999992817E+000, 6.4592899999992817E+000,-1.0602487352389113E+001
 6.4602899999992820E+000, 6.4602899999992820E+000,-1.0602487352383433E+001
 6.4612899999992823E+000, 6.4612899999992823E+000,-1.0602487352382008E+001
 6.4622899999992827E+000, 6.4622899999992827E+000,-1.0602487352387119E+001
 6.4632899999992830E+000, 6.4632899999992830E+000,-1.0602487352380466E+001
 6.4642899999992833E+000, 6.4642899999992833E+000,-1.0602487352368872E+001
 6.4652899999992837E+000, 6.4652899999992837E+000,-1.0602487352367293E+001
 6.4662899999992840E+000, 6.4662899999992840E+000,-1.0602487352361361E+001
 6.4672899999992843E+000, 6.4672899999992843E+000,-1.0602487352359031E+001
 6.4682899999992847E+000, 6.4682899999992847E+000,-1.0602487352353966E+001
 6.4692899999992850E+000, 6.4692899999992850E+000,-1.0602487352358091E+001
 6.4702899999992853E+000, 6.4702899999992853E+000,-1.0602487352345873E+001
 6.4712899999992857E+000, 6.4712899999992857E+000,-1.0602487352345181E+001
 6.4722899999992860E+000, 6.4722899999992860E+000,-1.0602487352338368E+001
 6.4732899999992863E+000, 6.4732899999992863E+000,-1.0602487352333194E+001
 6.4742899999992867E+000, 6.4742899999992867E+000,-1.0602487352337310E+001
 6.4752899999992870E+000, 6.4752899999992870E+000,-1.0602487352335242E+001
 6.4762899999992873E+000, 6.4762899999992873E+000,-1.0602487352325557E+001
 6.4772899999992877E+000, 6.4772899999992877E+000,-1.0602487352322244E+001
 6.4782899999992880E+000, 6.4782899999992880E+000,-1.0602487352327309E+001
 6.4792899999992883E+000, 6.4792899999992883E+000,-1.0602487352320635E+001
 6.4802899999992887E+000, 6.4802899999992887E+000,-1.0602487352319198E+001
 6.4812899999992890E+000, 6.4812899999992890E+000,-1.0602487352315052E+001
 6.4822899999992893E+000, 6.4822899999992893E+000,-1.0602487352305467E+001
 6.4832899999992897E+000, 6.4832899999992897E+000,-1.0602487352292901E+001
 6.4842899999992900E+000, 6.4842899999992900E+000,-1.0602487352304125E+001
 6.4852899999992903E+000, 6.4852899999992903E+000,-1.0602487352294798E+001
 6.4862899999992907E+000, 6.4862899999992907E+000,-1.0602487352286861E+001
 6.4872899999992910E+000, 6.4872899999992910E+000,-1.0602487352301942E+001
 6.4882899999992913E+000, 6.4882899999992913E+000,-1.0602487352290925E+001
 6.4892899999992917E+000, 6.4892899999992917E+000,-1.0602487352277429E+001
 6.4902899999992920E+000, 6.4902899999992920E+000,-1.0602487352282212E+001
 6.4912899999992923E+000, 6.4912899999992923E+000,-1.0602487352270035E+001
 6.4922899999992927E+000, 6.4922899999992927E+000,-1.0602487352275746E+001
 6.4932899999992930E+000, 6.4932899999992930E+000,-1.0602487352273736E+001
 6.4942899999992934E+000, 6.4942899999992934E+000,-1.0602487352268678E+001
 6.4952899999992937E+000, 6.4952899999992937E+000,-1.0602487352255343E+001
 6.4962899999992940E+000, 6.4962899999992940E+000,-1.0602487352265648E+001
 6.4972899999992944E+000, 6.4972899999992944E+000,-1.0602487352259136E+001
 6.4982899999992947E+000, 6.4982899999992947E+000,-1.0602487352246651E+001
 6.4992899999992950E+000, 6.4992899999992950E+000,-1.0602487352252361E+001
 6.5002899999992954E+000, 6.5002899999992954E+000,-1.0602487352239296E+001
 6.5012899999992957E+000, 6.5012899999992957E+000,-1.0602487352238573E+001
 6.5022899999992960E+000, 6.5022899999992960E+000,-1.0602487352242814E+001
 6.5032899999992964E+000, 6.5032899999992964E+000,-1.0602487352225982E+001
 6.5042899999992967E+000, 6.5042899999992967E+000,-1.0602487352235311E+001
 6.5052899999992970E+000, 6.5052899999992970E+000,-1.0602487352240697E+001
 6.5062899999992974E+000, 6.5062899999992974E+000,-1.0602487352234053E+001
 6.5072899999992977E+000, 6.5072899999992977E+000,-1.0602487352234387E+001
 6.5082899999992980E+000, 6.5082899999992980E+000,-1.0602487352219409E+001
 6.5092899999992984E+000, 6.5092899999992984E+000,-1.0602487352219534E+001
 6.5102899999992987E+000, 6.5102899999992987E+000,-1.0602487352213631E+001
 6.5112899999992990E+000, 6.5112899999992990E+000,-1.0602487352215947E+001
 6.5122899999992994E+000, 6.5122899999992994E+000,-1.0602487352210995E+001
 6.5132899999992997E+000, 6.5132899999992997E+000,-1.0602487352210492E+001
 6.5142899999993000E+000, 6.5142899999993000E+000,-1.0602487352204577E+001
 6.5152899999993004E+000, 6.5152899999993004E+000,-1.0602487352197635E+001
 6.5162899999993007E+000, 6.5162899999993007E+000,-1.0602487352200800E+001
 6.5172899999993010E+000, 6.5172899999993010E+000,-1.0602487352190371E+001
 6.5182899999993014E+000, 6.5182899999993014E+000,-1.0602487352184202E+001
 6.5192899999993017E+000, 6.5192899999993017E+000,-1.0602487352182759E+001
 6.5202899999993020E+000, 6.5202899999993020E+000,-1.0602487352182347E+001
 6.5212899999993024E+000, 6.5212899999993024E+000,-1.0602487352171810E+001
 6.5222899999993027E+000, 6.5222899999993027E+000,-1.0602487352163843E+001
 6.5232899999993030E+000, 6.5232899999993030E+000,-1.0602487352178931E+001
 6.5242899999993034E+000, 6.5242899999993034E+000,-1.0602487352161493E+001
 6.5252899999993037E+000, 6.5252899999993037E+000,-1.0602487352160658E+001
 6.5262899999993040E+000, 6.5262899999993040E+000,-1.0602487352160267E+001
 6.5272899999993044E+000, 6.5272899999993044E+000,-1.0602487352158978E+001
 6.5282899999993047E+000, 6.5282899999993047E+000,-1.0602487352147527E+001
 6.5292899999993050E+000, 6.5292899999993050E+000,-1.0602487352145959E+001
 6.5302899999993054E+000, 6.5302899999993054E+000,-1.0602487352151059E+001
 6.5312899999993057E+000, 6.5312899999993057E+000,-1.0602487352137988E+001
 6.5322899999993060E+000, 6.5322899999993060E+000,-1.0602487352140990E+001
 6.5332899999993064E+000, 6.5332899999993064E+000,-1.0602487352136070E+001
 6.5342899999993067E+000, 6.5342899999993067E+000,-1.0602487352133775E+001
 6.5352899999993070E+000, 6.5352899999993070E+000,-1.0602487352127820E+001
 6.5362899999993074E+000, 6.5362899999993074E+000,-1.0602487352128181E+001
 6.5372899999993077E+000, 6.5372899999993077E+000,-1.0602487352114093E+001
 6.5382899999993080E+000, 6.5382899999993080E+000,-1.0602487352109609E+001
 6.5392899999993084E+000, 6.5392899999993084E+000,-1.0602487352114640E+001
 6.5402899999993087E+000, 6.5402899999993087E+000,-1.0602487352112595E+001
 6.5412899999993090E+000, 6.5412899999993090E+000,-1.0602487352105754E+001
 6.5422899999993094E+000, 6.5422899999993094E+000,-1.0602487352095057E+001
 6.5432899999993097E+000, 6.5432899999993097E+000,-1.0602487352103651E+001
 6.5442899999993100E+000, 6.5442899999993100E+000,-1.0602487352097073E+001
 6.5452899999993104E+000, 6.5452899999993104E+000,-1.0602487352085486E+001
 6.5462899999993107E+000, 6.5462899999993107E+000,-1.0602487352096748E+001
 6.5472899999993110E+000, 6.5472899999993110E+000,-1.0602487352072799E+001
 6.5482899999993114E+000, 6.5482899999993114E+000,-1.0602487352079100E+001
 6.5492899999993117E+000, 6.5492899999993117E+000,-1.0602487352081722E+001
 6.5502899999993121E+000, 6.5502899999993121E+000,-1.0602487352083216E+001
 6.5512899999993124E+000, 6.5512899999993124E+000,-1.0602487352069149E+001
 6.5522899999993127E+000, 6.5522899999993127E+000,-1.0602487352073924E+001
 6.5532899999993131E+000, 6.5532899999993131E+000,-1.0602487352067252E+001
 6.5542899999993134E+000, 6.5542899999993134E+000,-1.0602487352054766E+001
 6.5552899999993137E+000, 6.5552899999993137E+000,-1.0602487352055853E+001
 6.5562899999993141E+000, 6.5562899999993141E+000,-1.0602487352063847E+001
 6.5572899999993144E+000, 6.5572899999993144E+000,-1.0602487352048016E+001
 6.5582899999993147E+000, 6.5582899999993147E+000,-1.0602487352046332E+001
 6.5592899999993151E+000, 6.5592899999993151E+000,-1.0602487352050540E+001
 6.5602899999993154E+000, 6.5602899999993154E+000,-1.0602487352045653E+001
 6.5612899999993157E+000, 6.5612899999993157E+000,-1.0602487352043342E+001
 6.5622899999993161E+000, 6.5622899999993161E+000,-1.0602487352031870E+001
 6.5632899999993164E+000, 6.5632899999993164E+000,-1.0602487352029401E+001
 6.5642899999993167E+000, 6.5642899999993167E+000,-1.0602487352028966E+001
 6.5652899999993171E+000, 6.5652899999993171E+000,-1.0602487352022168E+001
 6.5662899999993174E+000, 6.5662899999993174E+000,-1.0602487352022496E+001
 6.5672899999993177E+000, 6.5672899999993177E+000,-1.0602487352015718E+001
 6.5682899999993181E+000, 6.5682899999993181E+000,-1.0602487352019788E+001
 6.5692899999993184E+000, 6.5692899999993184E+000,-1.0602487352013103E+001
 6.5702899999993187E+000, 6.5702899999993187E+000,-1.0602487352006140E+001
 6.5712899999993191E+000, 6.5712899999993191E+000,-1.0602487351995432E+001
 6.5722899999993194E+000, 6.5722899999993194E+000,-1.0602487351992988E+001
 6.5732899999993197E+000, 6.5732899999993197E+000,-1.0602487351987028E+001
 6.5742899999993201E+000, 6.5742899999993201E+000,-1.0602487351987376E+001
 6.5752899999993204E+000, 6.5752899999993204E+000,-1.0602487351978807E+001
 6.5762899999993207E+000, 6.5762899999993207E+000,-1.0602487351984617E+001
 6.5772899999993211E+000, 6.5772899999993211E+000,-1.0602487351983505E+001
 6.5782899999993214E+000, 6.5782899999993214E+000,-1.0602487351977581E+001
 6.5792899999993217E+000, 6.5792899999993217E+000,-1.0602487351976150E+001
 6.5802899999993221E+000, 6.5802899999993221E+000,-1.0602487351970218E+001
 6.5812899999993224E+000, 6.5812899999993224E+000,-1.0602487351968787E+001
 6.5822899999993227E+000, 6.5822899999993227E+000,-1.0602487351960177E+001
 6.5832899999993231E+000, 6.5832899999993231E+000,-1.0602487351967776E+001
 6.5842899999993234E+000, 6.5842899999993234E+000,-1.0602487351954753E+001
 6.5852899999993237E+000, 6.5852899999993237E+000,-1.0602487351958676E+001
 6.5862899999993241E+000, 6.5862899999993241E+000,-1.0602487351947353E+001
 6.5872899999993244E+000, 6.5872899999993244E+000,-1.0602487351941162E+001
 6.5882899999993247E+000, 6.5882899999993247E+000,-1.0602487351938823E+001
 6.5892899999993251E+000, 6.5892899999993251E+000,-1.0602487351943902E+001
 6.5902899999993254E+000, 6.5902899999993254E+000,-1.0602487351941889E+001
 6.5912899999993257E+000, 6.5912899999993257E+000,-1.0602487351943243E+001
 6.5922899999993261E+000, 6.5922899999993261E+000,-1.0602487351934691E+001
 6.5932899999993264E+000, 6.5932899999993264E+000,-1.0602487351929462E+001
 6.5942899999993267E+000, 6.5942899999993267E+000,-1.0602487351925223E+001
 6.5952899999993271E+000, 6.5952899999993271E+000,-1.0602487351911005E+001
 6.5962899999993274E+000, 6.5962899999993274E+000,-1.0602487351915785E+001
 6.5972899999993277E+000, 6.5972899999993277E+000,-1.0602487351921047E+001
 6.5982899999993281E+000, 6.5982899999993281E+000,-1.0602487351919905E+001
 6.5992899999993284E+000, 6.5992899999993284E+000,-1.0602487351907572E+001
 6.6002899999993287E+000, 6.6002899999993287E+000,-1.0602487351900454E+001
 6.6012899999993291E+000, 6.6012899999993291E+000,-1.0602487351905413E+001
 6.6022899999993294E+000, 6.6022899999993294E+000,-1.0602487351898755E+001
 6.6032899999993298E+000, 6.6032899999993298E+000,-1.0602487351897311E+001
 6.6042899999993301E+000, 6.6042899999993301E+000,-1.0602487351880324E+001
 6.6052899999993304E+000, 6.6052899999993304E+000,-1.0602487351885927E+001
 6.6062899999993308E+000, 6.6062899999993308E+000,-1.0602487351889428E+001
 6.6072899999993311E+000, 6.6072899999993311E+000,-1.0602487351882719E+001
 6.6082899999993314E+000, 6.6082899999993314E+000,-1.0602487351881273E+001
 6.6092899999993318E+000, 6.6092899999993318E+000,-1.0602487351869819E+001
 6.6102899999993321E+000, 6.6102899999993321E+000,-1.0602487351879287E+001
 6.6112899999993324E+000, 6.6112899999993324E+000,-1.0602487351872739E+001
 6.6122899999993328E+000, 6.6122899999993328E+000,-1.0602487351870403E+001
 6.6132899999993331E+000, 6.6132899999993331E+000,-1.0602487351860725E+001
 6.6142899999993334E+000, 6.6142899999993334E+000,-1.0602487351866504E+001
 6.6152899999993338E+000, 6.6152899999993338E+000,-1.0602487351854338E+001
 6.6162899999993341E+000, 6.6162899999993341E+000,-1.0602487351851853E+001
 6.6172899999993344E+000, 6.6172899999993344E+000,-1.0602487351840370E+001
 6.6182899999993348E+000, 6.6182899999993348E+000,-1.0602487351833286E+001
 6.6192899999993351E+000, 6.6192899999993351E+000,-1.0602487351839136E+001
 6.6202899999993354E+000, 6.6202899999993354E+000,-1.0602487351843539E+001
 6.6212899999993358E+000, 6.6212899999993358E+000,-1.0602487351830435E+001
 6.6222899999993361E+000, 6.6222899999993361E+000,-1.0602487351829721E+001
 6.6232899999993364E+000, 6.6232899999993364E+000,-1.0602487351824699E+001
 6.6242899999993368E+000, 6.6242899999993368E+000,-1.0602487351833451E+001
 6.6252899999993371E+000, 6.6252899999993371E+000,-1.0602487351822255E+001
 6.6262899999993374E+000, 6.6262899999993374E+000,-1.0602487351816954E+001
 6.6272899999993378E+000, 6.6272899999993378E+000,-1.0602487351818391E+001
 6.6282899999993381E+000, 6.6282899999993381E+000,-1.0602487351807897E+001
 6.6292899999993384E+000, 6.6292899999993384E+000,-1.0602487351810966E+001
 6.6302899999993388E+000, 6.6302899999993388E+000,-1.0602487351799640E+001
 6.6312899999993391E+000, 6.6312899999993391E+000,-1.0602487351793442E+001
 6.6322899999993394E+000, 6.6322899999993394E+000,-1.0602487351795745E+001
 6.6332899999993398E+000, 6.6332899999993398E+000,-1.0602487351797217E+001
 6.6342899999993401E+000, 6.6342899999993401E+000,-1.0602487351790460E+001
 6.6352899999993404E+000, 6.6352899999993404E+000,-1.0602487351789902E+001
 6.6362899999993408E+000, 6.6362899999993408E+000,-1.0602487351783104E+001
 6.6372899999993411E+000, 6.6372899999993411E+000,-1.0602487351781653E+001
 6.6382899999993414E+000, 6.6382899999993414E+000,-1.0602487351770197E+001
 6.6392899999993418E+000, 6.6392899999993418E+000,-1.0602487351768623E+001
 6.6402899999993421E+000, 6.6402899999993421E+000,-1.0602487351768204E+001
 6.6412899999993424E+000, 6.6412899999993424E+000,-1.0602487351766920E+001
 6.6422899999993428E+000, 6.6422899999993428E+000,-1.0602487351760104E+001
 6.6432899999993431E+000, 6.6432899999993431E+000,-1.0602487351759533E+001
 6.6442899999993434E+000, 6.6442899999993434E+000,-1.0602487351748108E+001
 6.6452899999993438E+000, 6.6452899999993438E+000,-1.0602487351747442E+001
 6.6462899999993441E+000, 6.6462899999993441E+000,-1.0602487351751659E+001
 6.6472899999993444E+000, 6.6472899999993444E+000,-1.0602487351745882E+001
 6.6482899999993448E+000, 6.6482899999993448E+000,-1.0602487351745353E+001
 6.6492899999993451E+000, 6.6492899999993451E+000,-1.0602487351737649E+001
 6.6502899999993454E+000, 6.6502899999993454E+000,-1.0602487351741694E+001
 6.6512899999993458E+000, 6.6512899999993458E+000,-1.0602487351735901E+001
 6.6522899999993461E+000, 6.6522899999993461E+000,-1.0602487351728957E+001
 6.6532899999993464E+000, 6.6532899999993464E+000,-1.0602487351718255E+001
 6.6542899999993468E+000, 6.6542899999993468E+000,-1.0602487351722218E+001
 6.6552899999993471E+000, 6.6552899999993471E+000,-1.0602487351715533E+001
 6.6562899999993475E+000, 6.6562899999993475E+000,-1.0602487351708559E+001
 6.6572899999993478E+000, 6.6572899999993478E+000,-1.0602487351712631E+001
 6.6582899999993481E+000, 6.6582899999993481E+000,-1.0602487351707738E+001
 6.6592899999993485E+000, 6.6592899999993485E+000,-1.0602487351695295E+001
 6.6602899999993488E+000, 6.6602899999993488E+000,-1.0602487351700113E+001
 6.6612899999993491E+000, 6.6612899999993491E+000,-1.0602487351693448E+001
 6.6622899999993495E+000, 6.6622899999993495E+000,-1.0602487351685589E+001
 6.6632899999993498E+000, 6.6632899999993498E+000,-1.0602487351684996E+001
 6.6642899999993501E+000, 6.6642899999993501E+000,-1.0602487351690131E+001
 6.6652899999993505E+000, 6.6652899999993505E+000,-1.0602487351684362E+001
 6.6662899999993508E+000, 6.6662899999993508E+000,-1.0602487351676526E+001
 6.6672899999993511E+000, 6.6672899999993511E+000,-1.0602487351670423E+001
 6.6682899999993515E+000, 6.6682899999993515E+000,-1.0602487351669895E+001
 6.6692899999993518E+000, 6.6692899999993518E+000,-1.0602487351673226E+001
 6.6702899999993521E+000, 6.6702899999993521E+000,-1.0602487351668309E+001
 6.6712899999993525E+000, 6.6712899999993525E+000,-1.0602487351660500E+001
 6.6722899999993528E+000, 6.6722899999993528E+000,-1.0602487351666330E+001
 6.6732899999993531E+000, 6.6732899999993531E+000,-1.0602487351657899E+001
 6.6742899999993535E+000, 6.6742899999993535E+000,-1.0602487351652677E+001
 6.6752899999993538E+000, 6.6752899999993538E+000,-1.0602487351652165E+001
 6.6762899999993541E+000, 6.6762899999993541E+000,-1.0602487351639834E+001
 6.6772899999993545E+000, 6.6772899999993545E+000,-1.0602487351638240E+001
 6.6782899999993548E+000, 6.6782899999993548E+000,-1.0602487351637825E+001
 6.6792899999993551E+000, 6.6792899999993551E+000,-1.0602487351637436E+001
 6.6802899999993555E+000, 6.6802899999993555E+000,-1.0602487351635263E+001
 6.6812899999993558E+000, 6.6812899999993558E+000,-1.0602487351613634E+001
 6.6822899999993561E+000, 6.6822899999993561E+000,-1.0602487351622845E+001
 6.6832899999993565E+000, 6.6832899999993565E+000,-1.0602487351622710E+001
 6.6842899999993568E+000, 6.6842899999993568E+000,-1.0602487351625165E+001
 6.6852899999993571E+000, 6.6852899999993571E+000,-1.0602487351619338E+001
 6.6862899999993575E+000, 6.6862899999993575E+000,-1.0602487351613275E+001
 6.6872899999993578E+000, 6.6872899999993578E+000,-1.0602487351601704E+001
 6.6882899999993581E+000, 6.6882899999993581E+000,-1.0602487351604752E+001
 6.6892899999993585E+000, 6.6892899999993585E+000,-1.0602487351599825E+001
 6.6902899999993588E+000, 6.6902899999993588E+000,-1.0602487351591121E+001
 6.6912899999993591E+000, 6.6912899999993591E+000,-1.0602487351592309E+001
 6.6922899999993595E+000, 6.6922899999993595E+000,-1.0602487351585538E+001
 6.6932899999993598E+000, 6.6932899999993598E+000,-1.0602487351584992E+001
 6.6942899999993601E+000, 6.6942899999993601E+000,-1.0602487351578175E+001
 6.6952899999993605E+000, 6.6952899999993605E+000,-1.0602487351586886E+001
 6.6962899999993608E+000, 6.6962899999993608E+000,-1.0602487351583008E+001
 6.6972899999993611E+000, 6.6972899999993611E+000,-1.0602487351578944E+001
 6.6982899999993615E+000, 6.6982899999993615E+000,-1.0602487351562795E+001
 6.6992899999993618E+000, 6.6992899999993618E+000,-1.0602487351562889E+001
 6.7002899999993621E+000, 6.7002899999993621E+000,-1.0602487351556091E+001
 6.7012899999993625E+000, 6.7012899999993625E+000,-1.0602487351565683E+001
 6.7022899999993628E+000, 6.7022899999993628E+000,-1.0602487351559146E+001
 6.7032899999993631E+000, 6.7032899999993631E+000,-1.0602487351547554E+001
 6.7042899999993635E+000, 6.7042899999993635E+000,-1.0602487351551506E+001
 6.7052899999993638E+000, 6.7052899999993638E+000,-1.0602487351540187E+001
 6.7062899999993641E+000, 6.7062899999993641E+000,-1.0602487351539514E+001
 6.7072899999993645E+000, 6.7072899999993645E+000,-1.0602487351549271E+001
 6.7082899999993648E+000, 6.7082899999993648E+000,-1.0602487351521543E+001
 6.7092899999993652E+000, 6.7092899999993652E+000,-1.0602487351530586E+001
 6.7102899999993655E+000, 6.7102899999993655E+000,-1.0602487351535967E+001
 6.7112899999993658E+000, 6.7112899999993658E+000,-1.0602487351517370E+001
 6.7122899999993662E+000, 6.7122899999993662E+000,-1.0602487351522926E+001
 6.7132899999993665E+000, 6.7132899999993665E+000,-1.0602487351516286E+001
 6.7142899999993668E+000, 6.7142899999993668E+000,-1.0602487351513945E+001
 6.7152899999993672E+000, 6.7152899999993672E+000,-1.0602487351509772E+001
 6.7162899999993675E+000, 6.7162899999993675E+000,-1.0602487351507499E+001
 6.7172899999993678E+000, 6.7172899999993678E+000,-1.0602487351507953E+001
 6.7182899999993682E+000, 6.7182899999993682E+000,-1.0602487351493856E+001
 6.7192899999993685E+000, 6.7192899999993685E+000,-1.0602487351503262E+001
 6.7202899999993688E+000, 6.7202899999993688E+000,-1.0602487351488360E+001
 6.7212899999993692E+000, 6.7212899999993692E+000,-1.0602487351493108E+001
 6.7222899999993695E+000, 6.7222899999993695E+000,-1.0602487351491074E+001
 6.7232899999993698E+000, 6.7232899999993698E+000,-1.0602487351484221E+001
 6.7242899999993702E+000, 6.7242899999993702E+000,-1.0602487351484562E+001
 6.7252899999993705E+000, 6.7252899999993705E+000,-1.0602487351486140E+001
 6.7262899999993708E+000, 6.7262899999993708E+000,-1.0602487351470135E+001
 6.7272899999993712E+000, 6.7272899999993712E+000,-1.0602487351474860E+001
 6.7282899999993715E+000, 6.7282899999993715E+000,-1.0602487351464461E+001
 6.7292899999993718E+000, 6.7292899999993718E+000,-1.0602487351454709E+001
 6.7302899999993722E+000, 6.7302899999993722E+000,-1.0602487351461393E+001
 6.7312899999993725E+000, 6.7312899999993725E+000,-1.0602487351454769E+001
 6.7322899999993728E+000, 6.7322899999993728E+000,-1.0602487351454226E+001
 6.7332899999993732E+000, 6.7332899999993732E+000,-1.0602487351447413E+001
 6.7342899999993735E+000, 6.7342899999993735E+000,-1.0602487351439546E+001
 6.7352899999993738E+000, 6.7352899999993738E+000,-1.0602487351450897E+001
 6.7362899999993742E+000, 6.7362899999993742E+000,-1.0602487351438885E+001
 6.7372899999993745E+000, 6.7372899999993745E+000,-1.0602487351447444E+001
 6.7382899999993748E+000, 6.7382899999993748E+000,-1.0602487351430732E+001
 6.7392899999993752E+000, 6.7392899999993752E+000,-1.0602487351425289E+001
 6.7402899999993755E+000, 6.7402899999993755E+000,-1.0602487351428501E+001
 6.7412899999993758E+000, 6.7412899999993758E+000,-1.0602487351423587E+001
 6.7422899999993762E+000, 6.7422899999993762E+000,-1.0602487351411140E+001
 6.7432899999993765E+000, 6.7432899999993765E+000,-1.0602487351408650E+001
 6.7442899999993768E+000, 6.7442899999993768E+000,-1.0602487351409101E+001
 6.7452899999993772E+000, 6.7452899999993772E+000,-1.0602487351401422E+001
 6.7462899999993775E+000, 6.7462899999993775E+000,-1.0602487351401738E+001
 6.7472899999993778E+000, 6.7472899999993778E+000,-1.0602487351395853E+001
 6.7482899999993782E+000, 6.7482899999993782E+000,-1.0602487351399954E+001
 6.7492899999993785E+000, 6.7492899999993785E+000,-1.0602487351393272E+001
 6.7502899999993788E+000, 6.7502899999993788E+000,-1.0602487351386296E+001
 6.7512899999993792E+000, 6.7512899999993792E+000,-1.0602487351384848E+001
 6.7522899999993795E+000, 6.7522899999993795E+000,-1.0602487351389946E+001
 6.7532899999993798E+000, 6.7532899999993798E+000,-1.0602487351377775E+001
 6.7542899999993802E+000, 6.7542899999993802E+000,-1.0602487351377967E+001
 6.7552899999993805E+000, 6.7552899999993805E+000,-1.0602487351380443E+001
 6.7562899999993808E+000, 6.7562899999993808E+000,-1.0602487351369978E+001
 6.7572899999993812E+000, 6.7572899999993812E+000,-1.0602487351359176E+001
 6.7582899999993815E+000, 6.7582899999993815E+000,-1.0602487351357627E+001
 6.7592899999993818E+000, 6.7592899999993818E+000,-1.0602487351367357E+001
 6.7602899999993822E+000, 6.7602899999993822E+000,-1.0602487351354407E+001
 6.7612899999993825E+000, 6.7612899999993825E+000,-1.0602487351354585E+001
 6.7622899999993829E+000, 6.7622899999993829E+000,-1.0602487351344063E+001
 6.7632899999993832E+000, 6.7632899999993832E+000,-1.0602487351351762E+001
 6.7642899999993835E+000, 6.7642899999993835E+000,-1.0602487351350693E+001
 6.7652899999993839E+000, 6.7652899999993839E+000,-1.0602487351341040E+001
 6.7662899999993842E+000, 6.7662899999993842E+000,-1.0602487351338619E+001
 6.7672899999993845E+000, 6.7672899999993845E+000,-1.0602487351338173E+001
 6.7682899999993849E+000, 6.7682899999993849E+000,-1.0602487351329577E+001
 6.7692899999993852E+000, 6.7692899999993852E+000,-1.0602487351323461E+001
 6.7702899999993855E+000, 6.7702899999993855E+000,-1.0602487351328451E+001
 6.7712899999993859E+000, 6.7712899999993859E+000,-1.0602487351321782E+001
 6.7722899999993862E+000, 6.7722899999993862E+000,-1.0602487351314810E+001
 6.7732899999993865E+000, 6.7732899999993865E+000,-1.0602487351315153E+001
 6.7742899999993869E+000, 6.7742899999993869E+000,-1.0602487351313895E+001
 6.7752899999993872E+000, 6.7752899999993872E+000,-1.0602487351300653E+001
 6.7762899999993875E+000, 6.7762899999993875E+000,-1.0602487351289767E+001
 6.7772899999993879E+000, 6.7772899999993879E+000,-1.0602487351301052E+001
 6.7782899999993882E+000, 6.7782899999993882E+000,-1.0602487351300077E+001
 6.7792899999993885E+000, 6.7792899999993885E+000,-1.0602487351291469E+001
 6.7802899999993889E+000, 6.7802899999993889E+000,-1.0602487351285339E+001
 6.7812899999993892E+000, 6.7812899999993892E+000,-1.0602487351280182E+001
 6.7822899999993895E+000, 6.7822899999993895E+000,-1.0602487351277873E+001
 6.7832899999993899E+000, 6.7832899999993899E+000,-1.0602487351272813E+001
 6.7842899999993902E+000, 6.7842899999993902E+000,-1.0602487351271403E+001
 6.7852899999993905E+000, 6.7852899999993905E+000,-1.0602487351274720E+001
 6.7862899999993909E+000, 6.7862899999993909E+000,-1.0602487351264289E+001
 6.7872899999993912E+000, 6.7872899999993912E+000,-1.0602487351260956E+001
 6.7882899999993915E+000, 6.7882899999993915E+000,-1.0602487351267810E+001
 6.7892899999993919E+000, 6.7892899999993919E+000,-1.0602487351260292E+001
 6.7902899999993922E+000, 6.7902899999993922E+000,-1.0602487351254203E+001
 6.7912899999993925E+000, 6.7912899999993925E+000,-1.0602487351257400E+001
 6.7922899999993929E+000, 6.7922899999993929E+000,-1.0602487351252480E+001
 6.7932899999993932E+000, 6.7932899999993932E+000,-1.0602487351240928E+001
 6.7942899999993935E+000, 6.7942899999993935E+000,-1.0602487351243079E+001
 6.7952899999993939E+000, 6.7952899999993939E+000,-1.0602487351244559E+001
 6.7962899999993942E+000, 6.7962899999993942E+000,-1.0602487351242432E+001
 6.7972899999993945E+000, 6.7972899999993945E+000,-1.0602487351230959E+001
 6.7982899999993949E+000, 6.7982899999993949E+000,-1.0602487351220127E+001
 6.7992899999993952E+000, 6.7992899999993952E+000,-1.0602487351218576E+001
 6.8002899999993955E+000, 6.8002899999993955E+000,-1.0602487351228302E+001
 6.8012899999993959E+000, 6.8012899999993959E+000,-1.0602487351220878E+001
 6.8022899999993962E+000, 6.8022899999993962E+000,-1.0602487351209252E+001
 6.8032899999993965E+000, 6.8032899999993965E+000,-1.0602487351207683E+001
 6.8042899999993969E+000, 6.8042899999993969E+000,-1.0602487351208165E+001
 6.8052899999993972E+000, 6.8052899999993972E+000,-1.0602487351206012E+001
 6.8062899999993975E+000, 6.8062899999993975E+000,-1.0602487351193638E+001
 6.8072899999993979E+000, 6.8072899999993979E+000,-1.0602487351182798E+001
 6.8082899999993982E+000, 6.8082899999993982E+000,-1.0602487351194961E+001
 6.8092899999993985E+000, 6.8092899999993985E+000,-1.0602487351186692E+001
 6.8102899999993989E+000, 6.8102899999993989E+000,-1.0602487351175064E+001
 6.8112899999993992E+000, 6.8112899999993992E+000,-1.0602487351184532E+001
 6.8122899999993995E+000, 6.8122899999993995E+000,-1.0602487351173357E+001
 6.8132899999993999E+000, 6.8132899999993999E+000,-1.0602487351176419E+001
 6.8142899999994002E+000, 6.8142899999994002E+000,-1.0602487351169707E+001
 6.8152899999994005E+000, 6.8152899999994005E+000,-1.0602487351174672E+001
 6.8162899999994009E+000, 6.8162899999994009E+000,-1.0602487351156075E+001
 6.8172899999994012E+000, 6.8172899999994012E+000,-1.0602487351156107E+001
 6.8182899999994016E+000, 6.8182899999994016E+000,-1.0602487351172297E+001
 6.8192899999994019E+000, 6.8192899999994019E+000,-1.0602487351153091E+001
 6.8202899999994022E+000, 6.8202899999994022E+000,-1.0602487351142067E+001
 6.8212899999994026E+000, 6.8212899999994026E+000,-1.0602487351146920E+001
 6.8222899999994029E+000, 6.8222899999994029E+000,-1.0602487351140258E+001
 6.8232899999994032E+000, 6.8232899999994032E+000,-1.0602487351140608E+001
 6.8242899999994036E+000, 6.8242899999994036E+000,-1.0602487351132915E+001
 6.8252899999994039E+000, 6.8252899999994039E+000,-1.0602487351136972E+001
 6.8262899999994042E+000, 6.8262899999994042E+000,-1.0602487351140439E+001
 6.8272899999994046E+000, 6.8272899999994046E+000,-1.0602487351130886E+001
 6.8282899999994049E+000, 6.8282899999994049E+000,-1.0602487351124742E+001
 6.8292899999994052E+000, 6.8292899999994052E+000,-1.0602487351127035E+001
 6.8302899999994056E+000, 6.8302899999994056E+000,-1.0602487351122102E+001
 6.8312899999994059E+000, 6.8312899999994059E+000,-1.0602487351109648E+001
 6.8322899999994062E+000, 6.8322899999994062E+000,-1.0602487351113574E+001
 6.8332899999994066E+000, 6.8332899999994066E+000,-1.0602487351108682E+001
 6.8342899999994069E+000, 6.8342899999994069E+000,-1.0602487351101754E+001
 6.8352899999994072E+000, 6.8352899999994072E+000,-1.0602487351088365E+001
 6.8362899999994076E+000, 6.8362899999994076E+000,-1.0602487351099590E+001
 6.8372899999994079E+000, 6.8372899999994079E+000,-1.0602487351103223E+001
 6.8382899999994082E+000, 6.8382899999994082E+000,-1.0602487351079970E+001
 6.8392899999994086E+000, 6.8392899999994086E+000,-1.0602487351085397E+001
 6.8402899999994089E+000, 6.8402899999994089E+000,-1.0602487351078747E+001
 6.8412899999994092E+000, 6.8412899999994092E+000,-1.0602487351079095E+001
 6.8422899999994096E+000, 6.8422899999994096E+000,-1.0602487351083344E+001
 6.8432899999994099E+000, 6.8432899999994099E+000,-1.0602487351075773E+001
 6.8442899999994102E+000, 6.8442899999994102E+000,-1.0602487351079821E+001
 6.8452899999994106E+000, 6.8452899999994106E+000,-1.0602487351063893E+001
 6.8462899999994109E+000, 6.8462899999994109E+000,-1.0602487351062194E+001
 6.8472899999994112E+000, 6.8472899999994112E+000,-1.0602487351055357E+001
 6.8482899999994116E+000, 6.8482899999994116E+000,-1.0602487351053915E+001
 6.8492899999994119E+000, 6.8492899999994119E+000,-1.0602487351047072E+001
 6.8502899999994122E+000, 6.8502899999994122E+000,-1.0602487351041892E+001
 6.8512899999994126E+000, 6.8512899999994126E+000,-1.0602487351057061E+001
 6.8522899999994129E+000, 6.8522899999994129E+000,-1.0602487351034995E+001
 6.8532899999994132E+000, 6.8532899999994132E+000,-1.0602487351044179E+001
 6.8542899999994136E+000, 6.8542899999994136E+000,-1.0602487351038521E+001
 6.8552899999994139E+000, 6.8552899999994139E+000,-1.0602487351030684E+001
 6.8562899999994142E+000, 6.8562899999994142E+000,-1.0602487351029215E+001
 6.8572899999994146E+000, 6.8572899999994146E+000,-1.0602487351018645E+001
 6.8582899999994149E+000, 6.8582899999994149E+000,-1.0602487351017098E+001
 6.8592899999994152E+000, 6.8592899999994152E+000,-1.0602487351016681E+001
 6.8602899999994156E+000, 6.8602899999994156E+000,-1.0602487351014503E+001
 6.8612899999994159E+000, 6.8612899999994159E+000,-1.0602487351014068E+001
 6.8622899999994162E+000, 6.8622899999994162E+000,-1.0602487351017411E+001
 6.8632899999994166E+000, 6.8632899999994166E+000,-1.0602487351013387E+001
 6.8642899999994169E+000, 6.8642899999994169E+000,-1.0602487351005600E+001
 6.8652899999994172E+000, 6.8652899999994172E+000,-1.0602487350999491E+001
 6.8662899999994176E+000, 6.8662899999994176E+000,-1.0602487350998077E+001
 6.8672899999994179E+000, 6.8672899999994179E+000,-1.0602487350992131E+001
 6.8682899999994182E+000, 6.8682899999994182E+000,-1.0602487350996226E+001
 6.8692899999994186E+000, 6.8692899999994186E+000,-1.0602487350979402E+001
 6.8702899999994189E+000, 6.8702899999994189E+000,-1.0602487350976791E+001
 6.8712899999994193E+000, 6.8712899999994193E+000,-1.0602487350982763E+001
 6.8722899999994196E+000, 6.8722899999994196E+000,-1.0602487350971501E+001
 6.8732899999994199E+000, 6.8732899999994199E+000,-1.0602487350966197E+001
 6.8742899999994203E+000, 6.8742899999994203E+000,-1.0602487350969412E+001
 6.8752899999994206E+000, 6.8752899999994206E+000,-1.0602487350956286E+001
 6.8762899999994209E+000, 6.8762899999994209E+000,-1.0602487350951836E+001
 6.8772899999994213E+000, 6.8772899999994213E+000,-1.0602487350955965E+001
 6.8782899999994216E+000, 6.8782899999994216E+000,-1.0602487350943770E+001
 6.8792899999994219E+000, 6.8792899999994219E+000,-1.0602487350949486E+001
 6.8802899999994223E+000, 6.8802899999994223E+000,-1.0602487350947467E+001
 6.8812899999994226E+000, 6.8812899999994226E+000,-1.0602487350941525E+001
 6.8822899999994229E+000, 6.8822899999994229E+000,-1.0602487350950241E+001
 6.8832899999994233E+000, 6.8832899999994233E+000,-1.0602487350926214E+001
 6.8842899999994236E+000, 6.8842899999994236E+000,-1.0602487350931623E+001
 6.8852899999994239E+000, 6.8852899999994239E+000,-1.0602487350929596E+001
 6.8862899999994243E+000, 6.8862899999994243E+000,-1.0602487350929172E+001
 6.8872899999994246E+000, 6.8872899999994246E+000,-1.0602487350929669E+001
 6.8882899999994249E+000, 6.8882899999994249E+000,-1.0602487350915592E+001
 6.8892899999994253E+000, 6.8892899999994253E+000,-1.0602487350908422E+001
 6.8902899999994256E+000, 6.8902899999994256E+000,-1.0602487350914281E+001
 6.8912899999994259E+000, 6.8912899999994259E+000,-1.0602487350906738E+001
 6.8922899999994263E+000, 6.8922899999994263E+000,-1.0602487350907957E+001
 6.8932899999994266E+000, 6.8932899999994266E+000,-1.0602487350901194E+001
 6.8942899999994269E+000, 6.8942899999994269E+000,-1.0602487350894227E+001
 6.8952899999994273E+000, 6.8952899999994273E+000,-1.0602487350900081E+001
 6.8962899999994276E+000, 6.8962899999994276E+000,-1.0602487350892549E+001
 6.8972899999994279E+000, 6.8972899999994279E+000,-1.0602487350891083E+001
 6.8982899999994283E+000, 6.8982899999994283E+000,-1.0602487350889767E+001
 6.8992899999994286E+000, 6.8992899999994286E+000,-1.0602487350883839E+001
 6.9002899999994289E+000, 6.9002899999994289E+000,-1.0602487350871375E+001
 6.9012899999994293E+000, 6.9012899999994293E+000,-1.0602487350864246E+001
 6.9022899999994296E+000, 6.9022899999994296E+000,-1.0602487350855338E+001
 6.9032899999994299E+000, 6.9032899999994299E+000,-1.0602487350863086E+001
 6.9042899999994303E+000, 6.9042899999994303E+000,-1.0602487350870209E+001
 6.9052899999994306E+000, 6.9052899999994306E+000,-1.0602487350856299E+001
 6.9062899999994309E+000, 6.9062899999994309E+000,-1.0602487350861075E+001
 6.9072899999994313E+000, 6.9072899999994313E+000,-1.0602487350848889E+001
 6.9082899999994316E+000, 6.9082899999994316E+000,-1.0602487350852824E+001
 6.9092899999994319E+000, 6.9092899999994319E+000,-1.0602487350847023E+001
 6.9102899999994323E+000, 6.9102899999994323E+000,-1.0602487350851119E+001
 6.9112899999994326E+000, 6.9112899999994326E+000,-1.0602487350839811E+001
 6.9122899999994329E+000, 6.9122899999994329E+000,-1.0602487350842873E+001
 6.9132899999994333E+000, 6.9132899999994333E+000,-1.0602487350831538E+001
 6.9142899999994336E+000, 6.9142899999994336E+000,-1.0602487350824447E+001
 6.9152899999994339E+000, 6.9152899999994339E+000,-1.0602487350824770E+001
 6.9162899999994343E+000, 6.9162899999994343E+000,-1.0602487350824404E+001
 6.9172899999994346E+000, 6.9172899999994346E+000,-1.0602487350817603E+001
 6.9182899999994349E+000, 6.9182899999994349E+000,-1.0602487350822569E+001
 6.9192899999994353E+000, 6.9192899999994353E+000,-1.0602487350815910E+001
 6.9202899999994356E+000, 6.9202899999994356E+000,-1.0602487350814462E+001
 6.9212899999994359E+000, 6.9212899999994359E+000,-1.0602487350807632E+001
 6.9222899999994363E+000, 6.9222899999994363E+000,-1.0602487350801557E+001
 6.9232899999994366E+000, 6.9232899999994366E+000,-1.0602487350799223E+001
 6.9242899999994370E+000, 6.9242899999994370E+000,-1.0602487350800587E+001
 6.9252899999994373E+000, 6.9252899999994373E+000,-1.0602487350781891E+001
 6.9262899999994376E+000, 6.9262899999994376E+000,-1.0602487350781917E+001
 6.9272899999994380E+000, 6.9272899999994380E+000,-1.0602487350777960E+001
 6.9282899999994383E+000, 6.9282899999994383E+000,-1.0602487350783891E+001
 6.9292899999994386E+000, 6.9292899999994386E+000,-1.0602487350787404E+001
 6.9302899999994390E+000, 6.9302899999994390E+000,-1.0602487350776073E+001
 6.9312899999994393E+000, 6.9312899999994393E+000,-1.0602487350775403E+001
 6.9322899999994396E+000, 6.9322899999994396E+000,-1.0602487350769486E+001
 6.9332899999994400E+000, 6.9332899999994400E+000,-1.0602487350764335E+001
 6.9342899999994403E+000, 6.9342899999994403E+000,-1.0602487350768444E+001
 6.9352899999994406E+000, 6.9352899999994406E+000,-1.0602487350755348E+001
 6.9362899999994410E+000, 6.9362899999994410E+000,-1.0602487350760143E+001
 6.9372899999994413E+000, 6.9372899999994413E+000,-1.0602487350743340E+001
 6.9382899999994416E+000, 6.9382899999994416E+000,-1.0602487350743411E+001
 6.9392899999994420E+000, 6.9392899999994420E+000,-1.0602487350742141E+001
 6.9402899999994423E+000, 6.9402899999994423E+000,-1.0602487350744559E+001
 6.9412899999994426E+000, 6.9412899999994426E+000,-1.0602487350732325E+001
 6.9422899999994430E+000, 6.9422899999994430E+000,-1.0602487350736249E+001
 6.9432899999994433E+000, 6.9432899999994433E+000,-1.0602487350730453E+001
 6.9442899999994436E+000, 6.9442899999994436E+000,-1.0602487350719777E+001
 6.9452899999994440E+000, 6.9452899999994440E+000,-1.0602487350722850E+001
 6.9462899999994443E+000, 6.9462899999994443E+000,-1.0602487350714210E+001
 6.9472899999994446E+000, 6.9472899999994446E+000,-1.0602487350717324E+001
 6.9482899999994450E+000, 6.9482899999994450E+000,-1.0602487350709719E+001
 6.9492899999994453E+000, 6.9492899999994453E+000,-1.0602487350710927E+001
 6.9502899999994456E+000, 6.9502899999994456E+000,-1.0602487350701495E+001
 6.9512899999994460E+000, 6.9512899999994460E+000,-1.0602487350697128E+001
 6.9522899999994463E+000, 6.9522899999994463E+000,-1.0602487350700368E+001
 6.9532899999994466E+000, 6.9532899999994466E+000,-1.0602487350700985E+001
 6.9542899999994470E+000, 6.9542899999994470E+000,-1.0602487350688680E+001
 6.9552899999994473E+000, 6.9552899999994473E+000,-1.0602487350686197E+001
 6.9562899999994476E+000, 6.9562899999994476E+000,-1.0602487350675599E+001
 6.9572899999994480E+000, 6.9572899999994480E+000,-1.0602487350685097E+001
 6.9582899999994483E+000, 6.9582899999994483E+000,-1.0602487350678544E+001
 6.9592899999994486E+000, 6.9592899999994486E+000,-1.0602487350671581E+001
 6.9602899999994490E+000, 6.9602899999994490E+000,-1.0602487350674750E+001
 6.9612899999994493E+000, 6.9612899999994493E+000,-1.0602487350665214E+001
 6.9622899999994496E+000, 6.9622899999994496E+000,-1.0602487350657274E+001
 6.9632899999994500E+000, 6.9632899999994500E+000,-1.0602487350652073E+001
 6.9642899999994503E+000, 6.9642899999994503E+000,-1.0602487350655277E+001
 6.9652899999994506E+000, 6.9652899999994506E+000,-1.0602487350654989E+001
 6.9662899999994510E+000, 6.9662899999994510E+000,-1.0602487350648193E+001
 6.9672899999994513E+000, 6.9672899999994513E+000,-1.0602487350648531E+001
 6.9682899999994516E+000, 6.9682899999994516E+000,-1.0602487350646374E+001
 6.9692899999994520E+000, 6.9692899999994520E+000,-1.0602487350645038E+001
 6.9702899999994523E+000, 6.9702899999994523E+000,-1.0602487350628071E+001
 6.9712899999994526E+000, 6.9712899999994526E+000,-1.0602487350638292E+001
 6.9722899999994530E+000, 6.9722899999994530E+000,-1.0602487350632657E+001
 6.9732899999994533E+000, 6.9732899999994533E+000,-1.0602487350630341E+001
 6.9742899999994536E+000, 6.9742899999994536E+000,-1.0602487350630801E+001
 6.9752899999994540E+000, 6.9752899999994540E+000,-1.0602487350612980E+001
 6.9762899999994543E+000, 6.9762899999994543E+000,-1.0602487350626900E+001
 6.9772899999994547E+000, 6.9772899999994547E+000,-1.0602487350622273E+001
 6.9782899999994550E+000, 6.9782899999994550E+000,-1.0602487350614464E+001
 6.9792899999994553E+000, 6.9792899999994553E+000,-1.0602487350608365E+001
 6.9802899999994557E+000, 6.9802899999994557E+000,-1.0602487350608714E+001
 6.9812899999994560E+000, 6.9812899999994560E+000,-1.0602487350606570E+001
 6.9822899999994563E+000, 6.9822899999994563E+000,-1.0602487350594192E+001
 6.9832899999994567E+000, 6.9832899999994567E+000,-1.0602487350598114E+001
 6.9842899999994570E+000, 6.9842899999994570E+000,-1.0602487350598739E+001
 6.9852899999994573E+000, 6.9852899999994573E+000,-1.0602487350585548E+001
 6.9862899999994577E+000, 6.9862899999994577E+000,-1.0602487350580194E+001
 6.9872899999994580E+000, 6.9872899999994580E+000,-1.0602487350572369E+001
 6.9882899999994583E+000, 6.9882899999994583E+000,-1.0602487350572684E+001
 6.9892899999994587E+000, 6.9892899999994587E+000,-1.0602487350560382E+001
 6.9902899999994590E+000, 6.9902899999994590E+000,-1.0602487350564301E+001
 6.9912899999994593E+000, 6.9912899999994593E+000,-1.0602487350560299E+001
 6.9922899999994597E+000, 6.9922899999994597E+000,-1.0602487350561750E+001
 6.9932899999994600E+000, 6.9932899999994600E+000,-1.0602487350565159E+001
 6.9942899999994603E+000, 6.9942899999994603E+000,-1.0602487350555617E+001
 6.9952899999994607E+000, 6.9952899999994607E+000,-1.0602487350547676E+001
 6.9962899999994610E+000, 6.9962899999994610E+000,-1.0602487350556192E+001
 6.9972899999994613E+000, 6.9972899999994613E+000,-1.0602487350546941E+001
 6.9982899999994617E+000, 6.9982899999994617E+000,-1.0602487350546316E+001
 6.9992899999994620E+000, 6.9992899999994620E+000,-1.0602487350538610E+001
 7.0002899999994623E+000, 7.0002899999994623E+000,-1.0602487350538032E+001
 7.0012899999994627E+000, 7.0012899999994627E+000,-1.0602487350532122E+001
 7.0022899999994630E+000, 7.0022899999994630E+000,-1.0602487350525172E+001
 7.0032899999994633E+000, 7.0032899999994633E+000,-1.0602487350519983E+001
 7.0042899999994637E+000, 7.0042899999994637E+000,-1.0602487350512167E+001
 7.0052899999994640E+000, 7.0052899999994640E+000,-1.0602487350517107E+001
 7.0062899999994643E+000, 7.0062899999994643E+000,-1.0602487350504916E+001
 7.0072899999994647E+000, 7.0072899999994647E+000,-1.0602487350509756E+001
 7.0082899999994650E+000, 7.0082899999994650E+000,-1.0602487350508602E+001
 7.0092899999994653E+000, 7.0092899999994653E+000,-1.0602487350498054E+001
 7.0102899999994657E+000, 7.0102899999994657E+000,-1.0602487350500240E+001
 7.0112899999994660E+000, 7.0112899999994660E+000,-1.0602487350503640E+001
 7.0122899999994663E+000, 7.0122899999994663E+000,-1.0602487350494101E+001
 7.0132899999994667E+000, 7.0132899999994667E+000,-1.0602487350491685E+001
 7.0142899999994670E+000, 7.0142899999994670E+000,-1.0602487350486612E+001
 7.0152899999994673E+000, 7.0152899999994673E+000,-1.0602487350484321E+001
 7.0162899999994677E+000, 7.0162899999994677E+000,-1.0602487350470007E+001
 7.0172899999994680E+000, 7.0172899999994680E+000,-1.0602487350478523E+001
 7.0182899999994683E+000, 7.0182899999994683E+000,-1.0602487350478350E+001
 7.0192899999994687E+000, 7.0192899999994687E+000,-1.0602487350472458E+001
 7.0202899999994690E+000, 7.0202899999994690E+000,-1.0602487350473860E+001
 7.0212899999994693E+000, 7.0212899999994693E+000,-1.0602487350465170E+001
 7.0222899999994697E+000, 7.0222899999994697E+000,-1.0602487350456357E+001
 7.0232899999994700E+000, 7.0232899999994700E+000,-1.0602487350450224E+001
 7.0242899999994703E+000, 7.0242899999994703E+000,-1.0602487350460734E+001
 7.0252899999994707E+000, 7.0252899999994707E+000,-1.0602487350453313E+001
 7.0262899999994710E+000, 7.0262899999994710E+000,-1.0602487350440807E+001
 7.0272899999994713E+000, 7.0272899999994713E+000,-1.0602487350435480E+001
 7.0282899999994717E+000, 7.0282899999994717E+000,-1.0602487350445106E+001
 7.0292899999994720E+000, 7.0292899999994720E+000,-1.0602487350433947E+001
 7.0302899999994724E+000, 7.0302899999994724E+000,-1.0602487350434174E+001
 7.0312899999994727E+000, 7.0312899999994727E+000,-1.0602487350431112E+001
 7.0322899999994730E+000, 7.0322899999994730E+000,-1.0602487350419617E+001
 7.0332899999994734E+000, 7.0332899999994734E+000,-1.0602487350424461E+001
 7.0342899999994737E+000, 7.0342899999994737E+000,-1.0602487350422420E+001
 7.0352899999994740E+000, 7.0352899999994740E+000,-1.0602487350417375E+001
 7.0362899999994744E+000, 7.0362899999994744E+000,-1.0602487350411335E+001
 7.0372899999994747E+000, 7.0372899999994747E+000,-1.0602487350413627E+001
 7.0382899999994750E+000, 7.0382899999994750E+000,-1.0602487350409589E+001
 7.0392899999994754E+000, 7.0392899999994754E+000,-1.0602487350407319E+001
 7.0402899999994757E+000, 7.0402899999994757E+000,-1.0602487350396727E+001
 7.0412899999994760E+000, 7.0412899999994760E+000,-1.0602487350398912E+001
 7.0422899999994764E+000, 7.0422899999994764E+000,-1.0602487350389342E+001
 7.0432899999994767E+000, 7.0432899999994767E+000,-1.0602487350375888E+001
 7.0442899999994770E+000, 7.0442899999994770E+000,-1.0602487350391717E+001
 7.0452899999994774E+000, 7.0452899999994774E+000,-1.0602487350386236E+001
 7.0462899999994777E+000, 7.0462899999994777E+000,-1.0602487350367365E+001
 7.0472899999994780E+000, 7.0472899999994780E+000,-1.0602487350375736E+001
 7.0482899999994784E+000, 7.0482899999994784E+000,-1.0602487350365436E+001
 7.0492899999994787E+000, 7.0492899999994787E+000,-1.0602487350369410E+001
 7.0502899999994790E+000, 7.0502899999994790E+000,-1.0602487350363623E+001
 7.0512899999994794E+000, 7.0512899999994794E+000,-1.0602487350351165E+001
 7.0522899999994797E+000, 7.0522899999994797E+000,-1.0602487350361494E+001
 7.0532899999994800E+000, 7.0532899999994800E+000,-1.0602487350349449E+001
 7.0542899999994804E+000, 7.0542899999994804E+000,-1.0602487350349655E+001
 7.0552899999994807E+000, 7.0552899999994807E+000,-1.0602487350341077E+001
 7.0562899999994810E+000, 7.0562899999994810E+000,-1.0602487350345989E+001
 7.0572899999994814E+000, 7.0572899999994814E+000,-1.0602487350333803E+001
 7.0582899999994817E+000, 7.0582899999994817E+000,-1.0602487350339530E+001
 7.0592899999994820E+000, 7.0592899999994820E+000,-1.0602487350326475E+001
 7.0602899999994824E+000, 7.0602899999994824E+000,-1.0602487350327545E+001
 7.0612899999994827E+000, 7.0612899999994827E+000,-1.0602487350314366E+001
 7.0622899999994830E+000, 7.0622899999994830E+000,-1.0602487350329307E+001
 7.0632899999994834E+000, 7.0632899999994834E+000,-1.0602487350318292E+001
 7.0642899999994837E+000, 7.0642899999994837E+000,-1.0602487350319407E+001
 7.0652899999994840E+000, 7.0652899999994840E+000,-1.0602487350304440E+001
 7.0662899999994844E+000, 7.0662899999994844E+000,-1.0602487350299050E+001
 7.0672899999994847E+000, 7.0672899999994847E+000,-1.0602487350308678E+001
 7.0682899999994850E+000, 7.0682899999994850E+000,-1.0602487350302141E+001
 7.0692899999994854E+000, 7.0692899999994854E+000,-1.0602487350301590E+001
 7.0702899999994857E+000, 7.0702899999994857E+000,-1.0602487350305811E+001
 7.0712899999994860E+000, 7.0712899999994860E+000,-1.0602487350294517E+001
 7.0722899999994864E+000, 7.0722899999994864E+000,-1.0602487350286532E+001
 7.0732899999994867E+000, 7.0732899999994867E+000,-1.0602487350291467E+001
 7.0742899999994870E+000, 7.0742899999994870E+000,-1.0602487350274659E+001
 7.0752899999994874E+000, 7.0752899999994874E+000,-1.0602487350278462E+001
 7.0762899999994877E+000, 7.0762899999994877E+000,-1.0602487350271774E+001
 7.0772899999994880E+000, 7.0772899999994880E+000,-1.0602487350271213E+001
 7.0782899999994884E+000, 7.0782899999994884E+000,-1.0602487350274567E+001
 7.0792899999994887E+000, 7.0792899999994887E+000,-1.0602487350268749E+001
 7.0802899999994890E+000, 7.0802899999994890E+000,-1.0602487350261798E+001
 7.0812899999994894E+000, 7.0812899999994894E+000,-1.0602487350251103E+001
 7.0822899999994897E+000, 7.0822899999994897E+000,-1.0602487350254165E+001
 7.0832899999994900E+000, 7.0832899999994900E+000,-1.0602487350250147E+001
 7.0842899999994904E+000, 7.0842899999994904E+000,-1.0602487350243244E+001
 7.0852899999994907E+000, 7.0852899999994907E+000,-1.0602487350242694E+001
 7.0862899999994911E+000, 7.0862899999994911E+000,-1.0602487350246033E+001
 7.0872899999994914E+000, 7.0872899999994914E+000,-1.0602487350235601E+001
 7.0882899999994917E+000, 7.0882899999994917E+000,-1.0602487350227641E+001
 7.0892899999994921E+000, 7.0892899999994921E+000,-1.0602487350227952E+001
 7.0902899999994924E+000, 7.0902899999994924E+000,-1.0602487350232192E+001
 7.0912899999994927E+000, 7.0912899999994927E+000,-1.0602487350224621E+001
 7.0922899999994931E+000, 7.0922899999994931E+000,-1.0602487350216750E+001
 7.0932899999994934E+000, 7.0932899999994934E+000,-1.0602487350217054E+001
 7.0942899999994937E+000, 7.0942899999994937E+000,-1.0602487350215792E+001
 7.0952899999994941E+000, 7.0952899999994941E+000,-1.0602487350209856E+001
 7.0962899999994944E+000, 7.0962899999994944E+000,-1.0602487350201116E+001
 7.0972899999994947E+000, 7.0972899999994947E+000,-1.0602487350206934E+001
 7.0982899999994951E+000, 7.0982899999994951E+000,-1.0602487350191936E+001
 7.0992899999994954E+000, 7.0992899999994954E+000,-1.0602487350194899E+001
 7.1002899999994957E+000, 7.1002899999994957E+000,-1.0602487350193703E+001
 7.1012899999994961E+000, 7.1012899999994961E+000,-1.0602487350182258E+001
 7.1022899999994964E+000, 7.1022899999994964E+000,-1.0602487350185303E+001
 7.1032899999994967E+000, 7.1032899999994967E+000,-1.0602487350178594E+001
 7.1042899999994971E+000, 7.1042899999994971E+000,-1.0602487350178031E+001
 7.1052899999994974E+000, 7.1052899999994974E+000,-1.0602487350178535E+001
 7.1062899999994977E+000, 7.1062899999994977E+000,-1.0602487350166236E+001
 7.1072899999994981E+000, 7.1072899999994981E+000,-1.0602487350170172E+001
 7.1082899999994984E+000, 7.1082899999994984E+000,-1.0602487350164372E+001
 7.1092899999994987E+000, 7.1092899999994987E+000,-1.0602487350162949E+001
 7.1102899999994991E+000, 7.1102899999994991E+000,-1.0602487350152392E+001
 7.1112899999994994E+000, 7.1112899999994994E+000,-1.0602487350155460E+001
 7.1122899999994997E+000, 7.1122899999994997E+000,-1.0602487350154275E+001
 7.1132899999995001E+000, 7.1132899999995001E+000,-1.0602487350148348E+001
 7.1142899999995004E+000, 7.1142899999995004E+000,-1.0602487350141406E+001
 7.1152899999995007E+000, 7.1152899999995007E+000,-1.0602487350140853E+001
 7.1162899999995011E+000, 7.1162899999995011E+000,-1.0602487350140443E+001
 7.1172899999995014E+000, 7.1172899999995014E+000,-1.0602487350133650E+001
 7.1182899999995017E+000, 7.1182899999995017E+000,-1.0602487350125790E+001
 7.1192899999995021E+000, 7.1192899999995021E+000,-1.0602487350121464E+001
 7.1202899999995024E+000, 7.1202899999995024E+000,-1.0602487350123807E+001
 7.1212899999995027E+000, 7.1212899999995027E+000,-1.0602487350118867E+001
 7.1222899999995031E+000, 7.1222899999995031E+000,-1.0602487350107323E+001
 7.1232899999995034E+000, 7.1232899999995034E+000,-1.0602487350110367E+001
 7.1242899999995037E+000, 7.1242899999995037E+000,-1.0602487350104562E+001
 7.1252899999995041E+000, 7.1252899999995041E+000,-1.0602487350109559E+001
 7.1262899999995044E+000, 7.1262899999995044E+000,-1.0602487350109300E+001
 7.1272899999995047E+000, 7.1272899999995047E+000,-1.0602487350110863E+001
 7.1282899999995051E+000, 7.1282899999995051E+000,-1.0602487350100379E+001
 7.1292899999995054E+000, 7.1292899999995054E+000,-1.0602487350093314E+001
 7.1302899999995057E+000, 7.1302899999995057E+000,-1.0602487350091852E+001
 7.1312899999995061E+000, 7.1312899999995061E+000,-1.0602487350087703E+001
 7.1322899999995064E+000, 7.1322899999995064E+000,-1.0602487350079018E+001
 7.1332899999995067E+000, 7.1332899999995067E+000,-1.0602487350080199E+001
 7.1342899999995071E+000, 7.1342899999995071E+000,-1.0602487350073433E+001
 7.1352899999995074E+000, 7.1352899999995074E+000,-1.0602487350072002E+001
 7.1362899999995077E+000, 7.1362899999995077E+000,-1.0602487350066063E+001
 7.1372899999995081E+000, 7.1372899999995081E+000,-1.0602487350070156E+001
 7.1382899999995084E+000, 7.1382899999995084E+000,-1.0602487350062578E+001
 7.1392899999995088E+000, 7.1392899999995088E+000,-1.0602487350066614E+001
 7.1402899999995091E+000, 7.1402899999995091E+000,-1.0602487350045163E+001
 7.1412899999995094E+000, 7.1412899999995094E+000,-1.0602487350055270E+001
 7.1422899999995098E+000, 7.1422899999995098E+000,-1.0602487350044115E+001
 7.1432899999995101E+000, 7.1432899999995101E+000,-1.0602487350043440E+001
 7.1442899999995104E+000, 7.1442899999995104E+000,-1.0602487350052307E+001
 7.1452899999995108E+000, 7.1452899999995108E+000,-1.0602487350029179E+001
 7.1462899999995111E+000, 7.1462899999995111E+000,-1.0602487350034620E+001
 7.1472899999995114E+000, 7.1472899999995114E+000,-1.0602487350033487E+001
 7.1482899999995118E+000, 7.1482899999995118E+000,-1.0602487350031282E+001
 7.1492899999995121E+000, 7.1492899999995121E+000,-1.0602487350030854E+001
 7.1502899999995124E+000, 7.1502899999995124E+000,-1.0602487350019427E+001
 7.1512899999995128E+000, 7.1512899999995128E+000,-1.0602487350027996E+001
 7.1522899999995131E+000, 7.1522899999995131E+000,-1.0602487350011282E+001
 7.1532899999995134E+000, 7.1532899999995134E+000,-1.0602487350010460E+001
 7.1542899999995138E+000, 7.1542899999995138E+000,-1.0602487350009175E+001
 7.1552899999995141E+000, 7.1552899999995141E+000,-1.0602487350003244E+001
 7.1562899999995144E+000, 7.1562899999995144E+000,-1.0602487350007335E+001
 7.1572899999995148E+000, 7.1572899999995148E+000,-1.0602487350000651E+001
 7.1582899999995151E+000, 7.1582899999995151E+000,-1.0602487349989060E+001
 7.1592899999995154E+000, 7.1592899999995154E+000,-1.0602487349982860E+001
 7.1602899999995158E+000, 7.1602899999995158E+000,-1.0602487349987843E+001
 7.1612899999995161E+000, 7.1612899999995161E+000,-1.0602487349981175E+001
 7.1622899999995164E+000, 7.1622899999995164E+000,-1.0602487349984351E+001
 7.1632899999995168E+000, 7.1632899999995168E+000,-1.0602487349984962E+001
 7.1642899999995171E+000, 7.1642899999995171E+000,-1.0602487349972659E+001
 7.1652899999995174E+000, 7.1652899999995174E+000,-1.0602487349975696E+001
 7.1662899999995178E+000, 7.1662899999995178E+000,-1.0602487349958835E+001
 7.1672899999995181E+000, 7.1672899999995181E+000,-1.0602487349969053E+001
 7.1682899999995184E+000, 7.1682899999995184E+000,-1.0602487349963429E+001
 7.1692899999995188E+000, 7.1692899999995188E+000,-1.0602487349956485E+001
 7.1702899999995191E+000, 7.1702899999995191E+000,-1.0602487349954139E+001
 7.1712899999995194E+000, 7.1712899999995194E+000,-1.0602487349948181E+001
 7.1722899999995198E+000, 7.1722899999995198E+000,-1.0602487349953158E+001
 7.1732899999995201E+000, 7.1732899999995201E+000,-1.0602487349940992E+001
 7.1742899999995204E+000, 7.1742899999995204E+000,-1.0602487349935666E+001
 7.1752899999995208E+000, 7.1752899999995208E+000,-1.0602487349938880E+001
 7.1762899999995211E+000, 7.1762899999995211E+000,-1.0602487349927543E+001
 7.1772899999995214E+000, 7.1772899999995214E+000,-1.0602487349925976E+001
 7.1782899999995218E+000, 7.1782899999995218E+000,-1.0602487349925557E+001
 7.1792899999995221E+000, 7.1792899999995221E+000,-1.0602487349930685E+001
 7.1802899999995224E+000, 7.1802899999995224E+000,-1.0602487349922237E+001
 7.1812899999995228E+000, 7.1812899999995228E+000,-1.0602487349912394E+001
 7.1822899999995231E+000, 7.1822899999995231E+000,-1.0602487349905335E+001
 7.1832899999995234E+000, 7.1832899999995234E+000,-1.0602487349909406E+001
 7.1842899999995238E+000, 7.1842899999995238E+000,-1.0602487349901830E+001
 7.1852899999995241E+000, 7.1852899999995241E+000,-1.0602487349898411E+001
 7.1862899999995244E+000, 7.1862899999995244E+000,-1.0602487349900784E+001
 7.1872899999995248E+000, 7.1872899999995248E+000,-1.0602487349894052E+001
 7.1882899999995251E+000, 7.1882899999995251E+000,-1.0602487349887973E+001
 7.1892899999995254E+000, 7.1892899999995254E+000,-1.0602487349880128E+001
 7.1902899999995258E+000, 7.1902899999995258E+000,-1.0602487349885960E+001
 7.1912899999995261E+000, 7.1912899999995261E+000,-1.0602487349885738E+001
 7.1922899999995265E+000, 7.1922899999995265E+000,-1.0602487349884465E+001
 7.1932899999995268E+000, 7.1932899999995268E+000,-1.0602487349876750E+001
 7.1942899999995271E+000, 7.1942899999995271E+000,-1.0602487349877954E+001
 7.1952899999995275E+000, 7.1952899999995275E+000,-1.0602487349864779E+001
 7.1962899999995278E+000, 7.1962899999995278E+000,-1.0602487349875100E+001
 7.1972899999995281E+000, 7.1972899999995281E+000,-1.0602487349856647E+001
 7.1982899999995285E+000, 7.1982899999995285E+000,-1.0602487349862194E+001
 7.1992899999995288E+000, 7.1992899999995288E+000,-1.0602487349849131E+001
 7.2002899999995291E+000, 7.2002899999995291E+000,-1.0602487349843784E+001
 7.2012899999995295E+000, 7.2012899999995295E+000,-1.0602487349847898E+001
 7.2022899999995298E+000, 7.2022899999995298E+000,-1.0602487349842102E+001
 7.2032899999995301E+000, 7.2032899999995301E+000,-1.0602487349840683E+001
 7.2042899999995305E+000, 7.2042899999995305E+000,-1.0602487349833858E+001
 7.2052899999995308E+000, 7.2052899999995308E+000,-1.0602487349827776E+001
 7.2062899999995311E+000, 7.2062899999995311E+000,-1.0602487349822606E+001
 7.2072899999995315E+000, 7.2072899999995315E+000,-1.0602487349837769E+001
 7.2082899999995318E+000, 7.2082899999995318E+000,-1.0602487349824967E+001
 7.2092899999995321E+000, 7.2092899999995321E+000,-1.0602487349824248E+001
 7.2102899999995325E+000, 7.2102899999995325E+000,-1.0602487349822969E+001
 7.2112899999995328E+000, 7.2112899999995328E+000,-1.0602487349805992E+001
 7.2122899999995331E+000, 7.2122899999995331E+000,-1.0602487349815306E+001
 7.2132899999995335E+000, 7.2132899999995335E+000,-1.0602487349810557E+001
 7.2142899999995338E+000, 7.2142899999995338E+000,-1.0602487349801848E+001
 7.2152899999995341E+000, 7.2152899999995341E+000,-1.0602487349794815E+001
 7.2162899999995345E+000, 7.2162899999995345E+000,-1.0602487349788737E+001
 7.2172899999995348E+000, 7.2172899999995348E+000,-1.0602487349794620E+001
 7.2182899999995351E+000, 7.2182899999995351E+000,-1.0602487349799921E+001
 7.2192899999995355E+000, 7.2192899999995355E+000,-1.0602487349781329E+001
 7.2202899999995358E+000, 7.2202899999995358E+000,-1.0602487349780468E+001
 7.2212899999995361E+000, 7.2212899999995361E+000,-1.0602487349779173E+001
 7.2222899999995365E+000, 7.2222899999995365E+000,-1.0602487349776972E+001
 7.2232899999995368E+000, 7.2232899999995368E+000,-1.0602487349771920E+001
 7.2242899999995371E+000, 7.2242899999995371E+000,-1.0602487349771401E+001
 7.2252899999995375E+000, 7.2252899999995375E+000,-1.0602487349776538E+001
 7.2262899999995378E+000, 7.2262899999995378E+000,-1.0602487349764356E+001
 7.2272899999995381E+000, 7.2272899999995381E+000,-1.0602487349751723E+001
 7.2282899999995385E+000, 7.2282899999995385E+000,-1.0602487349745491E+001
 7.2292899999995388E+000, 7.2292899999995388E+000,-1.0602487349755101E+001
 7.2302899999995391E+000, 7.2302899999995391E+000,-1.0602487349754075E+001
 7.2312899999995395E+000, 7.2312899999995395E+000,-1.0602487349753686E+001
 7.2322899999995398E+000, 7.2322899999995398E+000,-1.0602487349740461E+001
 7.2332899999995401E+000, 7.2332899999995401E+000,-1.0602487349732419E+001
 7.2342899999995405E+000, 7.2342899999995405E+000,-1.0602487349733627E+001
 7.2352899999995408E+000, 7.2352899999995408E+000,-1.0602487349726868E+001
 7.2362899999995411E+000, 7.2362899999995411E+000,-1.0602487349730039E+001
 7.2372899999995415E+000, 7.2372899999995415E+000,-1.0602487349714972E+001
 7.2382899999995418E+000, 7.2382899999995418E+000,-1.0602487349722560E+001
 7.2392899999995421E+000, 7.2392899999995421E+000,-1.0602487349723276E+001
 7.2402899999995425E+000, 7.2402899999995425E+000,-1.0602487349716506E+001
 7.2412899999995428E+000, 7.2412899999995428E+000,-1.0602487349710433E+001
 7.2422899999995431E+000, 7.2422899999995431E+000,-1.0602487349697958E+001
 7.2432899999995435E+000, 7.2432899999995435E+000,-1.0602487349699039E+001
 7.2442899999995438E+000, 7.2442899999995438E+000,-1.0602487349702429E+001
 7.2452899999995442E+000, 7.2452899999995442E+000,-1.0602487349694819E+001
 7.2462899999995445E+000, 7.2462899999995445E+000,-1.0602487349694256E+001
 7.2472899999995448E+000, 7.2472899999995448E+000,-1.0602487349682825E+001
 7.2482899999995452E+000, 7.2482899999995452E+000,-1.0602487349692286E+001
 7.2492899999995455E+000, 7.2492899999995455E+000,-1.0602487349691256E+001
 7.2502899999995458E+000, 7.2502899999995458E+000,-1.0602487349680718E+001
 7.2512899999995462E+000, 7.2512899999995462E+000,-1.0602487349684695E+001
 7.2522899999995465E+000, 7.2522899999995465E+000,-1.0602487349670698E+001
 7.2532899999995468E+000, 7.2532899999995468E+000,-1.0602487349671737E+001
 7.2542899999995472E+000, 7.2542899999995472E+000,-1.0602487349659450E+001
 7.2552899999995475E+000, 7.2552899999995475E+000,-1.0602487349663374E+001
 7.2562899999995478E+000, 7.2562899999995478E+000,-1.0602487349652957E+001
 7.2572899999995482E+000, 7.2572899999995482E+000,-1.0602487349655133E+001
 7.2582899999995485E+000, 7.2582899999995485E+000,-1.0602487349650183E+001
 7.2592899999995488E+000, 7.2592899999995488E+000,-1.0602487349648793E+001
 7.2602899999995492E+000, 7.2602899999995492E+000,-1.0602487349653899E+001
 7.2612899999995495E+000, 7.2612899999995495E+000,-1.0602487349645449E+001
 7.2622899999995498E+000, 7.2622899999995498E+000,-1.0602487349640226E+001
 7.2632899999995502E+000, 7.2632899999995502E+000,-1.0602487349640615E+001
 7.2642899999995505E+000, 7.2642899999995505E+000,-1.0602487349637567E+001
 7.2652899999995508E+000, 7.2652899999995508E+000,-1.0602487349631586E+001
 7.2662899999995512E+000, 7.2662899999995512E+000,-1.0602487349640310E+001
 7.2672899999995515E+000, 7.2672899999995515E+000,-1.0602487349618965E+001
 7.2682899999995518E+000, 7.2682899999995518E+000,-1.0602487349613400E+001
 7.2692899999995522E+000, 7.2692899999995522E+000,-1.0602487349612881E+001
 7.2702899999995525E+000, 7.2702899999995525E+000,-1.0602487349610692E+001
 7.2712899999995528E+000, 7.2712899999995528E+000,-1.0602487349604749E+001
 7.2722899999995532E+000, 7.2722899999995532E+000,-1.0602487349603315E+001
 7.2732899999995535E+000, 7.2732899999995535E+000,-1.0602487349602001E+001
 7.2742899999995538E+000, 7.2742899999995538E+000,-1.0602487349596968E+001
 7.2752899999995542E+000, 7.2752899999995542E+000,-1.0602487349601979E+001
 7.2762899999995545E+000, 7.2762899999995545E+000,-1.0602487349589794E+001
 7.2772899999995548E+000, 7.2772899999995548E+000,-1.0602487349587314E+001
 7.2782899999995552E+000, 7.2782899999995552E+000,-1.0602487349585083E+001
 7.2792899999995555E+000, 7.2792899999995555E+000,-1.0602487349586434E+001
 7.2802899999995558E+000, 7.2802899999995558E+000,-1.0602487349571472E+001
 7.2812899999995562E+000, 7.2812899999995562E+000,-1.0602487349566083E+001
 7.2822899999995565E+000, 7.2822899999995565E+000,-1.0602487349572881E+001
 7.2832899999995568E+000, 7.2832899999995568E+000,-1.0602487349563575E+001
 7.2842899999995572E+000, 7.2842899999995572E+000,-1.0602487349563852E+001
 7.2852899999995575E+000, 7.2852899999995575E+000,-1.0602487349567209E+001
 7.2862899999995578E+000, 7.2862899999995578E+000,-1.0602487349544843E+001
 7.2872899999995582E+000, 7.2872899999995582E+000,-1.0602487349549392E+001
 7.2882899999995585E+000, 7.2882899999995585E+000,-1.0602487349555561E+001
 7.2892899999995588E+000, 7.2892899999995588E+000,-1.0602487349555339E+001
 7.2902899999995592E+000, 7.2902899999995592E+000,-1.0602487349543015E+001
 7.2912899999995595E+000, 7.2912899999995595E+000,-1.0602487349542326E+001
 7.2922899999995598E+000, 7.2922899999995598E+000,-1.0602487349533714E+001
 7.2932899999995602E+000, 7.2932899999995602E+000,-1.0602487349526701E+001
 7.2942899999995605E+000, 7.2942899999995605E+000,-1.0602487349527035E+001
 7.2952899999995608E+000, 7.2952899999995608E+000,-1.0602487349515625E+001
 7.2962899999995612E+000, 7.2962899999995612E+000,-1.0602487349519583E+001
 7.2972899999995615E+000, 7.2972899999995615E+000,-1.0602487349523040E+001
 7.2982899999995619E+000, 7.2982899999995619E+000,-1.0602487349507975E+001
 7.2992899999995622E+000, 7.2992899999995622E+000,-1.0602487349501681E+001
 7.3002899999995625E+000, 7.3002899999995625E+000,-1.0602487349505772E+001
 7.3012899999995629E+000, 7.3012899999995629E+000,-1.0602487349492673E+001
 7.3022899999995632E+000, 7.3022899999995632E+000,-1.0602487349497464E+001
 7.3032899999995635E+000, 7.3032899999995635E+000,-1.0602487349496325E+001
 7.3042899999995639E+000, 7.3042899999995639E+000,-1.0602487349495910E+001
 7.3052899999995642E+000, 7.3052899999995642E+000,-1.0602487349495528E+001
 7.3062899999995645E+000, 7.3062899999995645E+000,-1.0602487349492456E+001
 7.3072899999995649E+000, 7.3072899999995649E+000,-1.0602487349486482E+001
 7.3082899999995652E+000, 7.3082899999995652E+000,-1.0602487349480420E+001
 7.3092899999995655E+000, 7.3092899999995655E+000,-1.0602487349489135E+001
 7.3102899999995659E+000, 7.3102899999995659E+000,-1.0602487349477958E+001
 7.3112899999995662E+000, 7.3112899999995662E+000,-1.0602487349470866E+001
 7.3122899999995665E+000, 7.3122899999995665E+000,-1.0602487349465687E+001
 7.3132899999995669E+000, 7.3132899999995669E+000,-1.0602487349465157E+001
 7.3142899999995672E+000, 7.3142899999995672E+000,-1.0602487349451046E+001
 7.3152899999995675E+000, 7.3152899999995675E+000,-1.0602487349461345E+001
 7.3162899999995679E+000, 7.3162899999995679E+000,-1.0602487349465866E+001
 7.3172899999995682E+000, 7.3172899999995682E+000,-1.0602487349443527E+001
 7.3182899999995685E+000, 7.3182899999995685E+000,-1.0602487349444347E+001
 7.3192899999995689E+000, 7.3192899999995689E+000,-1.0602487349446825E+001
 7.3202899999995692E+000, 7.3202899999995692E+000,-1.0602487349436368E+001
 7.3212899999995695E+000, 7.3212899999995695E+000,-1.0602487349428404E+001
 7.3222899999995699E+000, 7.3222899999995699E+000,-1.0602487349433346E+001
 7.3232899999995702E+000, 7.3232899999995702E+000,-1.0602487349426678E+001
 7.3242899999995705E+000, 7.3242899999995705E+000,-1.0602487349420606E+001
 7.3252899999995709E+000, 7.3252899999995709E+000,-1.0602487349420970E+001
 7.3262899999995712E+000, 7.3262899999995712E+000,-1.0602487349417922E+001
 7.3272899999995715E+000, 7.3272899999995715E+000,-1.0602487349419258E+001
 7.3282899999995719E+000, 7.3282899999995719E+000,-1.0602487349416219E+001
 7.3292899999995722E+000, 7.3292899999995722E+000,-1.0602487349419500E+001
 7.3302899999995725E+000, 7.3302899999995725E+000,-1.0602487349404432E+001
 7.3312899999995729E+000, 7.3312899999995729E+000,-1.0602487349398148E+001
 7.3322899999995732E+000, 7.3322899999995732E+000,-1.0602487349402221E+001
 7.3332899999995735E+000, 7.3332899999995735E+000,-1.0602487349390923E+001
 7.3342899999995739E+000, 7.3342899999995739E+000,-1.0602487349395759E+001
 7.3352899999995742E+000, 7.3352899999995742E+000,-1.0602487349398350E+001
 7.3362899999995745E+000, 7.3362899999995745E+000,-1.0602487349381484E+001
 7.3372899999995749E+000, 7.3372899999995749E+000,-1.0602487349375139E+001
 7.3382899999995752E+000, 7.3382899999995752E+000,-1.0602487349374586E+001
 7.3392899999995755E+000, 7.3392899999995755E+000,-1.0602487349374211E+001
 7.3402899999995759E+000, 7.3402899999995759E+000,-1.0602487349371129E+001
 7.3412899999995762E+000, 7.3412899999995762E+000,-1.0602487349364250E+001
 7.3422899999995765E+000, 7.3422899999995765E+000,-1.0602487349359970E+001
 7.3432899999995769E+000, 7.3432899999995769E+000,-1.0602487349353961E+001
 7.3442899999995772E+000, 7.3442899999995772E+000,-1.0602487349352531E+001
 7.3452899999995775E+000, 7.3452899999995775E+000,-1.0602487349355844E+001
 7.3462899999995779E+000, 7.3462899999995779E+000,-1.0602487349350927E+001
 7.3472899999995782E+000, 7.3472899999995782E+000,-1.0602487349348628E+001
 7.3482899999995785E+000, 7.3482899999995785E+000,-1.0602487349347307E+001
 7.3492899999995789E+000, 7.3492899999995789E+000,-1.0602487349335846E+001
 7.3502899999995792E+000, 7.3502899999995792E+000,-1.0602487349340695E+001
 7.3512899999995795E+000, 7.3512899999995795E+000,-1.0602487349322093E+001
 7.3522899999995799E+000, 7.3522899999995799E+000,-1.0602487349333170E+001
 7.3532899999995802E+000, 7.3532899999995802E+000,-1.0602487349331291E+001
 7.3542899999995806E+000, 7.3542899999995806E+000,-1.0602487349320723E+001
 7.3552899999995809E+000, 7.3552899999995809E+000,-1.0602487349312753E+001
 7.3562899999995812E+000, 7.3562899999995812E+000,-1.0602487349328731E+001
 7.3572899999995816E+000, 7.3572899999995816E+000,-1.0602487349305795E+001
 7.3582899999995819E+000, 7.3582899999995819E+000,-1.0602487349315854E+001
 7.3592899999995822E+000, 7.3592899999995822E+000,-1.0602487349315751E+001
 7.3602899999995826E+000, 7.3602899999995826E+000,-1.0602487349297009E+001
 7.3612899999995829E+000, 7.3612899999995829E+000,-1.0602487349302557E+001
 7.3622899999995832E+000, 7.3622899999995832E+000,-1.0602487349302329E+001
 7.3632899999995836E+000, 7.3632899999995836E+000,-1.0602487349293742E+001
 7.3642899999995839E+000, 7.3642899999995839E+000,-1.0602487349294927E+001
 7.3652899999995842E+000, 7.3652899999995842E+000,-1.0602487349292790E+001
 7.3662899999995846E+000, 7.3662899999995846E+000,-1.0602487349281315E+001
 7.3672899999995849E+000, 7.3672899999995849E+000,-1.0602487349275123E+001
 7.3682899999995852E+000, 7.3682899999995852E+000,-1.0602487349273694E+001
 7.3692899999995856E+000, 7.3692899999995856E+000,-1.0602487349262223E+001
 7.3702899999995859E+000, 7.3702899999995859E+000,-1.0602487349271691E+001
 7.3712899999995862E+000, 7.3712899999995862E+000,-1.0602487349270676E+001
 7.3722899999995866E+000, 7.3722899999995866E+000,-1.0602487349264752E+001
 7.3732899999995869E+000, 7.3732899999995869E+000,-1.0602487349263328E+001
 7.3742899999995872E+000, 7.3742899999995872E+000,-1.0602487349262020E+001
 7.3752899999995876E+000, 7.3752899999995876E+000,-1.0602487349256091E+001
 7.3762899999995879E+000, 7.3762899999995879E+000,-1.0602487349243621E+001
 7.3772899999995882E+000, 7.3772899999995882E+000,-1.0602487349247538E+001
 7.3782899999995886E+000, 7.3782899999995886E+000,-1.0602487349235330E+001
 7.3792899999995889E+000, 7.3792899999995889E+000,-1.0602487349235531E+001
 7.3802899999995892E+000, 7.3802899999995892E+000,-1.0602487349232474E+001
 7.3812899999995896E+000, 7.3812899999995896E+000,-1.0602487349226493E+001
 7.3822899999995899E+000, 7.3822899999995899E+000,-1.0602487349231481E+001
 7.3832899999995902E+000, 7.3832899999995902E+000,-1.0602487349220198E+001
 7.3842899999995906E+000, 7.3842899999995906E+000,-1.0602487349220411E+001
 7.3852899999995909E+000, 7.3852899999995909E+000,-1.0602487349223775E+001
 7.3862899999995912E+000, 7.3862899999995912E+000,-1.0602487349213343E+001
 7.3872899999995916E+000, 7.3872899999995916E+000,-1.0602487349210001E+001
 7.3882899999995919E+000, 7.3882899999995919E+000,-1.0602487349209536E+001
 7.3892899999995922E+000, 7.3892899999995922E+000,-1.0602487349192591E+001
 7.3902899999995926E+000, 7.3902899999995926E+000,-1.0602487349202816E+001
 7.3912899999995929E+000, 7.3912899999995929E+000,-1.0602487349195393E+001
 7.3922899999995932E+000, 7.3922899999995932E+000,-1.0602487349200334E+001
 7.3932899999995936E+000, 7.3932899999995936E+000,-1.0602487349189049E+001
 7.3942899999995939E+000, 7.3942899999995939E+000,-1.0602487349187486E+001
 7.3952899999995942E+000, 7.3952899999995942E+000,-1.0602487349175123E+001
 7.3962899999995946E+000, 7.3962899999995946E+000,-1.0602487349176222E+001
 7.3972899999995949E+000, 7.3972899999995949E+000,-1.0602487349174975E+001
 7.3982899999995952E+000, 7.3982899999995952E+000,-1.0602487349175611E+001
 7.3992899999995956E+000, 7.3992899999995956E+000,-1.0602487349160484E+001
 7.4002899999995959E+000, 7.4002899999995959E+000,-1.0602487349166122E+001
 7.4012899999995962E+000, 7.4012899999995962E+000,-1.0602487349164106E+001
 7.4022899999995966E+000, 7.4022899999995966E+000,-1.0602487349159054E+001
 7.4032899999995969E+000, 7.4032899999995969E+000,-1.0602487349162274E+001
 7.4042899999995972E+000, 7.4042899999995972E+000,-1.0602487349155565E+001
 7.4052899999995976E+000, 7.4052899999995976E+000,-1.0602487349148591E+001
 7.4062899999995979E+000, 7.4062899999995979E+000,-1.0602487349154448E+001
 7.4072899999995983E+000, 7.4072899999995983E+000,-1.0602487349146017E+001
 7.4082899999995986E+000, 7.4082899999995986E+000,-1.0602487349135275E+001
 7.4092899999995989E+000, 7.4092899999995989E+000,-1.0602487349133721E+001
 7.4102899999995993E+000, 7.4102899999995993E+000,-1.0602487349128669E+001
 7.4112899999995996E+000, 7.4112899999995996E+000,-1.0602487349132799E+001
 7.4122899999995999E+000, 7.4122899999995999E+000,-1.0602487349121485E+001
 7.4132899999996003E+000, 7.4132899999996003E+000,-1.0602487349109772E+001
 7.4142899999996006E+000, 7.4142899999996006E+000,-1.0602487349112815E+001
 7.4152899999996009E+000, 7.4152899999996009E+000,-1.0602487349107896E+001
 7.4162899999996013E+000, 7.4162899999996013E+000,-1.0602487349116648E+001
 7.4172899999996016E+000, 7.4172899999996016E+000,-1.0602487349104553E+001
 7.4182899999996019E+000, 7.4182899999996019E+000,-1.0602487349099249E+001
 7.4192899999996023E+000, 7.4192899999996023E+000,-1.0602487349091405E+001
 7.4202899999996026E+000, 7.4202899999996026E+000,-1.0602487349085305E+001
 7.4212899999996029E+000, 7.4212899999996029E+000,-1.0602487349105967E+001
 7.4222899999996033E+000, 7.4222899999996033E+000,-1.0602487349088667E+001
 7.4232899999996036E+000, 7.4232899999996036E+000,-1.0602487349083207E+001
 7.4242899999996039E+000, 7.4242899999996039E+000,-1.0602487349091946E+001
 7.4252899999996043E+000, 7.4252899999996043E+000,-1.0602487349079869E+001
 7.4262899999996046E+000, 7.4262899999996046E+000,-1.0602487349078277E+001
 7.4272899999996049E+000, 7.4272899999996049E+000,-1.0602487349078753E+001
 7.4282899999996053E+000, 7.4282899999996053E+000,-1.0602487349072867E+001
 7.4292899999996056E+000, 7.4292899999996056E+000,-1.0602487349070538E+001
 7.4302899999996059E+000, 7.4302899999996059E+000,-1.0602487349064585E+001
 7.4312899999996063E+000, 7.4312899999996063E+000,-1.0602487349053007E+001
 7.4322899999996066E+000, 7.4322899999996066E+000,-1.0602487349062482E+001
 7.4332899999996069E+000, 7.4332899999996069E+000,-1.0602487349051312E+001
 7.4342899999996073E+000, 7.4342899999996073E+000,-1.0602487349044221E+001
 7.4352899999996076E+000, 7.4352899999996076E+000,-1.0602487349049177E+001
 7.4362899999996079E+000, 7.4362899999996079E+000,-1.0602487349048037E+001
 7.4372899999996083E+000, 7.4372899999996083E+000,-1.0602487349041212E+001
 7.4382899999996086E+000, 7.4382899999996086E+000,-1.0602487349039775E+001
 7.4392899999996089E+000, 7.4392899999996089E+000,-1.0602487349037560E+001
 7.4402899999996093E+000, 7.4402899999996093E+000,-1.0602487349022347E+001
 7.4412899999996096E+000, 7.4412899999996096E+000,-1.0602487349027093E+001
 7.4422899999996099E+000, 7.4422899999996099E+000,-1.0602487349025957E+001
 7.4432899999996103E+000, 7.4432899999996103E+000,-1.0602487349024655E+001
 7.4442899999996106E+000, 7.4442899999996106E+000,-1.0602487349014094E+001
 7.4452899999996109E+000, 7.4452899999996109E+000,-1.0602487349006125E+001
 7.4462899999996113E+000, 7.4462899999996113E+000,-1.0602487349003752E+001
 7.4472899999996116E+000, 7.4472899999996116E+000,-1.0602487348998689E+001
 7.4482899999996119E+000, 7.4482899999996119E+000,-1.0602487349007442E+001
 7.4492899999996123E+000, 7.4492899999996123E+000,-1.0602487349001761E+001
 7.4502899999996126E+000, 7.4502899999996126E+000,-1.0602487349001237E+001
 7.4512899999996129E+000, 7.4512899999996129E+000,-1.0602487348990696E+001
 7.4522899999996133E+000, 7.4522899999996133E+000,-1.0602487348978116E+001
 7.4532899999996136E+000, 7.4532899999996136E+000,-1.0602487348985758E+001
 7.4542899999996139E+000, 7.4542899999996139E+000,-1.0602487348980960E+001
 7.4552899999996143E+000, 7.4552899999996143E+000,-1.0602487348968518E+001
 7.4562899999996146E+000, 7.4562899999996146E+000,-1.0602487348979750E+001
 7.4572899999996149E+000, 7.4572899999996149E+000,-1.0602487348972366E+001
 7.4582899999996153E+000, 7.4582899999996153E+000,-1.0602487348965374E+001
 7.4592899999996156E+000, 7.4592899999996156E+000,-1.0602487348964813E+001
 7.4602899999996160E+000, 7.4602899999996160E+000,-1.0602487348962631E+001
 7.4612899999996163E+000, 7.4612899999996163E+000,-1.0602487348951165E+001
 7.4622899999996166E+000, 7.4622899999996166E+000,-1.0602487348956899E+001
 7.4632899999996170E+000, 7.4632899999996170E+000,-1.0602487348945633E+001
 7.4642899999996173E+000, 7.4642899999996173E+000,-1.0602487348949580E+001
 7.4652899999996176E+000, 7.4652899999996176E+000,-1.0602487348931852E+001
 7.4662899999996180E+000, 7.4662899999996180E+000,-1.0602487348946678E+001
 7.4672899999996183E+000, 7.4672899999996183E+000,-1.0602487348940279E+001
 7.4682899999996186E+000, 7.4682899999996186E+000,-1.0602487348933309E+001
 7.4692899999996190E+000, 7.4692899999996190E+000,-1.0602487348932755E+001
 7.4702899999996193E+000, 7.4702899999996193E+000,-1.0602487348932364E+001
 7.4712899999996196E+000, 7.4712899999996196E+000,-1.0602487348931088E+001
 7.4722899999996200E+000, 7.4722899999996200E+000,-1.0602487348917840E+001
 7.4732899999996203E+000, 7.4732899999996203E+000,-1.0602487348913385E+001
 7.4742899999996206E+000, 7.4742899999996206E+000,-1.0602487348927665E+001
 7.4752899999996210E+000, 7.4752899999996210E+000,-1.0602487348910207E+001
 7.4762899999996213E+000, 7.4762899999996213E+000,-1.0602487348893701E+001
 7.4772899999996216E+000, 7.4772899999996216E+000,-1.0602487348904823E+001
 7.4782899999996220E+000, 7.4782899999996220E+000,-1.0602487348891017E+001
 7.4792899999996223E+000, 7.4792899999996223E+000,-1.0602487348905941E+001
 7.4802899999996226E+000, 7.4802899999996226E+000,-1.0602487348895814E+001
 7.4812899999996230E+000, 7.4812899999996230E+000,-1.0602487348883228E+001
 7.4822899999996233E+000, 7.4822899999996233E+000,-1.0602487348888054E+001
 7.4832899999996236E+000, 7.4832899999996236E+000,-1.0602487348881388E+001
 7.4842899999996240E+000, 7.4842899999996240E+000,-1.0602487348869790E+001
 7.4852899999996243E+000, 7.4852899999996243E+000,-1.0602487348873733E+001
 7.4862899999996246E+000, 7.4862899999996246E+000,-1.0602487348862422E+001
 7.4872899999996250E+000, 7.4872899999996250E+000,-1.0602487348859961E+001
 7.4882899999996253E+000, 7.4882899999996253E+000,-1.0602487348865935E+001
 7.4892899999996256E+000, 7.4892899999996256E+000,-1.0602487348858400E+001
 7.4902899999996260E+000, 7.4902899999996260E+000,-1.0602487348864244E+001
 7.4912899999996263E+000, 7.4912899999996263E+000,-1.0602487348854911E+001
 7.4922899999996266E+000, 7.4922899999996266E+000,-1.0602487348850568E+001
 7.4932899999996270E+000, 7.4932899999996270E+000,-1.0602487348850076E+001
 7.4942899999996273E+000, 7.4942899999996273E+000,-1.0602487348842375E+001
 7.4952899999996276E+000, 7.4952899999996276E+000,-1.0602487348841800E+001
 7.4962899999996280E+000, 7.4962899999996280E+000,-1.0602487348834991E+001
 7.4972899999996283E+000, 7.4972899999996283E+000,-1.0602487348839963E+001
 7.4982899999996286E+000, 7.4982899999996286E+000,-1.0602487348827774E+001
 7.4992899999996290E+000, 7.4992899999996290E+000,-1.0602487348822452E+001
 7.5002899999996293E+000, 7.5002899999996293E+000,-1.0602487348830289E+001
 7.5012899999996296E+000, 7.5012899999996296E+000,-1.0602487348814449E+001
 7.5022899999996300E+000, 7.5022899999996300E+000,-1.0602487348813661E+001
 7.5032899999996303E+000, 7.5032899999996303E+000,-1.0602487348812366E+001
 7.5042899999996306E+000, 7.5042899999996306E+000,-1.0602487348800924E+001
 7.5052899999996310E+000, 7.5052899999996310E+000,-1.0602487348815904E+001
 7.5062899999996313E+000, 7.5062899999996313E+000,-1.0602487348799359E+001
 7.5072899999996316E+000, 7.5072899999996316E+000,-1.0602487348793023E+001
 7.5082899999996320E+000, 7.5082899999996320E+000,-1.0602487348802621E+001
 7.5092899999996323E+000, 7.5092899999996323E+000,-1.0602487348784157E+001
 7.5102899999996326E+000, 7.5102899999996326E+000,-1.0602487348785090E+001
 7.5112899999996330E+000, 7.5112899999996330E+000,-1.0602487348782041E+001
 7.5122899999996333E+000, 7.5122899999996333E+000,-1.0602487348771444E+001
 7.5132899999996337E+000, 7.5132899999996337E+000,-1.0602487348781841E+001
 7.5142899999996340E+000, 7.5142899999996340E+000,-1.0602487348773524E+001
 7.5152899999996343E+000, 7.5152899999996343E+000,-1.0602487348778443E+001
 7.5162899999996347E+000, 7.5162899999996347E+000,-1.0602487348778197E+001
 7.5172899999996350E+000, 7.5172899999996350E+000,-1.0602487348764985E+001
 7.5182899999996353E+000, 7.5182899999996353E+000,-1.0602487348753225E+001
 7.5192899999996357E+000, 7.5192899999996357E+000,-1.0602487348754327E+001
 7.5202899999996360E+000, 7.5202899999996360E+000,-1.0602487348751296E+001
 7.5212899999996363E+000, 7.5212899999996363E+000,-1.0602487348749943E+001
 7.5222899999996367E+000, 7.5222899999996367E+000,-1.0602487348749523E+001
 7.5232899999996370E+000, 7.5232899999996370E+000,-1.0602487348747358E+001
 7.5242899999996373E+000, 7.5242899999996373E+000,-1.0602487348735885E+001
 7.5252899999996377E+000, 7.5252899999996377E+000,-1.0602487348731469E+001
 7.5262899999996380E+000, 7.5262899999996380E+000,-1.0602487348739329E+001
 7.5272899999996383E+000, 7.5272899999996383E+000,-1.0602487348729912E+001
 7.5282899999996387E+000, 7.5282899999996387E+000,-1.0602487348716455E+001
 7.5292899999996390E+000, 7.5292899999996390E+000,-1.0602487348725870E+001
 7.5302899999996393E+000, 7.5302899999996393E+000,-1.0602487348714712E+001
 7.5312899999996397E+000, 7.5312899999996397E+000,-1.0602487348718650E+001
 7.5322899999996400E+000, 7.5322899999996400E+000,-1.0602487348717496E+001
 7.5332899999996403E+000, 7.5332899999996403E+000,-1.0602487348705143E+001
 7.5342899999996407E+000, 7.5342899999996407E+000,-1.0602487348698922E+001
 7.5352899999996410E+000, 7.5352899999996410E+000,-1.0602487348704798E+001
 7.5362899999996413E+000, 7.5362899999996413E+000,-1.0602487348702793E+001
 7.5372899999996417E+000, 7.5372899999996417E+000,-1.0602487348697730E+001
 7.5382899999996420E+000, 7.5382899999996420E+000,-1.0602487348691710E+001
 7.5392899999996423E+000, 7.5392899999996423E+000,-1.0602487348694005E+001
 7.5402899999996427E+000, 7.5402899999996427E+000,-1.0602487348691900E+001
 7.5412899999996430E+000, 7.5412899999996430E+000,-1.0602487348676698E+001
 7.5422899999996433E+000, 7.5422899999996433E+000,-1.0602487348681432E+001
 7.5432899999996437E+000, 7.5432899999996437E+000,-1.0602487348668358E+001
 7.5442899999996440E+000, 7.5442899999996440E+000,-1.0602487348674046E+001
 7.5452899999996443E+000, 7.5452899999996443E+000,-1.0602487348666511E+001
 7.5462899999996447E+000, 7.5462899999996447E+000,-1.0602487348659526E+001
 7.5472899999996450E+000, 7.5472899999996450E+000,-1.0602487348660755E+001
 7.5482899999996453E+000, 7.5482899999996453E+000,-1.0602487348663255E+001
 7.5492899999996457E+000, 7.5492899999996457E+000,-1.0602487348650996E+001
 7.5502899999996460E+000, 7.5502899999996460E+000,-1.0602487348656705E+001
 7.5512899999996463E+000, 7.5512899999996463E+000,-1.0602487348650071E+001
 7.5522899999996467E+000, 7.5522899999996467E+000,-1.0602487348643111E+001
 7.5532899999996470E+000, 7.5532899999996470E+000,-1.0602487348643454E+001
 7.5542899999996473E+000, 7.5542899999996473E+000,-1.0602487348635760E+001
 7.5552899999996477E+000, 7.5552899999996477E+000,-1.0602487348635190E+001
 7.5562899999996480E+000, 7.5562899999996480E+000,-1.0602487348635691E+001
 7.5572899999996483E+000, 7.5572899999996483E+000,-1.0602487348622489E+001
 7.5582899999996487E+000, 7.5582899999996487E+000,-1.0602487348626392E+001
 7.5592899999996490E+000, 7.5592899999996490E+000,-1.0602487348621498E+001
 7.5602899999996493E+000, 7.5602899999996493E+000,-1.0602487348619196E+001
 7.5612899999996497E+000, 7.5612899999996497E+000,-1.0602487348612341E+001
 7.5622899999996500E+000, 7.5622899999996500E+000,-1.0602487348607175E+001
 7.5632899999996503E+000, 7.5632899999996503E+000,-1.0602487348612183E+001
 7.5642899999996507E+000, 7.5642899999996507E+000,-1.0602487348611035E+001
 7.5652899999996510E+000, 7.5652899999996510E+000,-1.0602487348596899E+001
 7.5662899999996514E+000, 7.5662899999996514E+000,-1.0602487348597055E+001
 7.5672899999996517E+000, 7.5672899999996517E+000,-1.0602487348596672E+001
 7.5682899999996520E+000, 7.5682899999996520E+000,-1.0602487348584356E+001
 7.5692899999996524E+000, 7.5692899999996524E+000,-1.0602487348581864E+001
 7.5702899999996527E+000, 7.5702899999996527E+000,-1.0602487348584109E+001
 7.5712899999996530E+000, 7.5712899999996530E+000,-1.0602487348584836E+001
 7.5722899999996534E+000, 7.5722899999996534E+000,-1.0602487348576123E+001
 7.5732899999996537E+000, 7.5732899999996537E+000,-1.0602487348578343E+001
 7.5742899999996540E+000, 7.5742899999996540E+000,-1.0602487348573408E+001
 7.5752899999996544E+000, 7.5752899999996544E+000,-1.0602487348555441E+001
 7.5762899999996547E+000, 7.5762899999996547E+000,-1.0602487348560119E+001
 7.5772899999996550E+000, 7.5772899999996550E+000,-1.0602487348552549E+001
 7.5782899999996554E+000, 7.5782899999996554E+000,-1.0602487348547346E+001
 7.5792899999996557E+000, 7.5792899999996557E+000,-1.0602487348556977E+001
 7.5802899999996560E+000, 7.5802899999996560E+000,-1.0602487348539398E+001
 7.5812899999996564E+000, 7.5812899999996564E+000,-1.0602487348544091E+001
 7.5822899999996567E+000, 7.5822899999996567E+000,-1.0602487348537410E+001
 7.5832899999996570E+000, 7.5832899999996570E+000,-1.0602487348543285E+001
 7.5842899999996574E+000, 7.5842899999996574E+000,-1.0602487348542159E+001
 7.5852899999996577E+000, 7.5852899999996577E+000,-1.0602487348534439E+001
 7.5862899999996580E+000, 7.5862899999996580E+000,-1.0602487348528349E+001
 7.5872899999996584E+000, 7.5872899999996584E+000,-1.0602487348532442E+001
 7.5882899999996587E+000, 7.5882899999996587E+000,-1.0602487348515602E+001
 7.5892899999996590E+000, 7.5892899999996590E+000,-1.0602487348513892E+001
 7.5902899999996594E+000, 7.5902899999996594E+000,-1.0602487348513469E+001
 7.5912899999996597E+000, 7.5912899999996597E+000,-1.0602487348518601E+001
 7.5922899999996600E+000, 7.5922899999996600E+000,-1.0602487348515687E+001
 7.5932899999996604E+000, 7.5932899999996604E+000,-1.0602487348505083E+001
 7.5942899999996607E+000, 7.5942899999996607E+000,-1.0602487348503530E+001
 7.5952899999996610E+000, 7.5952899999996610E+000,-1.0602487348503116E+001
 7.5962899999996614E+000, 7.5962899999996614E+000,-1.0602487348495409E+001
 7.5972899999996617E+000, 7.5972899999996617E+000,-1.0602487348493948E+001
 7.5982899999996620E+000, 7.5982899999996620E+000,-1.0602487348488893E+001
 7.5992899999996624E+000, 7.5992899999996624E+000,-1.0602487348481979E+001
 7.6002899999996627E+000, 7.6002899999996627E+000,-1.0602487348486044E+001
 7.6012899999996630E+000, 7.6012899999996630E+000,-1.0602487348471888E+001
 7.6022899999996634E+000, 7.6022899999996634E+000,-1.0602487348473080E+001
 7.6032899999996637E+000, 7.6032899999996637E+000,-1.0602487348473639E+001
 7.6042899999996640E+000, 7.6042899999996640E+000,-1.0602487348455808E+001
 7.6052899999996644E+000, 7.6052899999996644E+000,-1.0602487348465123E+001
 7.6062899999996647E+000, 7.6062899999996647E+000,-1.0602487348459469E+001
 7.6072899999996650E+000, 7.6072899999996650E+000,-1.0602487348454307E+001
 7.6082899999996654E+000, 7.6082899999996654E+000,-1.0602487348459317E+001
 7.6092899999996657E+000, 7.6092899999996657E+000,-1.0602487348450881E+001
 7.6102899999996660E+000, 7.6102899999996660E+000,-1.0602487348443857E+001
 7.6112899999996664E+000, 7.6112899999996664E+000,-1.0602487348447912E+001
 7.6122899999996667E+000, 7.6122899999996667E+000,-1.0602487348447646E+001
 7.6132899999996670E+000, 7.6132899999996670E+000,-1.0602487348440853E+001
 7.6142899999996674E+000, 7.6142899999996674E+000,-1.0602487348433881E+001
 7.6152899999996677E+000, 7.6152899999996677E+000,-1.0602487348427802E+001
 7.6162899999996680E+000, 7.6162899999996680E+000,-1.0602487348417119E+001
 7.6172899999996684E+000, 7.6172899999996684E+000,-1.0602487348421095E+001
 7.6182899999996687E+000, 7.6182899999996687E+000,-1.0602487348426344E+001
 7.6192899999996690E+000, 7.6192899999996690E+000,-1.0602487348419682E+001
 7.6202899999996694E+000, 7.6202899999996694E+000,-1.0602487348408088E+001
 7.6212899999996697E+000, 7.6212899999996697E+000,-1.0602487348415771E+001
 7.6222899999996701E+000, 7.6222899999996701E+000,-1.0602487348399034E+001
 7.6232899999996704E+000, 7.6232899999996704E+000,-1.0602487348403729E+001
 7.6242899999996707E+000, 7.6242899999996707E+000,-1.0602487348398846E+001
 7.6252899999996711E+000, 7.6252899999996711E+000,-1.0602487348400286E+001
 7.6262899999996714E+000, 7.6262899999996714E+000,-1.0602487348401734E+001
 7.6272899999996717E+000, 7.6272899999996717E+000,-1.0602487348383049E+001
 7.6282899999996721E+000, 7.6282899999996721E+000,-1.0602487348387704E+001
 7.6292899999996724E+000, 7.6292899999996724E+000,-1.0602487348370888E+001
 7.6302899999996727E+000, 7.6302899999996727E+000,-1.0602487348374696E+001
 7.6312899999996731E+000, 7.6312899999996731E+000,-1.0602487348368008E+001
 7.6322899999996734E+000, 7.6322899999996734E+000,-1.0602487348369234E+001
 7.6332899999996737E+000, 7.6332899999996737E+000,-1.0602487348365319E+001
 7.6342899999996741E+000, 7.6342899999996741E+000,-1.0602487348372149E+001
 7.6352899999996744E+000, 7.6352899999996744E+000,-1.0602487348359128E+001
 7.6362899999996747E+000, 7.6362899999996747E+000,-1.0602487348352874E+001
 7.6372899999996751E+000, 7.6372899999996751E+000,-1.0602487348346822E+001
 7.6382899999996754E+000, 7.6382899999996754E+000,-1.0602487348350007E+001
 7.6392899999996757E+000, 7.6392899999996757E+000,-1.0602487348345099E+001
 7.6402899999996761E+000, 7.6402899999996761E+000,-1.0602487348342807E+001
 7.6412899999996764E+000, 7.6412899999996764E+000,-1.0602487348338627E+001
 7.6422899999996767E+000, 7.6422899999996767E+000,-1.0602487348336357E+001
 7.6432899999996771E+000, 7.6432899999996771E+000,-1.0602487348325777E+001
 7.6442899999996774E+000, 7.6442899999996774E+000,-1.0602487348334373E+001
 7.6452899999996777E+000, 7.6452899999996777E+000,-1.0602487348334222E+001
 7.6462899999996781E+000, 7.6462899999996781E+000,-1.0602487348309966E+001
 7.6472899999996784E+000, 7.6472899999996784E+000,-1.0602487348319094E+001
 7.6482899999996787E+000, 7.6482899999996787E+000,-1.0602487348314337E+001
 7.6492899999996791E+000, 7.6492899999996791E+000,-1.0602487348317567E+001
 7.6502899999996794E+000, 7.6502899999996794E+000,-1.0602487348307132E+001
 7.6512899999996797E+000, 7.6512899999996797E+000,-1.0602487348300951E+001
 7.6522899999996801E+000, 7.6522899999996801E+000,-1.0602487348308768E+001
 7.6532899999996804E+000, 7.6532899999996804E+000,-1.0602487348303974E+001
 7.6542899999996807E+000, 7.6542899999996807E+000,-1.0602487348297055E+001
 7.6552899999996811E+000, 7.6552899999996811E+000,-1.0602487348302027E+001
 7.6562899999996814E+000, 7.6562899999996814E+000,-1.0602487348284324E+001
 7.6572899999996817E+000, 7.6572899999996817E+000,-1.0602487348286314E+001
 7.6582899999996821E+000, 7.6582899999996821E+000,-1.0602487348283161E+001
 7.6592899999996824E+000, 7.6592899999996824E+000,-1.0602487348276274E+001
 7.6602899999996827E+000, 7.6602899999996827E+000,-1.0602487348285869E+001
 7.6612899999996831E+000, 7.6612899999996831E+000,-1.0602487348265598E+001
 7.6622899999996834E+000, 7.6622899999996834E+000,-1.0602487348272897E+001
 7.6632899999996837E+000, 7.6632899999996837E+000,-1.0602487348265404E+001
 7.6642899999996841E+000, 7.6642899999996841E+000,-1.0602487348253781E+001
 7.6652899999996844E+000, 7.6652899999996844E+000,-1.0602487348258624E+001
 7.6662899999996847E+000, 7.6662899999996847E+000,-1.0602487348252856E+001
 7.6672899999996851E+000, 7.6672899999996851E+000,-1.0602487348240389E+001
 7.6682899999996854E+000, 7.6682899999996854E+000,-1.0602487348245209E+001
 7.6692899999996857E+000, 7.6692899999996857E+000,-1.0602487348239443E+001
 7.6702899999996861E+000, 7.6702899999996861E+000,-1.0602487348242633E+001
 7.6712899999996864E+000, 7.6712899999996864E+000,-1.0602487348229518E+001
 7.6722899999996867E+000, 7.6722899999996867E+000,-1.0602487348230589E+001
 7.6732899999996871E+000, 7.6732899999996871E+000,-1.0602487348229340E+001
 7.6742899999996874E+000, 7.6742899999996874E+000,-1.0602487348234446E+001
 7.6752899999996878E+000, 7.6752899999996878E+000,-1.0602487348230628E+001
 7.6762899999996881E+000, 7.6762899999996881E+000,-1.0602487348220905E+001
 7.6772899999996884E+000, 7.6772899999996884E+000,-1.0602487348221167E+001
 7.6782899999996888E+000, 7.6782899999996888E+000,-1.0602487348212591E+001
 7.6792899999996891E+000, 7.6792899999996891E+000,-1.0602487348201839E+001
 7.6802899999996894E+000, 7.6802899999996894E+000,-1.0602487348204907E+001
 7.6812899999996898E+000, 7.6812899999996898E+000,-1.0602487348199100E+001
 7.6822899999996901E+000, 7.6822899999996901E+000,-1.0602487348198562E+001
 7.6832899999996904E+000, 7.6832899999996904E+000,-1.0602487348196387E+001
 7.6842899999996908E+000, 7.6842899999996908E+000,-1.0602487348201473E+001
 7.6852899999996911E+000, 7.6852899999996911E+000,-1.0602487348189293E+001
 7.6862899999996914E+000, 7.6862899999996914E+000,-1.0602487348178455E+001
 7.6872899999996918E+000, 7.6872899999996918E+000,-1.0602487348177794E+001
 7.6882899999996921E+000, 7.6882899999996921E+000,-1.0602487348170976E+001
 7.6892899999996924E+000, 7.6892899999996924E+000,-1.0602487348174160E+001
 7.6902899999996928E+000, 7.6902899999996928E+000,-1.0602487348173874E+001
 7.6912899999996931E+000, 7.6912899999996931E+000,-1.0602487348167955E+001
 7.6922899999996934E+000, 7.6922899999996934E+000,-1.0602487348165640E+001
 7.6932899999996938E+000, 7.6932899999996938E+000,-1.0602487348155945E+001
 7.6942899999996941E+000, 7.6942899999996941E+000,-1.0602487348165463E+001
 7.6952899999996944E+000, 7.6952899999996944E+000,-1.0602487348147868E+001
 7.6962899999996948E+000, 7.6962899999996948E+000,-1.0602487348147047E+001
 7.6972899999996951E+000, 7.6972899999996951E+000,-1.0602487348145758E+001
 7.6982899999996954E+000, 7.6982899999996954E+000,-1.0602487348157274E+001
 7.6992899999996958E+000, 7.6992899999996958E+000,-1.0602487348143466E+001
 7.7002899999996961E+000, 7.7002899999996961E+000,-1.0602487348138109E+001
 7.7012899999996964E+000, 7.7012899999996964E+000,-1.0602487348130284E+001
 7.7022899999996968E+000, 7.7022899999996968E+000,-1.0602487348135220E+001
 7.7032899999996971E+000, 7.7032899999996971E+000,-1.0602487348129454E+001
 7.7042899999996974E+000, 7.7042899999996974E+000,-1.0602487348132648E+001
 7.7052899999996978E+000, 7.7052899999996978E+000,-1.0602487348115801E+001
 7.7062899999996981E+000, 7.7062899999996981E+000,-1.0602487348109467E+001
 7.7072899999996984E+000, 7.7072899999996984E+000,-1.0602487348117272E+001
 7.7082899999996988E+000, 7.7082899999996988E+000,-1.0602487348106063E+001
 7.7092899999996991E+000, 7.7092899999996991E+000,-1.0602487348106276E+001
 7.7102899999996994E+000, 7.7102899999996994E+000,-1.0602487348099501E+001
 7.7112899999996998E+000, 7.7112899999996998E+000,-1.0602487348103571E+001
 7.7122899999997001E+000, 7.7122899999997001E+000,-1.0602487348098670E+001
 7.7132899999997004E+000, 7.7132899999997004E+000,-1.0602487348086237E+001
 7.7142899999997008E+000, 7.7142899999997008E+000,-1.0602487348083731E+001
 7.7152899999997011E+000, 7.7152899999997011E+000,-1.0602487348088820E+001
 7.7162899999997014E+000, 7.7162899999997014E+000,-1.0602487348082157E+001
 7.7172899999997018E+000, 7.7172899999997018E+000,-1.0602487348071456E+001
 7.7182899999997021E+000, 7.7182899999997021E+000,-1.0602487348080953E+001
 7.7192899999997024E+000, 7.7192899999997024E+000,-1.0602487348068895E+001
 7.7202899999997028E+000, 7.7202899999997028E+000,-1.0602487348074609E+001
 7.7212899999997031E+000, 7.7212899999997031E+000,-1.0602487348067966E+001
 7.7222899999997034E+000, 7.7222899999997034E+000,-1.0602487348055478E+001
 7.7232899999997038E+000, 7.7232899999997038E+000,-1.0602487348064921E+001
 7.7242899999997041E+000, 7.7242899999997041E+000,-1.0602487348048223E+001
 7.7252899999997044E+000, 7.7252899999997044E+000,-1.0602487348055771E+001
 7.7262899999997048E+000, 7.7262899999997048E+000,-1.0602487348050969E+001
 7.7272899999997051E+000, 7.7272899999997051E+000,-1.0602487348044043E+001
 7.7282899999997055E+000, 7.7282899999997055E+000,-1.0602487348042599E+001
 7.7292899999997058E+000, 7.7292899999997058E+000,-1.0602487348031151E+001
 7.7302899999997061E+000, 7.7302899999997061E+000,-1.0602487348031355E+001
 7.7312899999997065E+000, 7.7312899999997065E+000,-1.0602487348030079E+001
 7.7322899999997068E+000, 7.7322899999997068E+000,-1.0602487348018638E+001
 7.7332899999997071E+000, 7.7332899999997071E+000,-1.0602487348028109E+001
 7.7342899999997075E+000, 7.7342899999997075E+000,-1.0602487348027093E+001
 7.7352899999997078E+000, 7.7352899999997078E+000,-1.0602487348020269E+001
 7.7362899999997081E+000, 7.7362899999997081E+000,-1.0602487348013302E+001
 7.7372899999997085E+000, 7.7372899999997085E+000,-1.0602487348011834E+001
 7.7382899999997088E+000, 7.7382899999997088E+000,-1.0602487347994856E+001
 7.7392899999997091E+000, 7.7392899999997091E+000,-1.0602487348011501E+001
 7.7402899999997095E+000, 7.7402899999997095E+000,-1.0602487348005138E+001
 7.7412899999997098E+000, 7.7412899999997098E+000,-1.0602487347998174E+001
 7.7422899999997101E+000, 7.7422899999997101E+000,-1.0602487347997634E+001
 7.7432899999997105E+000, 7.7432899999997105E+000,-1.0602487348000075E+001
 7.7442899999997108E+000, 7.7442899999997108E+000,-1.0602487347990508E+001
 7.7452899999997111E+000, 7.7452899999997111E+000,-1.0602487347990770E+001
 7.7462899999997115E+000, 7.7462899999997115E+000,-1.0602487347983988E+001
 7.7472899999997118E+000, 7.7472899999997118E+000,-1.0602487347982532E+001
 7.7482899999997121E+000, 7.7482899999997121E+000,-1.0602487347975705E+001
 7.7492899999997125E+000, 7.7492899999997125E+000,-1.0602487347973362E+001
 7.7502899999997128E+000, 7.7502899999997128E+000,-1.0602487347979340E+001
 7.7512899999997131E+000, 7.7512899999997131E+000,-1.0602487347966296E+001
 7.7522899999997135E+000, 7.7522899999997135E+000,-1.0602487347971081E+001
 7.7532899999997138E+000, 7.7532899999997138E+000,-1.0602487347952486E+001
 7.7542899999997141E+000, 7.7542899999997141E+000,-1.0602487347951620E+001
 7.7552899999997145E+000, 7.7552899999997145E+000,-1.0602487347955847E+001
 7.7562899999997148E+000, 7.7562899999997148E+000,-1.0602487347944553E+001
 7.7572899999997151E+000, 7.7572899999997151E+000,-1.0602487347938341E+001
 7.7582899999997155E+000, 7.7582899999997155E+000,-1.0602487347942439E+001
 7.7592899999997158E+000, 7.7592899999997158E+000,-1.0602487347937540E+001
 7.7602899999997161E+000, 7.7602899999997161E+000,-1.0602487347931508E+001
 7.7612899999997165E+000, 7.7612899999997165E+000,-1.0602487347930081E+001
 7.7622899999997168E+000, 7.7622899999997168E+000,-1.0602487347927884E+001
 7.7632899999997171E+000, 7.7632899999997171E+000,-1.0602487347927452E+001
 7.7642899999997175E+000, 7.7642899999997175E+000,-1.0602487347921539E+001
 7.7652899999997178E+000, 7.7652899999997178E+000,-1.0602487347914593E+001
 7.7662899999997181E+000, 7.7662899999997181E+000,-1.0602487347907612E+001
 7.7672899999997185E+000, 7.7672899999997185E+000,-1.0602487347907051E+001
 7.7682899999997188E+000, 7.7682899999997188E+000,-1.0602487347900249E+001
 7.7692899999997191E+000, 7.7692899999997191E+000,-1.0602487347899697E+001
 7.7702899999997195E+000, 7.7702899999997195E+000,-1.0602487347891991E+001
 7.7712899999997198E+000, 7.7712899999997198E+000,-1.0602487347886782E+001
 7.7722899999997201E+000, 7.7722899999997201E+000,-1.0602487347891795E+001
 7.7732899999997205E+000, 7.7732899999997205E+000,-1.0602487347895284E+001
 7.7742899999997208E+000, 7.7742899999997208E+000,-1.0602487347884846E+001
 7.7752899999997211E+000, 7.7752899999997211E+000,-1.0602487347892554E+001
 7.7762899999997215E+000, 7.7762899999997215E+000,-1.0602487347877606E+001
 7.7772899999997218E+000, 7.7772899999997218E+000,-1.0602487347875048E+001
 7.7782899999997221E+000, 7.7782899999997221E+000,-1.0602487347874597E+001
 7.7792899999997225E+000, 7.7792899999997225E+000,-1.0602487347866900E+001
 7.7802899999997228E+000, 7.7802899999997228E+000,-1.0602487347871847E+001
 7.7812899999997232E+000, 7.7812899999997232E+000,-1.0602487347860560E+001
 7.7822899999997235E+000, 7.7822899999997235E+000,-1.0602487347863621E+001
 7.7832899999997238E+000, 7.7832899999997238E+000,-1.0602487347859578E+001
 7.7842899999997242E+000, 7.7842899999997242E+000,-1.0602487347846267E+001
 7.7852899999997245E+000, 7.7852899999997245E+000,-1.0602487347855693E+001
 7.7862899999997248E+000, 7.7862899999997248E+000,-1.0602487347839009E+001
 7.7872899999997252E+000, 7.7872899999997252E+000,-1.0602487347838194E+001
 7.7882899999997255E+000, 7.7882899999997255E+000,-1.0602487347836906E+001
 7.7892899999997258E+000, 7.7892899999997258E+000,-1.0602487347836496E+001
 7.7902899999997262E+000, 7.7902899999997262E+000,-1.0602487347828795E+001
 7.7912899999997265E+000, 7.7912899999997265E+000,-1.0602487347822692E+001
 7.7922899999997268E+000, 7.7922899999997268E+000,-1.0602487347817522E+001
 7.7932899999997272E+000, 7.7932899999997272E+000,-1.0602487347811490E+001
 7.7942899999997275E+000, 7.7942899999997275E+000,-1.0602487347813801E+001
 7.7952899999997278E+000, 7.7952899999997278E+000,-1.0602487347812584E+001
 7.7962899999997282E+000, 7.7962899999997282E+000,-1.0602487347813071E+001
 7.7972899999997285E+000, 7.7972899999997285E+000,-1.0602487347806299E+001
 7.7982899999997288E+000, 7.7982899999997288E+000,-1.0602487347804846E+001
 7.7992899999997292E+000, 7.7992899999997292E+000,-1.0602487347809953E+001
 7.8002899999997295E+000, 7.8002899999997295E+000,-1.0602487347795979E+001
 7.8012899999997298E+000, 7.8012899999997298E+000,-1.0602487347790611E+001
 7.8022899999997302E+000, 7.8022899999997302E+000,-1.0602487347789200E+001
 7.8032899999997305E+000, 7.8032899999997305E+000,-1.0602487347784153E+001
 7.8042899999997308E+000, 7.8042899999997308E+000,-1.0602487347789173E+001
 7.8052899999997312E+000, 7.8052899999997312E+000,-1.0602487347787136E+001
 7.8062899999997315E+000, 7.8062899999997315E+000,-1.0602487347774765E+001
 7.8072899999997318E+000, 7.8072899999997318E+000,-1.0602487347763921E+001
 7.8082899999997322E+000, 7.8082899999997322E+000,-1.0602487347767887E+001
 7.8092899999997325E+000, 7.8092899999997325E+000,-1.0602487347765827E+001
 7.8102899999997328E+000, 7.8102899999997328E+000,-1.0602487347754352E+001
 7.8112899999997332E+000, 7.8112899999997332E+000,-1.0602487347754572E+001
 7.8122899999997335E+000, 7.8122899999997335E+000,-1.0602487347752405E+001
 7.8132899999997338E+000, 7.8132899999997338E+000,-1.0602487347751071E+001
 7.8142899999997342E+000, 7.8142899999997342E+000,-1.0602487347740514E+001
 7.8152899999997345E+000, 7.8152899999997345E+000,-1.0602487347755529E+001
 7.8162899999997348E+000, 7.8162899999997348E+000,-1.0602487347743622E+001
 7.8172899999997352E+000, 7.8172899999997352E+000,-1.0602487347736515E+001
 7.8182899999997355E+000, 7.8182899999997355E+000,-1.0602487347732211E+001
 7.8192899999997358E+000, 7.8192899999997358E+000,-1.0602487347728150E+001
 7.8202899999997362E+000, 7.8202899999997362E+000,-1.0602487347727664E+001
 7.8212899999997365E+000, 7.8212899999997365E+000,-1.0602487347722644E+001
 7.8222899999997368E+000, 7.8222899999997368E+000,-1.0602487347731394E+001
 7.8232899999997372E+000, 7.8232899999997372E+000,-1.0602487347720208E+001
 7.8242899999997375E+000, 7.8242899999997375E+000,-1.0602487347728784E+001
 7.8252899999997378E+000, 7.8252899999997378E+000,-1.0602487347718487E+001
 7.8262899999997382E+000, 7.8262899999997382E+000,-1.0602487347712312E+001
 7.8272899999997385E+000, 7.8272899999997385E+000,-1.0602487347705368E+001
 7.8282899999997388E+000, 7.8282899999997388E+000,-1.0602487347699288E+001
 7.8292899999997392E+000, 7.8292899999997392E+000,-1.0602487347692334E+001
 7.8302899999997395E+000, 7.8302899999997395E+000,-1.0602487347689978E+001
 7.8312899999997398E+000, 7.8312899999997398E+000,-1.0602487347679398E+001
 7.8322899999997402E+000, 7.8322899999997402E+000,-1.0602487347690673E+001
 7.8332899999997405E+000, 7.8332899999997405E+000,-1.0602487347682391E+001
 7.8342899999997409E+000, 7.8342899999997409E+000,-1.0602487347671655E+001
 7.8352899999997412E+000, 7.8352899999997412E+000,-1.0602487347675615E+001
 7.8362899999997415E+000, 7.8362899999997415E+000,-1.0602487347668930E+001
 7.8372899999997419E+000, 7.8372899999997419E+000,-1.0602487347661961E+001
 7.8382899999997422E+000, 7.8382899999997422E+000,-1.0602487347667815E+001
 7.8392899999997425E+000, 7.8392899999997425E+000,-1.0602487347667598E+001
 7.8402899999997429E+000, 7.8402899999997429E+000,-1.0602487347659912E+001
 7.8412899999997432E+000, 7.8412899999997432E+000,-1.0602487347664844E+001
 7.8422899999997435E+000, 7.8422899999997435E+000,-1.0602487347652666E+001
 7.8432899999997439E+000, 7.8432899999997439E+000,-1.0602487347651962E+001
 7.8442899999997442E+000, 7.8442899999997442E+000,-1.0602487347650680E+001
 7.8452899999997445E+000, 7.8452899999997445E+000,-1.0602487347638338E+001
 7.8462899999997449E+000, 7.8462899999997449E+000,-1.0602487347648667E+001
 7.8472899999997452E+000, 7.8472899999997452E+000,-1.0602487347634849E+001
 7.8482899999997455E+000, 7.8482899999997455E+000,-1.0602487347640517E+001
 7.8492899999997459E+000, 7.8492899999997459E+000,-1.0602487347629246E+001
 7.8502899999997462E+000, 7.8502899999997462E+000,-1.0602487347627685E+001
 7.8512899999997465E+000, 7.8512899999997465E+000,-1.0602487347615323E+001
 7.8522899999997469E+000, 7.8522899999997469E+000,-1.0602487347620148E+001
 7.8532899999997472E+000, 7.8532899999997472E+000,-1.0602487347624526E+001
 7.8542899999997475E+000, 7.8542899999997475E+000,-1.0602487347607697E+001
 7.8552899999997479E+000, 7.8552899999997479E+000,-1.0602487347600469E+001
 7.8562899999997482E+000, 7.8562899999997482E+000,-1.0602487347604526E+001
 7.8572899999997485E+000, 7.8572899999997485E+000,-1.0602487347598732E+001
 7.8582899999997489E+000, 7.8582899999997489E+000,-1.0602487347592682E+001
 7.8592899999997492E+000, 7.8592899999997492E+000,-1.0602487347591255E+001
 7.8602899999997495E+000, 7.8602899999997495E+000,-1.0602487347585313E+001
 7.8612899999997499E+000, 7.8612899999997499E+000,-1.0602487347579260E+001
 7.8622899999997502E+000, 7.8622899999997502E+000,-1.0602487347588873E+001
 7.8632899999997505E+000, 7.8632899999997505E+000,-1.0602487347582340E+001
 7.8642899999997509E+000, 7.8642899999997509E+000,-1.0602487347575366E+001
 7.8652899999997512E+000, 7.8652899999997512E+000,-1.0602487347568390E+001
 7.8662899999997515E+000, 7.8662899999997515E+000,-1.0602487347574254E+001
 7.8672899999997519E+000, 7.8672899999997519E+000,-1.0602487347572239E+001
 7.8682899999997522E+000, 7.8682899999997522E+000,-1.0602487347548841E+001
 7.8692899999997525E+000, 7.8692899999997525E+000,-1.0602487347560674E+001
 7.8702899999997529E+000, 7.8702899999997529E+000,-1.0602487347560615E+001
 7.8712899999997532E+000, 7.8712899999997532E+000,-1.0602487347552026E+001
 7.8722899999997535E+000, 7.8722899999997535E+000,-1.0602487347546788E+001
 7.8732899999997539E+000, 7.8732899999997539E+000,-1.0602487347540759E+001
 7.8742899999997542E+000, 7.8742899999997542E+000,-1.0602487347543960E+001
 7.8752899999997545E+000, 7.8752899999997545E+000,-1.0602487347544560E+001
 7.8762899999997549E+000, 7.8762899999997549E+000,-1.0602487347531365E+001
 7.8772899999997552E+000, 7.8772899999997552E+000,-1.0602487347535270E+001
 7.8782899999997555E+000, 7.8782899999997555E+000,-1.0602487347523949E+001
 7.8792899999997559E+000, 7.8792899999997559E+000,-1.0602487347517755E+001
 7.8802899999997562E+000, 7.8802899999997562E+000,-1.0602487347520947E+001
 7.8812899999997565E+000, 7.8812899999997565E+000,-1.0602487347516924E+001
 7.8822899999997569E+000, 7.8822899999997569E+000,-1.0602487347504516E+001
 7.8832899999997572E+000, 7.8832899999997572E+000,-1.0602487347507537E+001
 7.8842899999997575E+000, 7.8842899999997575E+000,-1.0602487347507250E+001
 7.8852899999997579E+000, 7.8852899999997579E+000,-1.0602487347501336E+001
 7.8862899999997582E+000, 7.8862899999997582E+000,-1.0602487347499913E+001
 7.8872899999997585E+000, 7.8872899999997585E+000,-1.0602487347505017E+001
 7.8882899999997589E+000, 7.8882899999997589E+000,-1.0602487347491948E+001
 7.8892899999997592E+000, 7.8892899999997592E+000,-1.0602487347479283E+001
 7.8902899999997596E+000, 7.8902899999997596E+000,-1.0602487347492294E+001
 7.8912899999997599E+000, 7.8912899999997599E+000,-1.0602487347488687E+001
 7.8922899999997602E+000, 7.8922899999997602E+000,-1.0602487347487324E+001
 7.8932899999997606E+000, 7.8932899999997606E+000,-1.0602487347470351E+001
 7.8942899999997609E+000, 7.8942899999997609E+000,-1.0602487347476842E+001
 7.8952899999997612E+000, 7.8952899999997612E+000,-1.0602487347469319E+001
 7.8962899999997616E+000, 7.8962899999997616E+000,-1.0602487347474264E+001
 7.8972899999997619E+000, 7.8972899999997619E+000,-1.0602487347460290E+001
 7.8982899999997622E+000, 7.8982899999997622E+000,-1.0602487347465971E+001
 7.8992899999997626E+000, 7.8992899999997626E+000,-1.0602487347454698E+001
 7.9002899999997629E+000, 7.9002899999997629E+000,-1.0602487347452229E+001
 7.9012899999997632E+000, 7.9012899999997632E+000,-1.0602487347451790E+001
 7.9022899999997636E+000, 7.9022899999997636E+000,-1.0602487347440361E+001
 7.9032899999997639E+000, 7.9032899999997639E+000,-1.0602487347444319E+001
 7.9042899999997642E+000, 7.9042899999997642E+000,-1.0602487347433890E+001
 7.9052899999997646E+000, 7.9052899999997646E+000,-1.0602487347427715E+001
 7.9062899999997649E+000, 7.9062899999997649E+000,-1.0602487347430912E+001
 7.9072899999997652E+000, 7.9072899999997652E+000,-1.0602487347435240E+001
 7.9082899999997656E+000, 7.9082899999997656E+000,-1.0602487347418414E+001
 7.9092899999997659E+000, 7.9092899999997659E+000,-1.0602487347427749E+001
 7.9102899999997662E+000, 7.9102899999997662E+000,-1.0602487347422095E+001
 7.9112899999997666E+000, 7.9112899999997666E+000,-1.0602487347408736E+001
 7.9122899999997669E+000, 7.9122899999997669E+000,-1.0602487347414430E+001
 7.9132899999997672E+000, 7.9132899999997672E+000,-1.0602487347407791E+001
 7.9142899999997676E+000, 7.9142899999997676E+000,-1.0602487347400817E+001
 7.9152899999997679E+000, 7.9152899999997679E+000,-1.0602487347399370E+001
 7.9162899999997682E+000, 7.9162899999997682E+000,-1.0602487347398057E+001
 7.9172899999997686E+000, 7.9172899999997686E+000,-1.0602487347393014E+001
 7.9182899999997689E+000, 7.9182899999997689E+000,-1.0602487347386994E+001
 7.9192899999997692E+000, 7.9192899999997692E+000,-1.0602487347390188E+001
 7.9202899999997696E+000, 7.9202899999997696E+000,-1.0602487347384374E+001
 7.9212899999997699E+000, 7.9212899999997699E+000,-1.0602487347387573E+001
 7.9222899999997702E+000, 7.9222899999997702E+000,-1.0602487347375343E+001
 7.9232899999997706E+000, 7.9232899999997706E+000,-1.0602487347365404E+001
 7.9242899999997709E+000, 7.9242899999997709E+000,-1.0602487347363862E+001
 7.9252899999997712E+000, 7.9252899999997712E+000,-1.0602487347363446E+001
 7.9262899999997716E+000, 7.9262899999997716E+000,-1.0602487347363059E+001
 7.9272899999997719E+000, 7.9272899999997719E+000,-1.0602487347361770E+001
 7.9282899999997722E+000, 7.9282899999997722E+000,-1.0602487347360482E+001
 7.9292899999997726E+000, 7.9292899999997726E+000,-1.0602487347359167E+001
 7.9302899999997729E+000, 7.9302899999997729E+000,-1.0602487347347704E+001
 7.9312899999997732E+000, 7.9312899999997732E+000,-1.0602487347347042E+001
 7.9322899999997736E+000, 7.9322899999997736E+000,-1.0602487347339336E+001
 7.9332899999997739E+000, 7.9332899999997739E+000,-1.0602487347338753E+001
 7.9342899999997742E+000, 7.9342899999997742E+000,-1.0602487347336567E+001
 7.9352899999997746E+000, 7.9352899999997746E+000,-1.0602487347341661E+001
 7.9362899999997749E+000, 7.9362899999997749E+000,-1.0602487347330374E+001
 7.9372899999997752E+000, 7.9372899999997752E+000,-1.0602487347328815E+001
 7.9382899999997756E+000, 7.9382899999997756E+000,-1.0602487347321976E+001
 7.9392899999997759E+000, 7.9392899999997759E+000,-1.0602487347327832E+001
 7.9402899999997762E+000, 7.9402899999997762E+000,-1.0602487347313872E+001
 7.9412899999997766E+000, 7.9412899999997766E+000,-1.0602487347307630E+001
 7.9422899999997769E+000, 7.9422899999997769E+000,-1.0602487347318117E+001
 7.9432899999997773E+000, 7.9432899999997773E+000,-1.0602487347306086E+001
 7.9442899999997776E+000, 7.9442899999997776E+000,-1.0602487347300764E+001
 7.9452899999997779E+000, 7.9452899999997779E+000,-1.0602487347299345E+001
 7.9462899999997783E+000, 7.9462899999997783E+000,-1.0602487347298045E+001
 7.9472899999997786E+000, 7.9472899999997786E+000,-1.0602487347292119E+001
 7.9482899999997789E+000, 7.9482899999997789E+000,-1.0602487347289781E+001
 7.9492899999997793E+000, 7.9492899999997793E+000,-1.0602487347284731E+001
 7.9502899999997796E+000, 7.9502899999997796E+000,-1.0602487347287955E+001
 7.9512899999997799E+000, 7.9512899999997799E+000,-1.0602487347282135E+001
 7.9522899999997803E+000, 7.9522899999997803E+000,-1.0602487347274302E+001
 7.9532899999997806E+000, 7.9532899999997806E+000,-1.0602487347270877E+001
 7.9542899999997809E+000, 7.9542899999997809E+000,-1.0602487347264892E+001
 7.9552899999997813E+000, 7.9552899999997813E+000,-1.0602487347257048E+001
 7.9562899999997816E+000, 7.9562899999997816E+000,-1.0602487347261093E+001
 7.9572899999997819E+000, 7.9572899999997819E+000,-1.0602487347259029E+001
 7.9582899999997823E+000, 7.9582899999997823E+000,-1.0602487347253083E+001
 7.9592899999997826E+000, 7.9592899999997826E+000,-1.0602487347253440E+001
 7.9602899999997829E+000, 7.9602899999997829E+000,-1.0602487347252175E+001
 7.9612899999997833E+000, 7.9612899999997833E+000,-1.0602487347245352E+001
 7.9622899999997836E+000, 7.9622899999997836E+000,-1.0602487347239277E+001
 7.9632899999997839E+000, 7.9632899999997839E+000,-1.0602487347237844E+001
 7.9642899999997843E+000, 7.9642899999997843E+000,-1.0602487347235641E+001
 7.9652899999997846E+000, 7.9652899999997846E+000,-1.0602487347225953E+001
 7.9662899999997849E+000, 7.9662899999997849E+000,-1.0602487347229049E+001
 7.9672899999997853E+000, 7.9672899999997853E+000,-1.0602487347223246E+001
 7.9682899999997856E+000, 7.9682899999997856E+000,-1.0602487347221818E+001
 7.9692899999997859E+000, 7.9692899999997859E+000,-1.0602487347208573E+001
 7.9702899999997863E+000, 7.9702899999997863E+000,-1.0602487347214256E+001
 7.9712899999997866E+000, 7.9712899999997866E+000,-1.0602487347213140E+001
 7.9722899999997869E+000, 7.9722899999997869E+000,-1.0602487347212726E+001
 7.9732899999997873E+000, 7.9732899999997873E+000,-1.0602487347200405E+001
 7.9742899999997876E+000, 7.9742899999997876E+000,-1.0602487347200608E+001
 7.9752899999997879E+000, 7.9752899999997879E+000,-1.0602487347192927E+001
 7.9762899999997883E+000, 7.9762899999997883E+000,-1.0602487347192344E+001
 7.9772899999997886E+000, 7.9772899999997886E+000,-1.0602487347197462E+001
 7.9782899999997889E+000, 7.9782899999997889E+000,-1.0602487347189912E+001
 7.9792899999997893E+000, 7.9792899999997893E+000,-1.0602487347185610E+001
 7.9802899999997896E+000, 7.9802899999997896E+000,-1.0602487347185129E+001
 7.9812899999997899E+000, 7.9812899999997899E+000,-1.0602487347171001E+001
 7.9822899999997903E+000, 7.9822899999997903E+000,-1.0602487347186822E+001
 7.9832899999997906E+000, 7.9832899999997906E+000,-1.0602487347168509E+001
 7.9842899999997909E+000, 7.9842899999997909E+000,-1.0602487347173183E+001
 7.9852899999997913E+000, 7.9852899999997913E+000,-1.0602487347156359E+001
 7.9862899999997916E+000, 7.9862899999997916E+000,-1.0602487347154641E+001
 7.9872899999997919E+000, 7.9872899999997919E+000,-1.0602487347164367E+001
 7.9882899999997923E+000, 7.9882899999997923E+000,-1.0602487347147681E+001
 7.9892899999997926E+000, 7.9892899999997926E+000,-1.0602487347152389E+001
 7.9902899999997929E+000, 7.9902899999997929E+000,-1.0602487347144830E+001
 7.9912899999997933E+000, 7.9912899999997933E+000,-1.0602487347138730E+001
 7.9922899999997936E+000, 7.9922899999997936E+000,-1.0602487347149232E+001
 7.9932899999997939E+000, 7.9932899999997939E+000,-1.0602487347131675E+001
 7.9942899999997943E+000, 7.9942899999997943E+000,-1.0602487347126225E+001
 7.9952899999997946E+000, 7.9952899999997946E+000,-1.0602487347123908E+001
 7.9962899999997950E+000, 7.9962899999997950E+000,-1.0602487347117950E+001
 7.9972899999997953E+000, 7.9972899999997953E+000,-1.0602487347122928E+001
 7.9982899999997956E+000, 7.9982899999997956E+000,-1.0602487347122693E+001
 7.9992899999997960E+000, 7.9992899999997960E+000,-1.0602487347114101E+001
 8.0002899999997954E+000, 8.0002899999997954E+000,-1.0602487347107981E+001
 8.0012899999997948E+000, 8.0012899999997948E+000,-1.0602487347097297E+001
 8.0022899999997943E+000, 8.0022899999997943E+000,-1.0602487347112303E+001
 8.0032899999997937E+000, 8.0032899999997937E+000,-1.0602487347093966E+001
 8.0042899999997932E+000, 8.0042899999997932E+000,-1.0602487347094907E+001
 8.0052899999997926E+000, 8.0052899999997926E+000,-1.0602487347097393E+001
 8.0062899999997921E+000, 8.0062899999997921E+000,-1.0602487347086036E+001
 8.0072899999997915E+000, 8.0072899999997915E+000,-1.0602487347089980E+001
 8.0082899999997910E+000, 8.0082899999997910E+000,-1.0602487347089710E+001
 8.0092899999997904E+000, 8.0092899999997904E+000,-1.0602487347072763E+001
 8.0102899999997899E+000, 8.0102899999997899E+000,-1.0602487347081199E+001
 8.0112899999997893E+000, 8.0112899999997893E+000,-1.0602487347075519E+001
 8.0122899999997887E+000, 8.0122899999997887E+000,-1.0602487347059320E+001
 8.0132899999997882E+000, 8.0132899999997882E+000,-1.0602487347064052E+001
 8.0142899999997876E+000, 8.0142899999997876E+000,-1.0602487347062004E+001
 8.0152899999997871E+000, 8.0152899999997871E+000,-1.0602487347065303E+001
 8.0162899999997865E+000, 8.0162899999997865E+000,-1.0602487347059487E+001
 8.0172899999997860E+000, 8.0172899999997860E+000,-1.0602487347053451E+001
 8.0182899999997854E+000, 8.0182899999997854E+000,-1.0602487347045598E+001
 8.0192899999997849E+000, 8.0192899999997849E+000,-1.0602487347039494E+001
 8.0202899999997843E+000, 8.0202899999997843E+000,-1.0602487347035229E+001
 8.0212899999997838E+000, 8.0212899999997838E+000,-1.0602487347038473E+001
 8.0222899999997832E+000, 8.0222899999997832E+000,-1.0602487347036373E+001
 8.0232899999997827E+000, 8.0232899999997827E+000,-1.0602487347035961E+001
 8.0242899999997821E+000, 8.0242899999997821E+000,-1.0602487347026322E+001
 8.0252899999997815E+000, 8.0252899999997815E+000,-1.0602487347017481E+001
 8.0262899999997810E+000, 8.0262899999997810E+000,-1.0602487347027903E+001
 8.0272899999997804E+000, 8.0272899999997804E+000,-1.0602487347015872E+001
 8.0282899999997799E+000, 8.0282899999997799E+000,-1.0602487347010563E+001
 8.0292899999997793E+000, 8.0292899999997793E+000,-1.0602487347007358E+001
 8.0302899999997788E+000, 8.0302899999997788E+000,-1.0602487346997652E+001
 8.0312899999997782E+000, 8.0312899999997782E+000,-1.0602487346994325E+001
 8.0322899999997777E+000, 8.0322899999997777E+000,-1.0602487347000285E+001
 8.0332899999997771E+000, 8.0332899999997771E+000,-1.0602487347004692E+001
 8.0342899999997766E+000, 8.0342899999997766E+000,-1.0602487347003533E+001
 8.0352899999997760E+000, 8.0352899999997760E+000,-1.0602487346992975E+001
 8.0362899999997754E+000, 8.0362899999997754E+000,-1.0602487346990547E+001
 8.0372899999997749E+000, 8.0372899999997749E+000,-1.0602487346978153E+001
 8.0382899999997743E+000, 8.0382899999997743E+000,-1.0602487346976558E+001
 8.0392899999997738E+000, 8.0392899999997738E+000,-1.0602487346977037E+001
 8.0402899999997732E+000, 8.0402899999997732E+000,-1.0602487346976671E+001
 8.0412899999997727E+000, 8.0412899999997727E+000,-1.0602487346958830E+001
 8.0422899999997721E+000, 8.0422899999997721E+000,-1.0602487346973648E+001
 8.0432899999997716E+000, 8.0432899999997716E+000,-1.0602487346968140E+001
 8.0442899999997710E+000, 8.0442899999997710E+000,-1.0602487346960309E+001
 8.0452899999997705E+000, 8.0452899999997705E+000,-1.0602487346955098E+001
 8.0462899999997699E+000, 8.0462899999997699E+000,-1.0602487346949070E+001
 8.0472899999997693E+000, 8.0472899999997693E+000,-1.0602487346952270E+001
 8.0482899999997688E+000, 8.0482899999997688E+000,-1.0602487346942718E+001
 8.0492899999997682E+000, 8.0492899999997682E+000,-1.0602487346945825E+001
 8.0502899999997677E+000, 8.0502899999997677E+000,-1.0602487346944638E+001
 8.0512899999997671E+000, 8.0512899999997671E+000,-1.0602487346938705E+001
 8.0522899999997666E+000, 8.0522899999997666E+000,-1.0602487346936380E+001
 8.0532899999997660E+000, 8.0532899999997660E+000,-1.0602487346924907E+001
 8.0542899999997655E+000, 8.0542899999997655E+000,-1.0602487346913186E+001
 8.0552899999997649E+000, 8.0552899999997649E+000,-1.0602487346928163E+001
 8.0562899999997644E+000, 8.0562899999997644E+000,-1.0602487346912522E+001
 8.0572899999997638E+000, 8.0572899999997638E+000,-1.0602487346909047E+001
 8.0582899999997633E+000, 8.0582899999997633E+000,-1.0602487346908578E+001
 8.0592899999997627E+000, 8.0592899999997627E+000,-1.0602487346908188E+001
 8.0602899999997621E+000, 8.0602899999997621E+000,-1.0602487346901377E+001
 8.0612899999997616E+000, 8.0612899999997616E+000,-1.0602487346906347E+001
 8.0622899999997610E+000, 8.0622899999997610E+000,-1.0602487346894167E+001
 8.0632899999997605E+000, 8.0632899999997605E+000,-1.0602487346898098E+001
 8.0642899999997599E+000, 8.0642899999997599E+000,-1.0602487346892303E+001
 8.0652899999997594E+000, 8.0652899999997594E+000,-1.0602487346889989E+001
 8.0662899999997588E+000, 8.0662899999997588E+000,-1.0602487346883137E+001
 8.0672899999997583E+000, 8.0672899999997583E+000,-1.0602487346877956E+001
 8.0682899999997577E+000, 8.0682899999997577E+000,-1.0602487346882061E+001
 8.0692899999997572E+000, 8.0692899999997572E+000,-1.0602487346877172E+001
 8.0702899999997566E+000, 8.0702899999997566E+000,-1.0602487346873975E+001
 8.0712899999997560E+000, 8.0712899999997560E+000,-1.0602487346859636E+001
 8.0722899999997555E+000, 8.0722899999997555E+000,-1.0602487346851579E+001
 8.0732899999997549E+000, 8.0732899999997549E+000,-1.0602487346856510E+001
 8.0742899999997544E+000, 8.0742899999997544E+000,-1.0602487346856270E+001
 8.0752899999997538E+000, 8.0752899999997538E+000,-1.0602487346855879E+001
 8.0762899999997533E+000, 8.0762899999997533E+000,-1.0602487346859224E+001
 8.0772899999997527E+000, 8.0772899999997527E+000,-1.0602487346847003E+001
 8.0782899999997522E+000, 8.0782899999997522E+000,-1.0602487346845411E+001
 8.0792899999997516E+000, 8.0792899999997516E+000,-1.0602487346851397E+001
 8.0802899999997511E+000, 8.0802899999997511E+000,-1.0602487346839245E+001
 8.0812899999997505E+000, 8.0812899999997505E+000,-1.0602487346837663E+001
 8.0822899999997500E+000, 8.0822899999997500E+000,-1.0602487346830827E+001
 8.0832899999997494E+000, 8.0832899999997494E+000,-1.0602487346834002E+001
 8.0842899999997488E+000, 8.0842899999997488E+000,-1.0602487346818929E+001
 8.0852899999997483E+000, 8.0852899999997483E+000,-1.0602487346822789E+001
 8.0862899999997477E+000, 8.0862899999997477E+000,-1.0602487346816106E+001
 8.0872899999997472E+000, 8.0872899999997472E+000,-1.0602487346815542E+001
 8.0882899999997466E+000, 8.0882899999997466E+000,-1.0602487346802320E+001
 8.0892899999997461E+000, 8.0892899999997461E+000,-1.0602487346803391E+001
 8.0902899999997455E+000, 8.0902899999997455E+000,-1.0602487346811390E+001
 8.0912899999997450E+000, 8.0912899999997450E+000,-1.0602487346793769E+001
 8.0922899999997444E+000, 8.0922899999997444E+000,-1.0602487346799359E+001
 8.0932899999997439E+000, 8.0932899999997439E+000,-1.0602487346792701E+001
 8.0942899999997433E+000, 8.0942899999997433E+000,-1.0602487346791250E+001
 8.0952899999997427E+000, 8.0952899999997427E+000,-1.0602487346787107E+001
 8.0962899999997422E+000, 8.0962899999997422E+000,-1.0602487346772895E+001
 8.0972899999997416E+000, 8.0972899999997416E+000,-1.0602487346783196E+001
 8.0982899999997411E+000, 8.0982899999997411E+000,-1.0602487346765628E+001
 8.0992899999997405E+000, 8.0992899999997405E+000,-1.0602487346754645E+001
 8.1002899999997400E+000, 8.1002899999997400E+000,-1.0602487346762338E+001
 8.1012899999997394E+000, 8.1012899999997394E+000,-1.0602487346772312E+001
 8.1022899999997389E+000, 8.1022899999997389E+000,-1.0602487346762935E+001
 8.1032899999997383E+000, 8.1032899999997383E+000,-1.0602487346759638E+001
 8.1042899999997378E+000, 8.1042899999997378E+000,-1.0602487346752755E+001
 8.1052899999997372E+000, 8.1052899999997372E+000,-1.0602487346753993E+001
 8.1062899999997367E+000, 8.1062899999997367E+000,-1.0602487346747230E+001
 8.1072899999997361E+000, 8.1072899999997361E+000,-1.0602487346751289E+001
 8.1082899999997355E+000, 8.1082899999997355E+000,-1.0602487346739096E+001
 8.1092899999997350E+000, 8.1092899999997350E+000,-1.0602487346732879E+001
 8.1102899999997344E+000, 8.1102899999997344E+000,-1.0602487346738762E+001
 8.1112899999997339E+000, 8.1112899999997339E+000,-1.0602487346730323E+001
 8.1122899999997333E+000, 8.1122899999997333E+000,-1.0602487346725106E+001
 8.1132899999997328E+000, 8.1132899999997328E+000,-1.0602487346727418E+001
 8.1142899999997322E+000, 8.1142899999997322E+000,-1.0602487346718750E+001
 8.1152899999997317E+000, 8.1152899999997317E+000,-1.0602487346716359E+001
 8.1162899999997311E+000, 8.1162899999997311E+000,-1.0602487346715911E+001
 8.1172899999997306E+000, 8.1172899999997306E+000,-1.0602487346713747E+001
 8.1182899999997300E+000, 8.1182899999997300E+000,-1.0602487346712415E+001
 8.1192899999997294E+000, 8.1192899999997294E+000,-1.0602487346701849E+001
 8.1202899999997289E+000, 8.1202899999997289E+000,-1.0602487346705830E+001
 8.1212899999997283E+000, 8.1212899999997283E+000,-1.0602487346705555E+001
 8.1222899999997278E+000, 8.1222899999997278E+000,-1.0602487346686816E+001
 8.1232899999997272E+000, 8.1232899999997272E+000,-1.0602487346693255E+001
 8.1242899999997267E+000, 8.1242899999997267E+000,-1.0602487346684837E+001
 8.1252899999997261E+000, 8.1252899999997261E+000,-1.0602487346683354E+001
 8.1262899999997256E+000, 8.1262899999997256E+000,-1.0602487346678318E+001
 8.1272899999997250E+000, 8.1272899999997250E+000,-1.0602487346672284E+001
 8.1282899999997245E+000, 8.1282899999997245E+000,-1.0602487346674575E+001
 8.1292899999997239E+000, 8.1292899999997239E+000,-1.0602487346668749E+001
 8.1302899999997233E+000, 8.1302899999997233E+000,-1.0602487346663594E+001
 8.1312899999997228E+000, 8.1312899999997228E+000,-1.0602487346663079E+001
 8.1322899999997222E+000, 8.1322899999997222E+000,-1.0602487346661801E+001
 8.1332899999997217E+000, 8.1332899999997217E+000,-1.0602487346654069E+001
 8.1342899999997211E+000, 8.1342899999997211E+000,-1.0602487346654392E+001
 8.1352899999997206E+000, 8.1352899999997206E+000,-1.0602487346649390E+001
 8.1362899999997200E+000, 8.1362899999997200E+000,-1.0602487346646200E+001
 8.1372899999997195E+000, 8.1372899999997195E+000,-1.0602487346641119E+001
 8.1382899999997189E+000, 8.1382899999997189E+000,-1.0602487346632394E+001
 8.1392899999997184E+000, 8.1392899999997184E+000,-1.0602487346633581E+001
 8.1402899999997178E+000, 8.1402899999997178E+000,-1.0602487346636973E+001
 8.1412899999997173E+000, 8.1412899999997173E+000,-1.0602487346624756E+001
 8.1422899999997167E+000, 8.1422899999997167E+000,-1.0602487346624050E+001
 8.1432899999997161E+000, 8.1432899999997161E+000,-1.0602487346613504E+001
 8.1442899999997156E+000, 8.1442899999997156E+000,-1.0602487346617478E+001
 8.1452899999997150E+000, 8.1452899999997150E+000,-1.0602487346611682E+001
 8.1462899999997145E+000, 8.1462899999997145E+000,-1.0602487346598322E+001
 8.1472899999997139E+000, 8.1472899999997139E+000,-1.0602487346613261E+001
 8.1482899999997134E+000, 8.1482899999997134E+000,-1.0602487346590301E+001
 8.1492899999997128E+000, 8.1492899999997128E+000,-1.0602487346603048E+001
 8.1502899999997123E+000, 8.1502899999997123E+000,-1.0602487346600325E+001
 8.1512899999997117E+000, 8.1512899999997117E+000,-1.0602487346597197E+001
 8.1522899999997112E+000, 8.1522899999997112E+000,-1.0602487346586592E+001
 8.1532899999997106E+000, 8.1532899999997106E+000,-1.0602487346590546E+001
 8.1542899999997100E+000, 8.1542899999997100E+000,-1.0602487346589392E+001
 8.1552899999997095E+000, 8.1552899999997095E+000,-1.0602487346577943E+001
 8.1562899999997089E+000, 8.1562899999997089E+000,-1.0602487346577263E+001
 8.1572899999997084E+000, 8.1572899999997084E+000,-1.0602487346575076E+001
 8.1582899999997078E+000, 8.1582899999997078E+000,-1.0602487346564496E+001
 8.1592899999997073E+000, 8.1592899999997073E+000,-1.0602487346562947E+001
 8.1602899999997067E+000, 8.1602899999997067E+000,-1.0602487346567159E+001
 8.1612899999997062E+000, 8.1612899999997062E+000,-1.0602487346567788E+001
 8.1622899999997056E+000, 8.1622899999997056E+000,-1.0602487346553698E+001
 8.1632899999997051E+000, 8.1632899999997051E+000,-1.0602487346552957E+001
 8.1642899999997045E+000, 8.1642899999997045E+000,-1.0602487346547033E+001
 8.1652899999997040E+000, 8.1652899999997040E+000,-1.0602487346547399E+001
 8.1662899999997034E+000, 8.1662899999997034E+000,-1.0602487346546141E+001
 8.1672899999997028E+000, 8.1672899999997028E+000,-1.0602487346537515E+001
 8.1682899999997023E+000, 8.1682899999997023E+000,-1.0602487346532296E+001
 8.1692899999997017E+000, 8.1692899999997017E+000,-1.0602487346530882E+001
 8.1702899999997012E+000, 8.1702899999997012E+000,-1.0602487346536890E+001
 8.1712899999997006E+000, 8.1712899999997006E+000,-1.0602487346525628E+001
 8.1722899999997001E+000, 8.1722899999997001E+000,-1.0602487346533310E+001
 8.1732899999996995E+000, 8.1732899999996995E+000,-1.0602487346517460E+001
 8.1742899999996990E+000, 8.1742899999996990E+000,-1.0602487346516671E+001
 8.1752899999996984E+000, 8.1752899999996984E+000,-1.0602487346508971E+001
 8.1762899999996979E+000, 8.1762899999996979E+000,-1.0602487346498247E+001
 8.1772899999996973E+000, 8.1772899999996973E+000,-1.0602487346502214E+001
 8.1782899999996967E+000, 8.1782899999996967E+000,-1.0602487346500148E+001
 8.1792899999996962E+000, 8.1792899999996962E+000,-1.0602487346488676E+001
 8.1802899999996956E+000, 8.1802899999996956E+000,-1.0602487346504558E+001
 8.1812899999996951E+000, 8.1812899999996951E+000,-1.0602487346486242E+001
 8.1822899999996945E+000, 8.1822899999996945E+000,-1.0602487346486281E+001
 8.1832899999996940E+000, 8.1832899999996940E+000,-1.0602487346490534E+001
 8.1842899999996934E+000, 8.1842899999996934E+000,-1.0602487346479229E+001
 8.1852899999996929E+000, 8.1852899999996929E+000,-1.0602487346473030E+001
 8.1862899999996923E+000, 8.1862899999996923E+000,-1.0602487346471605E+001
 8.1872899999996918E+000, 8.1872899999996918E+000,-1.0602487346474915E+001
 8.1882899999996912E+000, 8.1882899999996912E+000,-1.0602487346458961E+001
 8.1892899999996907E+000, 8.1892899999996907E+000,-1.0602487346459053E+001
 8.1902899999996901E+000, 8.1902899999996901E+000,-1.0602487346463317E+001
 8.1912899999996895E+000, 8.1912899999996895E+000,-1.0602487346460366E+001
 8.1922899999996890E+000, 8.1922899999996890E+000,-1.0602487346459917E+001
 8.1932899999996884E+000, 8.1932899999996884E+000,-1.0602487346452216E+001
 8.1942899999996879E+000, 8.1942899999996879E+000,-1.0602487346440599E+001
 8.1952899999996873E+000, 8.1952899999996873E+000,-1.0602487346440808E+001
 8.1962899999996868E+000, 8.1962899999996868E+000,-1.0602487346444164E+001
 8.1972899999996862E+000, 8.1972899999996862E+000,-1.0602487346440144E+001
 8.1982899999996857E+000, 8.1982899999996857E+000,-1.0602487346442491E+001
 8.1992899999996851E+000, 8.1992899999996851E+000,-1.0602487346425614E+001
 8.2002899999996846E+000, 8.2002899999996846E+000,-1.0602487346419275E+001
 8.2012899999996840E+000, 8.2012899999996840E+000,-1.0602487346433506E+001
 8.2022899999996834E+000, 8.2022899999996834E+000,-1.0602487346417838E+001
 8.2032899999996829E+000, 8.2032899999996829E+000,-1.0602487346416153E+001
 8.2042899999996823E+000, 8.2042899999996823E+000,-1.0602487346409319E+001
 8.2052899999996818E+000, 8.2052899999996818E+000,-1.0602487346409664E+001
 8.2062899999996812E+000, 8.2062899999996812E+000,-1.0602487346413017E+001
 8.2072899999996807E+000, 8.2072899999996807E+000,-1.0602487346401693E+001
 8.2082899999996801E+000, 8.2082899999996801E+000,-1.0602487346400123E+001
 8.2092899999996796E+000, 8.2092899999996796E+000,-1.0602487346393284E+001
 8.2102899999996790E+000, 8.2102899999996790E+000,-1.0602487346386315E+001
 8.2112899999996785E+000, 8.2112899999996785E+000,-1.0602487346386653E+001
 8.2122899999996779E+000, 8.2122899999996779E+000,-1.0602487346385391E+001
 8.2132899999996773E+000, 8.2132899999996773E+000,-1.0602487346384992E+001
 8.2142899999996768E+000, 8.2142899999996768E+000,-1.0602487346362508E+001
 8.2152899999996762E+000, 8.2152899999996762E+000,-1.0602487346376316E+001
 8.2162899999996757E+000, 8.2162899999996757E+000,-1.0602487346382722E+001
 8.2172899999996751E+000, 8.2172899999996751E+000,-1.0602487346374298E+001
 8.2182899999996746E+000, 8.2182899999996746E+000,-1.0602487346375494E+001
 8.2192899999996740E+000, 8.2192899999996740E+000,-1.0602487346363214E+001
 8.2202899999996735E+000, 8.2202899999996735E+000,-1.0602487346348788E+001
 8.2212899999996729E+000, 8.2212899999996729E+000,-1.0602487346349816E+001
 8.2222899999996724E+000, 8.2222899999996724E+000,-1.0602487346354096E+001
 8.2232899999996718E+000, 8.2232899999996718E+000,-1.0602487346347427E+001
 8.2242899999996713E+000, 8.2242899999996713E+000,-1.0602487346345976E+001
 8.2252899999996707E+000, 8.2252899999996707E+000,-1.0602487346346450E+001
 8.2262899999996701E+000, 8.2262899999996701E+000,-1.0602487346333255E+001
 8.2272899999996696E+000, 8.2272899999996696E+000,-1.0602487346337160E+001
 8.2282899999996690E+000, 8.2282899999996690E+000,-1.0602487346331367E+001
 8.2292899999996685E+000, 8.2292899999996685E+000,-1.0602487346319799E+001
 8.2302899999996679E+000, 8.2302899999996679E+000,-1.0602487346322853E+001
 8.2312899999996674E+000, 8.2312899999996674E+000,-1.0602487346311506E+001
 8.2322899999996668E+000, 8.2322899999996668E+000,-1.0602487346311728E+001
 8.2332899999996663E+000, 8.2332899999996663E+000,-1.0602487346316874E+001
 8.2342899999996657E+000, 8.2342899999996657E+000,-1.0602487346314849E+001
 8.2352899999996652E+000, 8.2352899999996652E+000,-1.0602487346307111E+001
 8.2362899999996646E+000, 8.2362899999996646E+000,-1.0602487346302800E+001
 8.2372899999996640E+000, 8.2372899999996640E+000,-1.0602487346302315E+001
 8.2382899999996635E+000, 8.2382899999996635E+000,-1.0602487346288198E+001
 8.2392899999996629E+000, 8.2392899999996629E+000,-1.0602487346292968E+001
 8.2402899999996624E+000, 8.2402899999996624E+000,-1.0602487346276156E+001
 8.2412899999996618E+000, 8.2412899999996618E+000,-1.0602487346290115E+001
 8.2422899999996613E+000, 8.2422899999996613E+000,-1.0602487346286368E+001
 8.2432899999996607E+000, 8.2432899999996607E+000,-1.0602487346273948E+001
 8.2442899999996602E+000, 8.2442899999996602E+000,-1.0602487346265043E+001
 8.2452899999996596E+000, 8.2452899999996596E+000,-1.0602487346265326E+001
 8.2462899999996591E+000, 8.2462899999996591E+000,-1.0602487346267791E+001
 8.2472899999996585E+000, 8.2472899999996585E+000,-1.0602487346264647E+001
 8.2482899999996580E+000, 8.2482899999996580E+000,-1.0602487346255987E+001
 8.2492899999996574E+000, 8.2492899999996574E+000,-1.0602487346261793E+001
 8.2502899999996568E+000, 8.2502899999996568E+000,-1.0602487346255158E+001
 8.2512899999996563E+000, 8.2512899999996563E+000,-1.0602487346247299E+001
 8.2522899999996557E+000, 8.2522899999996557E+000,-1.0602487346252232E+001
 8.2532899999996552E+000, 8.2532899999996552E+000,-1.0602487346235424E+001
 8.2542899999996546E+000, 8.2542899999996546E+000,-1.0602487346234607E+001
 8.2552899999996541E+000, 8.2552899999996541E+000,-1.0602487346237943E+001
 8.2562899999996535E+000, 8.2562899999996535E+000,-1.0602487346227504E+001
 8.2572899999996530E+000, 8.2572899999996530E+000,-1.0602487346237002E+001
 8.2582899999996524E+000, 8.2582899999996524E+000,-1.0602487346230461E+001
 8.2592899999996519E+000, 8.2592899999996519E+000,-1.0602487346229907E+001
 8.2602899999996513E+000, 8.2602899999996513E+000,-1.0602487346223100E+001
 8.2612899999996507E+000, 8.2612899999996507E+000,-1.0602487346211511E+001
 8.2622899999996502E+000, 8.2622899999996502E+000,-1.0602487346216346E+001
 8.2632899999996496E+000, 8.2632899999996496E+000,-1.0602487346211477E+001
 8.2642899999996491E+000, 8.2642899999996491E+000,-1.0602487346209170E+001
 8.2652899999996485E+000, 8.2652899999996485E+000,-1.0602487346201437E+001
 8.2662899999996480E+000, 8.2662899999996480E+000,-1.0602487346190710E+001
 8.2672899999996474E+000, 8.2672899999996474E+000,-1.0602487346198400E+001
 8.2682899999996469E+000, 8.2682899999996469E+000,-1.0602487346194488E+001
 8.2692899999996463E+000, 8.2692899999996463E+000,-1.0602487346196847E+001
 8.2702899999996458E+000, 8.2702899999996458E+000,-1.0602487346186386E+001
 8.2712899999996452E+000, 8.2712899999996452E+000,-1.0602487346179322E+001
 8.2722899999996446E+000, 8.2722899999996446E+000,-1.0602487346188898E+001
 8.2732899999996441E+000, 8.2732899999996441E+000,-1.0602487346166694E+001
 8.2742899999996435E+000, 8.2742899999996435E+000,-1.0602487346172165E+001
 8.2752899999996430E+000, 8.2752899999996430E+000,-1.0602487346171024E+001
 8.2762899999996424E+000, 8.2762899999996424E+000,-1.0602487346168836E+001
 8.2772899999996419E+000, 8.2772899999996419E+000,-1.0602487346173916E+001
 8.2782899999996413E+000, 8.2782899999996413E+000,-1.0602487346160837E+001
 8.2792899999996408E+000, 8.2792899999996408E+000,-1.0602487346165642E+001
 8.2802899999996402E+000, 8.2802899999996402E+000,-1.0602487346148830E+001
 8.2812899999996397E+000, 8.2812899999996397E+000,-1.0602487346153534E+001
 8.2822899999996391E+000, 8.2822899999996391E+000,-1.0602487346145971E+001
 8.2832899999996386E+000, 8.2832899999996386E+000,-1.0602487346139874E+001
 8.2842899999996380E+000, 8.2842899999996380E+000,-1.0602487346134707E+001
 8.2852899999996374E+000, 8.2852899999996374E+000,-1.0602487346137931E+001
 8.2862899999996369E+000, 8.2862899999996369E+000,-1.0602487346127495E+001
 8.2872899999996363E+000, 8.2872899999996363E+000,-1.0602487346126841E+001
 8.2882899999996358E+000, 8.2882899999996358E+000,-1.0602487346128381E+001
 8.2892899999996352E+000, 8.2892899999996352E+000,-1.0602487346126107E+001
 8.2902899999996347E+000, 8.2902899999996347E+000,-1.0602487346122995E+001
 8.2912899999996341E+000, 8.2912899999996341E+000,-1.0602487346127170E+001
 8.2922899999996336E+000, 8.2922899999996336E+000,-1.0602487346110337E+001
 8.2932899999996330E+000, 8.2932899999996330E+000,-1.0602487346109511E+001
 8.2942899999996325E+000, 8.2942899999996325E+000,-1.0602487346103587E+001
 8.2952899999996319E+000, 8.2952899999996319E+000,-1.0602487346106788E+001
 8.2962899999996313E+000, 8.2962899999996313E+000,-1.0602487346106495E+001
 8.2972899999996308E+000, 8.2972899999996308E+000,-1.0602487346091491E+001
 8.2982899999996302E+000, 8.2982899999996302E+000,-1.0602487346092509E+001
 8.2992899999996297E+000, 8.2992899999996297E+000,-1.0602487346081125E+001
 8.3002899999996291E+000, 8.3002899999996291E+000,-1.0602487346079551E+001
 8.3012899999996286E+000, 8.3012899999996286E+000,-1.0602487346083752E+001
 8.3022899999996280E+000, 8.3022899999996280E+000,-1.0602487346073344E+001
 8.3032899999996275E+000, 8.3032899999996275E+000,-1.0602487346081054E+001
 8.3042899999996269E+000, 8.3042899999996269E+000,-1.0602487346066109E+001
 8.3052899999996264E+000, 8.3052899999996264E+000,-1.0602487346069967E+001
 8.3062899999996258E+000, 8.3062899999996258E+000,-1.0602487346063270E+001
 8.3072899999996253E+000, 8.3072899999996253E+000,-1.0602487346047052E+001
 8.3082899999996247E+000, 8.3082899999996247E+000,-1.0602487346055495E+001
 8.3092899999996241E+000, 8.3092899999996241E+000,-1.0602487346049829E+001
 8.3102899999996236E+000, 8.3102899999996236E+000,-1.0602487346053021E+001
 8.3112899999996230E+000, 8.3112899999996230E+000,-1.0602487346058254E+001
 8.3122899999996225E+000, 8.3122899999996225E+000,-1.0602487346041459E+001
 8.3132899999996219E+000, 8.3132899999996219E+000,-1.0602487346040650E+001
 8.3142899999996214E+000, 8.3142899999996214E+000,-1.0602487346032923E+001
 8.3152899999996208E+000, 8.3152899999996208E+000,-1.0602487346036977E+001
 8.3162899999996203E+000, 8.3162899999996203E+000,-1.0602487346032081E+001
 8.3172899999996197E+000, 8.3172899999996197E+000,-1.0602487346028884E+001
 8.3182899999996192E+000, 8.3182899999996192E+000,-1.0602487346019174E+001
 8.3192899999996186E+000, 8.3192899999996186E+000,-1.0602487346016758E+001
 8.3202899999996180E+000, 8.3202899999996180E+000,-1.0602487346017220E+001
 8.3212899999996175E+000, 8.3212899999996175E+000,-1.0602487346014172E+001
 8.3222899999996169E+000, 8.3222899999996169E+000,-1.0602487346009093E+001
 8.3232899999996164E+000, 8.3232899999996164E+000,-1.0602487346002158E+001
 8.3242899999996158E+000, 8.3242899999996158E+000,-1.0602487346011744E+001
 8.3252899999996153E+000, 8.3252899999996153E+000,-1.0602487345999686E+001
 8.3262899999996147E+000, 8.3262899999996147E+000,-1.0602487345992571E+001
 8.3272899999996142E+000, 8.3272899999996142E+000,-1.0602487345986496E+001
 8.3282899999996136E+000, 8.3282899999996136E+000,-1.0602487345986852E+001
 8.3292899999996131E+000, 8.3292899999996131E+000,-1.0602487345979164E+001
 8.3302899999996125E+000, 8.3302899999996125E+000,-1.0602487345978584E+001
 8.3312899999996120E+000, 8.3312899999996120E+000,-1.0602487345972680E+001
 8.3322899999996114E+000, 8.3322899999996114E+000,-1.0602487345977668E+001
 8.3332899999996108E+000, 8.3332899999996108E+000,-1.0602487345966376E+001
 8.3342899999996103E+000, 8.3342899999996103E+000,-1.0602487345965706E+001
 8.3352899999996097E+000, 8.3352899999996097E+000,-1.0602487345962635E+001
 8.3362899999996092E+000, 8.3362899999996092E+000,-1.0602487345962174E+001
 8.3372899999996086E+000, 8.3372899999996086E+000,-1.0602487345956265E+001
 8.3382899999996081E+000, 8.3382899999996081E+000,-1.0602487345953936E+001
 8.3392899999996075E+000, 8.3392899999996075E+000,-1.0602487345949768E+001
 8.3402899999996070E+000, 8.3402899999996070E+000,-1.0602487345942865E+001
 8.3412899999996064E+000, 8.3412899999996064E+000,-1.0602487345941416E+001
 8.3422899999996059E+000, 8.3422899999996059E+000,-1.0602487345944727E+001
 8.3432899999996053E+000, 8.3432899999996053E+000,-1.0602487345933410E+001
 8.3442899999996047E+000, 8.3442899999996047E+000,-1.0602487345927198E+001
 8.3452899999996042E+000, 8.3452899999996042E+000,-1.0602487345921137E+001
 8.3462899999996036E+000, 8.3462899999996036E+000,-1.0602487345930765E+001
 8.3472899999996031E+000, 8.3472899999996031E+000,-1.0602487345928848E+001
 8.3482899999996025E+000, 8.3482899999996025E+000,-1.0602487345923798E+001
 8.3492899999996020E+000, 8.3492899999996020E+000,-1.0602487345912248E+001
 8.3502899999996014E+000, 8.3502899999996014E+000,-1.0602487345909768E+001
 8.3512899999996009E+000, 8.3512899999996009E+000,-1.0602487345915748E+001
 8.3522899999996003E+000, 8.3522899999996003E+000,-1.0602487345897181E+001
 8.3532899999995998E+000, 8.3532899999995998E+000,-1.0602487345901832E+001
 8.3542899999995992E+000, 8.3542899999995992E+000,-1.0602487345896060E+001
 8.3552899999995986E+000, 8.3552899999995986E+000,-1.0602487345883588E+001
 8.3562899999995981E+000, 8.3562899999995981E+000,-1.0602487345886617E+001
 8.3572899999995975E+000, 8.3572899999995975E+000,-1.0602487345887218E+001
 8.3582899999995970E+000, 8.3582899999995970E+000,-1.0602487345885070E+001
 8.3592899999995964E+000, 8.3592899999995964E+000,-1.0602487345878219E+001
 8.3602899999995959E+000, 8.3602899999995959E+000,-1.0602487345890502E+001
 8.3612899999995953E+000, 8.3612899999995953E+000,-1.0602487345882231E+001
 8.3622899999995948E+000, 8.3622899999995948E+000,-1.0602487345876124E+001
 8.3632899999995942E+000, 8.3632899999995942E+000,-1.0602487345874685E+001
 8.3642899999995937E+000, 8.3642899999995937E+000,-1.0602487345868756E+001
 8.3652899999995931E+000, 8.3652899999995931E+000,-1.0602487345863592E+001
 8.3662899999995926E+000, 8.3662899999995926E+000,-1.0602487345855765E+001
 8.3672899999995920E+000, 8.3672899999995920E+000,-1.0602487345855192E+001
 8.3682899999995914E+000, 8.3682899999995914E+000,-1.0602487345864045E+001
 8.3692899999995909E+000, 8.3692899999995909E+000,-1.0602487345853751E+001
 8.3702899999995903E+000, 8.3702899999995903E+000,-1.0602487345842958E+001
 8.3712899999995898E+000, 8.3712899999995898E+000,-1.0602487345839616E+001
 8.3722899999995892E+000, 8.3722899999995892E+000,-1.0602487345840050E+001
 8.3732899999995887E+000, 8.3732899999995887E+000,-1.0602487345834165E+001
 8.3742899999995881E+000, 8.3742899999995881E+000,-1.0602487345831843E+001
 8.3752899999995876E+000, 8.3752899999995876E+000,-1.0602487345820357E+001
 8.3762899999995870E+000, 8.3762899999995870E+000,-1.0602487345814165E+001
 8.3772899999995865E+000, 8.3772899999995865E+000,-1.0602487345806308E+001
 8.3782899999995859E+000, 8.3782899999995859E+000,-1.0602487345813040E+001
 8.3792899999995853E+000, 8.3792899999995853E+000,-1.0602487345815675E+001
 8.3802899999995848E+000, 8.3802899999995848E+000,-1.0602487345815369E+001
 8.3812899999995842E+000, 8.3812899999995842E+000,-1.0602487345797542E+001
 8.3822899999995837E+000, 8.3822899999995837E+000,-1.0602487345808626E+001
 8.3832899999995831E+000, 8.3832899999995831E+000,-1.0602487345806743E+001
 8.3842899999995826E+000, 8.3842899999995826E+000,-1.0602487345795286E+001
 8.3852899999995820E+000, 8.3852899999995820E+000,-1.0602487345794604E+001
 8.3862899999995815E+000, 8.3862899999995815E+000,-1.0602487345786898E+001
 8.3872899999995809E+000, 8.3872899999995809E+000,-1.0602487345791834E+001
 8.3882899999995804E+000, 8.3882899999995804E+000,-1.0602487345779656E+001
 8.3892899999995798E+000, 8.3892899999995798E+000,-1.0602487345779853E+001
 8.3902899999995793E+000, 8.3902899999995793E+000,-1.0602487345772174E+001
 8.3912899999995787E+000, 8.3912899999995787E+000,-1.0602487345759652E+001
 8.3922899999995781E+000, 8.3922899999995781E+000,-1.0602487345771785E+001
 8.3932899999995776E+000, 8.3932899999995776E+000,-1.0602487345769035E+001
 8.3942899999995770E+000, 8.3942899999995770E+000,-1.0602487345763070E+001
 8.3952899999995765E+000, 8.3952899999995765E+000,-1.0602487345760750E+001
 8.3962899999995759E+000, 8.3962899999995759E+000,-1.0602487345750168E+001
 8.3972899999995754E+000, 8.3972899999995754E+000,-1.0602487345755032E+001
 8.3982899999995748E+000, 8.3982899999995748E+000,-1.0602487345754788E+001
 8.3992899999995743E+000, 8.3992899999995743E+000,-1.0602487345730520E+001
 8.4002899999995737E+000, 8.4002899999995737E+000,-1.0602487345746081E+001
 8.4012899999995732E+000, 8.4012899999995732E+000,-1.0602487345739686E+001
 8.4022899999995726E+000, 8.4022899999995726E+000,-1.0602487345734524E+001
 8.4032899999995720E+000, 8.4032899999995720E+000,-1.0602487345738641E+001
 8.4042899999995715E+000, 8.4042899999995715E+000,-1.0602487345725532E+001
 8.4052899999995709E+000, 8.4052899999995709E+000,-1.0602487345712877E+001
 8.4062899999995704E+000, 8.4062899999995704E+000,-1.0602487345712166E+001
 8.4072899999995698E+000, 8.4072899999995698E+000,-1.0602487345723699E+001
 8.4082899999995693E+000, 8.4082899999995693E+000,-1.0602487345715435E+001
 8.4092899999995687E+000, 8.4092899999995687E+000,-1.0602487345710205E+001
 8.4102899999995682E+000, 8.4102899999995682E+000,-1.0602487345714318E+001
 8.4112899999995676E+000, 8.4112899999995676E+000,-1.0602487345707646E+001
 8.4122899999995671E+000, 8.4122899999995671E+000,-1.0602487345707091E+001
 8.4132899999995665E+000, 8.4132899999995665E+000,-1.0602487345694755E+001
 8.4142899999995659E+000, 8.4142899999995659E+000,-1.0602487345694952E+001
 8.4152899999995654E+000, 8.4152899999995654E+000,-1.0602487345697416E+001
 8.4162899999995648E+000, 8.4162899999995648E+000,-1.0602487345690681E+001
 8.4172899999995643E+000, 8.4172899999995643E+000,-1.0602487345686399E+001
 8.4182899999995637E+000, 8.4182899999995637E+000,-1.0602487345678604E+001
 8.4192899999995632E+000, 8.4192899999995632E+000,-1.0602487345678924E+001
 8.4202899999995626E+000, 8.4202899999995626E+000,-1.0602487345684075E+001
 8.4212899999995621E+000, 8.4212899999995621E+000,-1.0602487345671005E+001
 8.4222899999995615E+000, 8.4222899999995615E+000,-1.0602487345665653E+001
 8.4232899999995610E+000, 8.4232899999995610E+000,-1.0602487345672598E+001
 8.4242899999995604E+000, 8.4242899999995604E+000,-1.0602487345661363E+001
 8.4252899999995599E+000, 8.4252899999995599E+000,-1.0602487345651431E+001
 8.4262899999995593E+000, 8.4262899999995593E+000,-1.0602487345655426E+001
 8.4272899999995587E+000, 8.4272899999995587E+000,-1.0602487345643221E+001
 8.4282899999995582E+000, 8.4282899999995582E+000,-1.0602487345635213E+001
 8.4292899999995576E+000, 8.4292899999995576E+000,-1.0602487345640144E+001
 8.4302899999995571E+000, 8.4302899999995571E+000,-1.0602487345642587E+001
 8.4312899999995565E+000, 8.4312899999995565E+000,-1.0602487345634067E+001
 8.4322899999995560E+000, 8.4322899999995560E+000,-1.0602487345633453E+001
 8.4332899999995554E+000, 8.4332899999995554E+000,-1.0602487345631285E+001
 8.4342899999995549E+000, 8.4342899999995549E+000,-1.0602487345631742E+001
 8.4352899999995543E+000, 8.4352899999995543E+000,-1.0602487345624075E+001
 8.4362899999995538E+000, 8.4362899999995538E+000,-1.0602487345617071E+001
 8.4372899999995532E+000, 8.4372899999995532E+000,-1.0602487345610990E+001
 8.4382899999995526E+000, 8.4382899999995526E+000,-1.0602487345609564E+001
 8.4392899999995521E+000, 8.4392899999995521E+000,-1.0602487345609150E+001
 8.4402899999995515E+000, 8.4402899999995515E+000,-1.0602487345606978E+001
 8.4412899999995510E+000, 8.4412899999995510E+000,-1.0602487345596399E+001
 8.4422899999995504E+000, 8.4422899999995504E+000,-1.0602487345595732E+001
 8.4432899999995499E+000, 8.4432899999995499E+000,-1.0602487345593556E+001
 8.4442899999995493E+000, 8.4442899999995493E+000,-1.0602487345588500E+001
 8.4452899999995488E+000, 8.4452899999995488E+000,-1.0602487345587090E+001
 8.4462899999995482E+000, 8.4462899999995482E+000,-1.0602487345575636E+001
 8.4472899999995477E+000, 8.4472899999995477E+000,-1.0602487345574065E+001
 8.4482899999995471E+000, 8.4482899999995471E+000,-1.0602487345567235E+001
 8.4492899999995466E+000, 8.4492899999995466E+000,-1.0602487345566681E+001
 8.4502899999995460E+000, 8.4502899999995460E+000,-1.0602487345564498E+001
 8.4512899999995454E+000, 8.4512899999995454E+000,-1.0602487345575994E+001
 8.4522899999995449E+000, 8.4522899999995449E+000,-1.0602487345563084E+001
 8.4532899999995443E+000, 8.4532899999995443E+000,-1.0602487345557753E+001
 8.4542899999995438E+000, 8.4542899999995438E+000,-1.0602487345556334E+001
 8.4552899999995432E+000, 8.4552899999995432E+000,-1.0602487345555028E+001
 8.4562899999995427E+000, 8.4562899999995427E+000,-1.0602487345549093E+001
 8.4572899999995421E+000, 8.4572899999995421E+000,-1.0602487345558709E+001
 8.4582899999995416E+000, 8.4582899999995416E+000,-1.0602487345545756E+001
 8.4592899999995410E+000, 8.4592899999995410E+000,-1.0602487345539506E+001
 8.4602899999995405E+000, 8.4602899999995405E+000,-1.0602487345538075E+001
 8.4612899999995399E+000, 8.4612899999995399E+000,-1.0602487345533049E+001
 8.4622899999995393E+000, 8.4622899999995393E+000,-1.0602487345521494E+001
 8.4632899999995388E+000, 8.4632899999995388E+000,-1.0602487345526320E+001
 8.4642899999995382E+000, 8.4642899999995382E+000,-1.0602487345524292E+001
 8.4652899999995377E+000, 8.4652899999995377E+000,-1.0602487345518343E+001
 8.4662899999995371E+000, 8.4662899999995371E+000,-1.0602487345517805E+001
 8.4672899999995366E+000, 8.4672899999995366E+000,-1.0602487345511902E+001
 8.4682899999995360E+000, 8.4682899999995360E+000,-1.0602487345504951E+001
 8.4692899999995355E+000, 8.4692899999995355E+000,-1.0602487345504406E+001
 8.4702899999995349E+000, 8.4702899999995349E+000,-1.0602487345501313E+001
 8.4712899999995344E+000, 8.4712899999995344E+000,-1.0602487345500855E+001
 8.4722899999995338E+000, 8.4722899999995338E+000,-1.0602487345495842E+001
 8.4732899999995333E+000, 8.4732899999995333E+000,-1.0602487345488917E+001
 8.4742899999995327E+000, 8.4742899999995327E+000,-1.0602487345482835E+001
 8.4752899999995321E+000, 8.4752899999995321E+000,-1.0602487345470376E+001
 8.4762899999995316E+000, 8.4762899999995316E+000,-1.0602487345486223E+001
 8.4772899999995310E+000, 8.4772899999995310E+000,-1.0602487345484478E+001
 8.4782899999995305E+000, 8.4782899999995305E+000,-1.0602487345477638E+001
 8.4792899999995299E+000, 8.4792899999995299E+000,-1.0602487345477972E+001
 8.4802899999995294E+000, 8.4802899999995294E+000,-1.0602487345471188E+001
 8.4812899999995288E+000, 8.4812899999995288E+000,-1.0602487345469752E+001
 8.4822899999995283E+000, 8.4822899999995283E+000,-1.0602487345457391E+001
 8.4832899999995277E+000, 8.4832899999995277E+000,-1.0602487345451168E+001
 8.4842899999995272E+000, 8.4842899999995272E+000,-1.0602487345455256E+001
 8.4852899999995266E+000, 8.4852899999995266E+000,-1.0602487345443942E+001
 8.4862899999995260E+000, 8.4862899999995260E+000,-1.0602487345441485E+001
 8.4872899999995255E+000, 8.4872899999995255E+000,-1.0602487345441938E+001
 8.4882899999995249E+000, 8.4882899999995249E+000,-1.0602487345439791E+001
 8.4892899999995244E+000, 8.4892899999995244E+000,-1.0602487345443970E+001
 8.4902899999995238E+000, 8.4902899999995238E+000,-1.0602487345434447E+001
 8.4912899999995233E+000, 8.4912899999995233E+000,-1.0602487345431141E+001
 8.4922899999995227E+000, 8.4922899999995227E+000,-1.0602487345432479E+001
 8.4932899999995222E+000, 8.4932899999995222E+000,-1.0602487345412886E+001
 8.4942899999995216E+000, 8.4942899999995216E+000,-1.0602487345419307E+001
 8.4952899999995211E+000, 8.4952899999995211E+000,-1.0602487345413582E+001
 8.4962899999995205E+000, 8.4962899999995205E+000,-1.0602487345411266E+001
 8.4972899999995199E+000, 8.4972899999995199E+000,-1.0602487345409919E+001
 8.4982899999995194E+000, 8.4982899999995194E+000,-1.0602487345410411E+001
 8.4992899999995188E+000, 8.4992899999995188E+000,-1.0602487345412884E+001
 8.5002899999995183E+000, 8.5002899999995183E+000,-1.0602487345407944E+001
 8.5012899999995177E+000, 8.5012899999995177E+000,-1.0602487345389985E+001
 8.5022899999995172E+000, 8.5022899999995172E+000,-1.0602487345399283E+001
 8.5032899999995166E+000, 8.5032899999995166E+000,-1.0602487345387214E+001
 8.5042899999995161E+000, 8.5042899999995161E+000,-1.0602487345392039E+001
 8.5052899999995155E+000, 8.5052899999995155E+000,-1.0602487345381647E+001
 8.5062899999995150E+000, 8.5062899999995150E+000,-1.0602487345373675E+001
 8.5072899999995144E+000, 8.5072899999995144E+000,-1.0602487345372198E+001
 8.5082899999995139E+000, 8.5082899999995139E+000,-1.0602487345371786E+001
 8.5092899999995133E+000, 8.5092899999995133E+000,-1.0602487345365878E+001
 8.5102899999995127E+000, 8.5102899999995127E+000,-1.0602487345365345E+001
 8.5112899999995122E+000, 8.5112899999995122E+000,-1.0602487345353005E+001
 8.5122899999995116E+000, 8.5122899999995116E+000,-1.0602487345356938E+001
 8.5132899999995111E+000, 8.5132899999995111E+000,-1.0602487345355769E+001
 8.5142899999995105E+000, 8.5142899999995105E+000,-1.0602487345355364E+001
 8.5152899999995100E+000, 8.5152899999995100E+000,-1.0602487345347665E+001
 8.5162899999995094E+000, 8.5162899999995094E+000,-1.0602487345353511E+001
 8.5172899999995089E+000, 8.5172899999995089E+000,-1.0602487345330298E+001
 8.5182899999995083E+000, 8.5182899999995083E+000,-1.0602487345334840E+001
 8.5192899999995078E+000, 8.5192899999995078E+000,-1.0602487345328163E+001
 8.5202899999995072E+000, 8.5202899999995072E+000,-1.0602487345335984E+001
 8.5212899999995066E+000, 8.5212899999995066E+000,-1.0602487345332076E+001
 8.5222899999995061E+000, 8.5222899999995061E+000,-1.0602487345325175E+001
 8.5232899999995055E+000, 8.5232899999995055E+000,-1.0602487345328353E+001
 8.5242899999995050E+000, 8.5242899999995050E+000,-1.0602487345318796E+001
 8.5252899999995044E+000, 8.5252899999995044E+000,-1.0602487345310879E+001
 8.5262899999995039E+000, 8.5262899999995039E+000,-1.0602487345308491E+001
 8.5272899999995033E+000, 8.5272899999995033E+000,-1.0602487345297014E+001
 8.5282899999995028E+000, 8.5282899999995028E+000,-1.0602487345309166E+001
 8.5292899999995022E+000, 8.5292899999995022E+000,-1.0602487345301800E+001
 8.5302899999995017E+000, 8.5302899999995017E+000,-1.0602487345305857E+001
 8.5312899999995011E+000, 8.5312899999995011E+000,-1.0602487345288125E+001
 8.5322899999995006E+000, 8.5322899999995006E+000,-1.0602487345292801E+001
 8.5332899999995000E+000, 8.5332899999995000E+000,-1.0602487345282404E+001
 8.5342899999994994E+000, 8.5342899999994994E+000,-1.0602487345282658E+001
 8.5352899999994989E+000, 8.5352899999994989E+000,-1.0602487345279595E+001
 8.5362899999994983E+000, 8.5362899999994983E+000,-1.0602487345272721E+001
 8.5372899999994978E+000, 8.5372899999994978E+000,-1.0602487345272154E+001
 8.5382899999994972E+000, 8.5382899999994972E+000,-1.0602487345266246E+001
 8.5392899999994967E+000, 8.5392899999994967E+000,-1.0602487345269452E+001
 8.5402899999994961E+000, 8.5402899999994961E+000,-1.0602487345263640E+001
 8.5412899999994956E+000, 8.5412899999994956E+000,-1.0602487345256698E+001
 8.5422899999994950E+000, 8.5422899999994950E+000,-1.0602487345251509E+001
 8.5432899999994945E+000, 8.5432899999994945E+000,-1.0602487345244587E+001
 8.5442899999994939E+000, 8.5442899999994939E+000,-1.0602487345254168E+001
 8.5452899999994933E+000, 8.5452899999994933E+000,-1.0602487345243901E+001
 8.5462899999994928E+000, 8.5462899999994928E+000,-1.0602487345246089E+001
 8.5472899999994922E+000, 8.5472899999994922E+000,-1.0602487345240236E+001
 8.5482899999994917E+000, 8.5482899999994917E+000,-1.0602487345235984E+001
 8.5492899999994911E+000, 8.5492899999994911E+000,-1.0602487345232824E+001
 8.5502899999994906E+000, 8.5502899999994906E+000,-1.0602487345225942E+001
 8.5512899999994900E+000, 8.5512899999994900E+000,-1.0602487345218956E+001
 8.5522899999994895E+000, 8.5522899999994895E+000,-1.0602487345212884E+001
 8.5532899999994889E+000, 8.5532899999994889E+000,-1.0602487345218766E+001
 8.5542899999994884E+000, 8.5542899999994884E+000,-1.0602487345212136E+001
 8.5552899999994878E+000, 8.5552899999994878E+000,-1.0602487345199638E+001
 8.5562899999994873E+000, 8.5562899999994873E+000,-1.0602487345205347E+001
 8.5572899999994867E+000, 8.5572899999994867E+000,-1.0602487345197806E+001
 8.5582899999994861E+000, 8.5582899999994861E+000,-1.0602487345191715E+001
 8.5592899999994856E+000, 8.5592899999994856E+000,-1.0602487345201334E+001
 8.5602899999994850E+000, 8.5602899999994850E+000,-1.0602487345194794E+001
 8.5612899999994845E+000, 8.5612899999994845E+000,-1.0602487345182302E+001
 8.5622899999994839E+000, 8.5622899999994839E+000,-1.0602487345181597E+001
 8.5632899999994834E+000, 8.5632899999994834E+000,-1.0602487345176570E+001
 8.5642899999994828E+000, 8.5642899999994828E+000,-1.0602487345186210E+001
 8.5652899999994823E+000, 8.5652899999994823E+000,-1.0602487345179672E+001
 8.5662899999994817E+000, 8.5662899999994817E+000,-1.0602487345174502E+001
 8.5672899999994812E+000, 8.5672899999994812E+000,-1.0602487345171312E+001
 8.5682899999994806E+000, 8.5682899999994806E+000,-1.0602487345164423E+001
 8.5692899999994800E+000, 8.5692899999994800E+000,-1.0602487345164771E+001
 8.5702899999994795E+000, 8.5702899999994795E+000,-1.0602487345151564E+001
 8.5712899999994789E+000, 8.5712899999994789E+000,-1.0602487345150845E+001
 8.5722899999994784E+000, 8.5722899999994784E+000,-1.0602487345150447E+001
 8.5732899999994778E+000, 8.5732899999994778E+000,-1.0602487345153788E+001
 8.5742899999994773E+000, 8.5742899999994773E+000,-1.0602487345148884E+001
 8.5752899999994767E+000, 8.5752899999994767E+000,-1.0602487345141064E+001
 8.5762899999994762E+000, 8.5762899999994762E+000,-1.0602487345134959E+001
 8.5772899999994756E+000, 8.5772899999994756E+000,-1.0602487345134422E+001
 8.5782899999994751E+000, 8.5782899999994751E+000,-1.0602487345138670E+001
 8.5792899999994745E+000, 8.5792899999994745E+000,-1.0602487345128241E+001
 8.5802899999994739E+000, 8.5802899999994739E+000,-1.0602487345135954E+001
 8.5812899999994734E+000, 8.5812899999994734E+000,-1.0602487345113696E+001
 8.5822899999994728E+000, 8.5822899999994728E+000,-1.0602487345113630E+001
 8.5832899999994723E+000, 8.5832899999994723E+000,-1.0602487345116982E+001
 8.5842899999994717E+000, 8.5842899999994717E+000,-1.0602487345112076E+001
 8.5852899999994712E+000, 8.5852899999994712E+000,-1.0602487345105144E+001
 8.5862899999994706E+000, 8.5862899999994706E+000,-1.0602487345103691E+001
 8.5872899999994701E+000, 8.5872899999994701E+000,-1.0602487345097757E+001
 8.5882899999994695E+000, 8.5882899999994695E+000,-1.0602487345101856E+001
 8.5892899999994690E+000, 8.5892899999994690E+000,-1.0602487345085020E+001
 8.5902899999994684E+000, 8.5902899999994684E+000,-1.0602487345088829E+001
 8.5912899999994679E+000, 8.5912899999994679E+000,-1.0602487345076607E+001
 8.5922899999994673E+000, 8.5922899999994673E+000,-1.0602487345086061E+001
 8.5932899999994667E+000, 8.5932899999994667E+000,-1.0602487345080416E+001
 8.5942899999994662E+000, 8.5942899999994662E+000,-1.0602487345078103E+001
 8.5952899999994656E+000, 8.5952899999994656E+000,-1.0602487345073040E+001
 8.5962899999994651E+000, 8.5962899999994651E+000,-1.0602487345072532E+001
 8.5972899999994645E+000, 8.5972899999994645E+000,-1.0602487345076760E+001
 8.5982899999994640E+000, 8.5982899999994640E+000,-1.0602487345079336E+001
 8.5992899999994634E+000, 8.5992899999994634E+000,-1.0602487345074399E+001
 8.6002899999994629E+000, 8.6002899999994629E+000,-1.0602487345050914E+001
 8.6012899999994623E+000, 8.6012899999994623E+000,-1.0602487345056332E+001
 8.6022899999994618E+000, 8.6022899999994618E+000,-1.0602487345049683E+001
 8.6032899999994612E+000, 8.6032899999994612E+000,-1.0602487345043617E+001
 8.6042899999994606E+000, 8.6042899999994606E+000,-1.0602487345035764E+001
 8.6052899999994601E+000, 8.6052899999994601E+000,-1.0602487345028772E+001
 8.6062899999994595E+000, 8.6062899999994595E+000,-1.0602487345045677E+001
 8.6072899999994590E+000, 8.6072899999994590E+000,-1.0602487345028287E+001
 8.6082899999994584E+000, 8.6082899999994584E+000,-1.0602487345017297E+001
 8.6092899999994579E+000, 8.6092899999994579E+000,-1.0602487345026782E+001
 8.6102899999994573E+000, 8.6102899999994573E+000,-1.0602487345020236E+001
 8.6112899999994568E+000, 8.6112899999994568E+000,-1.0602487345007754E+001
 8.6122899999994562E+000, 8.6122899999994562E+000,-1.0602487345007040E+001
 8.6132899999994557E+000, 8.6132899999994557E+000,-1.0602487345016804E+001
 8.6142899999994551E+000, 8.6142899999994551E+000,-1.0602487345000117E+001
 8.6152899999994546E+000, 8.6152899999994546E+000,-1.0602487344997513E+001
 8.6162899999994540E+000, 8.6162899999994540E+000,-1.0602487345004375E+001
 8.6172899999994534E+000, 8.6172899999994534E+000,-1.0602487345002384E+001
 8.6182899999994529E+000, 8.6182899999994529E+000,-1.0602487345001972E+001
 8.6192899999994523E+000, 8.6192899999994523E+000,-1.0602487344993367E+001
 8.6202899999994518E+000, 8.6202899999994518E+000,-1.0602487344988138E+001
 8.6212899999994512E+000, 8.6212899999994512E+000,-1.0602487344988518E+001
 8.6222899999994507E+000, 8.6222899999994507E+000,-1.0602487344979945E+001
 8.6232899999994501E+000, 8.6232899999994501E+000,-1.0602487344979355E+001
 8.6242899999994496E+000, 8.6242899999994496E+000,-1.0602487344971648E+001
 8.6252899999994490E+000, 8.6252899999994490E+000,-1.0602487344976584E+001
 8.6262899999994485E+000, 8.6262899999994485E+000,-1.0602487344960668E+001
 8.6272899999994479E+000, 8.6272899999994479E+000,-1.0602487344967182E+001
 8.6282899999994473E+000, 8.6282899999994473E+000,-1.0602487344964294E+001
 8.6292899999994468E+000, 8.6292899999994468E+000,-1.0602487344951911E+001
 8.6302899999994462E+000, 8.6302899999994462E+000,-1.0602487344954039E+001
 8.6312899999994457E+000, 8.6312899999994457E+000,-1.0602487344945370E+001
 8.6322899999994451E+000, 8.6322899999994451E+000,-1.0602487344954021E+001
 8.6332899999994446E+000, 8.6332899999994446E+000,-1.0602487344942821E+001
 8.6342899999994440E+000, 8.6342899999994440E+000,-1.0602487344940359E+001
 8.6352899999994435E+000, 8.6352899999994435E+000,-1.0602487344940812E+001
 8.6362899999994429E+000, 8.6362899999994429E+000,-1.0602487344923894E+001
 8.6372899999994424E+000, 8.6372899999994424E+000,-1.0602487344928583E+001
 8.6382899999994418E+000, 8.6382899999994418E+000,-1.0602487344926550E+001
 8.6392899999994412E+000, 8.6392899999994412E+000,-1.0602487344927006E+001
 8.6402899999994407E+000, 8.6402899999994407E+000,-1.0602487344908294E+001
 8.6412899999994401E+000, 8.6412899999994401E+000,-1.0602487344907436E+001
 8.6422899999994396E+000, 8.6422899999994396E+000,-1.0602487344910760E+001
 8.6432899999994390E+000, 8.6432899999994390E+000,-1.0602487344915092E+001
 8.6442899999994385E+000, 8.6442899999994385E+000,-1.0602487344905578E+001
 8.6452899999994379E+000, 8.6452899999994379E+000,-1.0602487344897638E+001
 8.6462899999994374E+000, 8.6462899999994374E+000,-1.0602487344897954E+001
 8.6472899999994368E+000, 8.6472899999994368E+000,-1.0602487344895790E+001
 8.6482899999994363E+000, 8.6482899999994363E+000,-1.0602487344894467E+001
 8.6492899999994357E+000, 8.6492899999994357E+000,-1.0602487344879275E+001
 8.6502899999994352E+000, 8.6502899999994352E+000,-1.0602487344877609E+001
 8.6512899999994346E+000, 8.6512899999994346E+000,-1.0602487344886439E+001
 8.6522899999994340E+000, 8.6522899999994340E+000,-1.0602487344880778E+001
 8.6532899999994335E+000, 8.6532899999994335E+000,-1.0602487344872939E+001
 8.6542899999994329E+000, 8.6542899999994329E+000,-1.0602487344877877E+001
 8.6552899999994324E+000, 8.6552899999994324E+000,-1.0602487344866594E+001
 8.6562899999994318E+000, 8.6562899999994318E+000,-1.0602487344859508E+001
 8.6572899999994313E+000, 8.6572899999994313E+000,-1.0602487344853412E+001
 8.6582899999994307E+000, 8.6582899999994307E+000,-1.0602487344853786E+001
 8.6592899999994302E+000, 8.6592899999994302E+000,-1.0602487344856250E+001
 8.6602899999994296E+000, 8.6602899999994296E+000,-1.0602487344850418E+001
 8.6612899999994291E+000, 8.6612899999994291E+000,-1.0602487344844363E+001
 8.6622899999994285E+000, 8.6622899999994285E+000,-1.0602487344838316E+001
 8.6632899999994279E+000, 8.6632899999994279E+000,-1.0602487344841503E+001
 8.6642899999994274E+000, 8.6642899999994274E+000,-1.0602487344842103E+001
 8.6652899999994268E+000, 8.6652899999994268E+000,-1.0602487344833541E+001
 8.6662899999994263E+000, 8.6662899999994263E+000,-1.0602487344833829E+001
 8.6672899999994257E+000, 8.6672899999994257E+000,-1.0602487344831669E+001
 8.6682899999994252E+000, 8.6682899999994252E+000,-1.0602487344819297E+001
 8.6692899999994246E+000, 8.6692899999994246E+000,-1.0602487344818606E+001
 8.6702899999994241E+000, 8.6702899999994241E+000,-1.0602487344818208E+001
 8.6712899999994235E+000, 8.6712899999994235E+000,-1.0602487344821553E+001
 8.6722899999994230E+000, 8.6722899999994230E+000,-1.0602487344805597E+001
 8.6732899999994224E+000, 8.6732899999994224E+000,-1.0602487344810317E+001
 8.6742899999994219E+000, 8.6742899999994219E+000,-1.0602487344808271E+001
 8.6752899999994213E+000, 8.6752899999994213E+000,-1.0602487344802320E+001
 8.6762899999994207E+000, 8.6762899999994207E+000,-1.0602487344792554E+001
 8.6772899999994202E+000, 8.6772899999994202E+000,-1.0602487344794744E+001
 8.6782899999994196E+000, 8.6782899999994196E+000,-1.0602487344794429E+001
 8.6792899999994191E+000, 8.6792899999994191E+000,-1.0602487344787615E+001
 8.6802899999994185E+000, 8.6802899999994185E+000,-1.0602487344775133E+001
 8.6812899999994180E+000, 8.6812899999994180E+000,-1.0602487344776220E+001
 8.6822899999994174E+000, 8.6822899999994174E+000,-1.0602487344767665E+001
 8.6832899999994169E+000, 8.6832899999994169E+000,-1.0602487344774385E+001
 8.6842899999994163E+000, 8.6842899999994163E+000,-1.0602487344766857E+001
 8.6852899999994158E+000, 8.6852899999994158E+000,-1.0602487344764508E+001
 8.6862899999994152E+000, 8.6862899999994152E+000,-1.0602487344758545E+001
 8.6872899999994146E+000, 8.6872899999994146E+000,-1.0602487344761737E+001
 8.6882899999994141E+000, 8.6882899999994141E+000,-1.0602487344756826E+001
 8.6892899999994135E+000, 8.6892899999994135E+000,-1.0602487344755417E+001
 8.6902899999994130E+000, 8.6902899999994130E+000,-1.0602487344748589E+001
 8.6912899999994124E+000, 8.6912899999994124E+000,-1.0602487344747146E+001
 8.6922899999994119E+000, 8.6922899999994119E+000,-1.0602487344742107E+001
 8.6932899999994113E+000, 8.6932899999994113E+000,-1.0602487344740705E+001
 8.6942899999994108E+000, 8.6942899999994108E+000,-1.0602487344735653E+001
 8.6952899999994102E+000, 8.6952899999994102E+000,-1.0602487344733358E+001
 8.6962899999994097E+000, 8.6962899999994097E+000,-1.0602487344726514E+001
 8.6972899999994091E+000, 8.6972899999994091E+000,-1.0602487344721316E+001
 8.6982899999994086E+000, 8.6982899999994086E+000,-1.0602487344719913E+001
 8.6992899999994080E+000, 8.6992899999994080E+000,-1.0602487344713090E+001
 8.7002899999994074E+000, 8.7002899999994074E+000,-1.0602487344712525E+001
 8.7012899999994069E+000, 8.7012899999994069E+000,-1.0602487344716764E+001
 8.7022899999994063E+000, 8.7022899999994063E+000,-1.0602487344699043E+001
 8.7032899999994058E+000, 8.7032899999994058E+000,-1.0602487344698202E+001
 8.7042899999994052E+000, 8.7042899999994052E+000,-1.0602487344696016E+001
 8.7052899999994047E+000, 8.7052899999994047E+000,-1.0602487344686320E+001
 8.7062899999994041E+000, 8.7062899999994041E+000,-1.0602487344690315E+001
 8.7072899999994036E+000, 8.7072899999994036E+000,-1.0602487344694680E+001
 8.7082899999994030E+000, 8.7082899999994030E+000,-1.0602487344688001E+001
 8.7092899999994025E+000, 8.7092899999994025E+000,-1.0602487344687457E+001
 8.7102899999994019E+000, 8.7102899999994019E+000,-1.0602487344675129E+001
 8.7112899999994013E+000, 8.7112899999994013E+000,-1.0602487344682773E+001
 8.7122899999994008E+000, 8.7122899999994008E+000,-1.0602487344671552E+001
 8.7132899999994002E+000, 8.7132899999994002E+000,-1.0602487344670887E+001
 8.7142899999993997E+000, 8.7142899999993997E+000,-1.0602487344670495E+001
 8.7152899999993991E+000, 8.7152899999993991E+000,-1.0602487344658170E+001
 8.7162899999993986E+000, 8.7162899999993986E+000,-1.0602487344663892E+001
 8.7172899999993980E+000, 8.7172899999993980E+000,-1.0602487344657245E+001
 8.7182899999993975E+000, 8.7182899999993975E+000,-1.0602487344639233E+001
 8.7192899999993969E+000, 8.7192899999993969E+000,-1.0602487344650317E+001
 8.7202899999993964E+000, 8.7202899999993964E+000,-1.0602487344643826E+001
 8.7212899999993958E+000, 8.7212899999993958E+000,-1.0602487344636859E+001
 8.7222899999993952E+000, 8.7222899999993952E+000,-1.0602487344640926E+001
 8.7232899999993947E+000, 8.7232899999993947E+000,-1.0602487344636030E+001
 8.7242899999993941E+000, 8.7242899999993941E+000,-1.0602487344628210E+001
 8.7252899999993936E+000, 8.7252899999993936E+000,-1.0602487344628525E+001
 8.7262899999993930E+000, 8.7262899999993930E+000,-1.0602487344631005E+001
 8.7272899999993925E+000, 8.7272899999993925E+000,-1.0602487344621439E+001
 8.7282899999993919E+000, 8.7282899999993919E+000,-1.0602487344619906E+001
 8.7292899999993914E+000, 8.7292899999993914E+000,-1.0602487344618595E+001
 8.7302899999993908E+000, 8.7302899999993908E+000,-1.0602487344619075E+001
 8.7312899999993903E+000, 8.7312899999993903E+000,-1.0602487344604990E+001
 8.7322899999993897E+000, 8.7322899999993897E+000,-1.0602487344609770E+001
 8.7332899999993892E+000, 8.7332899999993892E+000,-1.0602487344603096E+001
 8.7342899999993886E+000, 8.7342899999993886E+000,-1.0602487344589724E+001
 8.7352899999993880E+000, 8.7352899999993880E+000,-1.0602487344600926E+001
 8.7362899999993875E+000, 8.7362899999993875E+000,-1.0602487344599048E+001
 8.7372899999993869E+000, 8.7372899999993869E+000,-1.0602487344594007E+001
 8.7382899999993864E+000, 8.7382899999993864E+000,-1.0602487344586178E+001
 8.7392899999993858E+000, 8.7392899999993858E+000,-1.0602487344575454E+001
 8.7402899999993853E+000, 8.7402899999993853E+000,-1.0602487344573003E+001
 8.7412899999993847E+000, 8.7412899999993847E+000,-1.0602487344584505E+001
 8.7422899999993842E+000, 8.7422899999993842E+000,-1.0602487344566974E+001
 8.7432899999993836E+000, 8.7432899999993836E+000,-1.0602487344566136E+001
 8.7442899999993831E+000, 8.7442899999993831E+000,-1.0602487344560217E+001
 8.7452899999993825E+000, 8.7452899999993825E+000,-1.0602487344558785E+001
 8.7462899999993819E+000, 8.7462899999993819E+000,-1.0602487344551957E+001
 8.7472899999993814E+000, 8.7472899999993814E+000,-1.0602487344557817E+001
 8.7482899999993808E+000, 8.7482899999993808E+000,-1.0602487344551173E+001
 8.7492899999993803E+000, 8.7492899999993803E+000,-1.0602487344550621E+001
 8.7502899999993797E+000, 8.7502899999993797E+000,-1.0602487344538300E+001
 8.7512899999993792E+000, 8.7512899999993792E+000,-1.0602487344546859E+001
 8.7522899999993786E+000, 8.7522899999993786E+000,-1.0602487344529241E+001
 8.7532899999993781E+000, 8.7532899999993781E+000,-1.0602487344540343E+001
 8.7542899999993775E+000, 8.7542899999993775E+000,-1.0602487344528313E+001
 8.7552899999993770E+000, 8.7552899999993770E+000,-1.0602487344531355E+001
 8.7562899999993764E+000, 8.7562899999993764E+000,-1.0602487344528226E+001
 8.7572899999993759E+000, 8.7572899999993759E+000,-1.0602487344513136E+001
 8.7582899999993753E+000, 8.7582899999993753E+000,-1.0602487344523411E+001
 8.7592899999993747E+000, 8.7592899999993747E+000,-1.0602487344516886E+001
 8.7602899999993742E+000, 8.7602899999993742E+000,-1.0602487344515438E+001
 8.7612899999993736E+000, 8.7612899999993736E+000,-1.0602487344510406E+001
 8.7622899999993731E+000, 8.7622899999993731E+000,-1.0602487344497963E+001
 8.7632899999993725E+000, 8.7632899999993725E+000,-1.0602487344508292E+001
 8.7642899999993720E+000, 8.7642899999993720E+000,-1.0602487344506409E+001
 8.7652899999993714E+000, 8.7652899999993714E+000,-1.0602487344483894E+001
 8.7662899999993709E+000, 8.7662899999993709E+000,-1.0602487344489342E+001
 8.7672899999993703E+000, 8.7672899999993703E+000,-1.0602487344492840E+001
 8.7682899999993698E+000, 8.7682899999993698E+000,-1.0602487344479719E+001
 8.7692899999993692E+000, 8.7692899999993692E+000,-1.0602487344474383E+001
 8.7702899999993686E+000, 8.7702899999993686E+000,-1.0602487344479387E+001
 8.7712899999993681E+000, 8.7712899999993681E+000,-1.0602487344471818E+001
 8.7722899999993675E+000, 8.7722899999993675E+000,-1.0602487344465729E+001
 8.7732899999993670E+000, 8.7732899999993670E+000,-1.0602487344460567E+001
 8.7742899999993664E+000, 8.7742899999993664E+000,-1.0602487344463785E+001
 8.7752899999993659E+000, 8.7752899999993659E+000,-1.0602487344464389E+001
 8.7762899999993653E+000, 8.7762899999993653E+000,-1.0602487344456716E+001
 8.7772899999993648E+000, 8.7772899999993648E+000,-1.0602487344457929E+001
 8.7782899999993642E+000, 8.7782899999993642E+000,-1.0602487344443857E+001
 8.7792899999993637E+000, 8.7792899999993637E+000,-1.0602487344442212E+001
 8.7802899999993631E+000, 8.7802899999993631E+000,-1.0602487344436277E+001
 8.7812899999993625E+000, 8.7812899999993625E+000,-1.0602487344434850E+001
 8.7822899999993620E+000, 8.7822899999993620E+000,-1.0602487344439055E+001
 8.7832899999993614E+000, 8.7832899999993614E+000,-1.0602487344432369E+001
 8.7842899999993609E+000, 8.7842899999993609E+000,-1.0602487344431820E+001
 8.7852899999993603E+000, 8.7852899999993603E+000,-1.0602487344425908E+001
 8.7862899999993598E+000, 8.7862899999993598E+000,-1.0602487344430010E+001
 8.7872899999993592E+000, 8.7872899999993592E+000,-1.0602487344419597E+001
 8.7882899999993587E+000, 8.7882899999993587E+000,-1.0602487344411632E+001
 8.7892899999993581E+000, 8.7892899999993581E+000,-1.0602487344416566E+001
 8.7902899999993576E+000, 8.7902899999993576E+000,-1.0602487344410800E+001
 8.7912899999993570E+000, 8.7912899999993570E+000,-1.0602487344402965E+001
 8.7922899999993565E+000, 8.7922899999993565E+000,-1.0602487344403276E+001
 8.7932899999993559E+000, 8.7932899999993559E+000,-1.0602487344387239E+001
 8.7942899999993553E+000, 8.7942899999993553E+000,-1.0602487344385541E+001
 8.7952899999993548E+000, 8.7952899999993548E+000,-1.0602487344394371E+001
 8.7962899999993542E+000, 8.7962899999993542E+000,-1.0602487344381395E+001
 8.7972899999993537E+000, 8.7972899999993537E+000,-1.0602487344382471E+001
 8.7982899999993531E+000, 8.7982899999993531E+000,-1.0602487344367514E+001
 8.7992899999993526E+000, 8.7992899999993526E+000,-1.0602487344373145E+001
 8.8002899999993520E+000, 8.8002899999993520E+000,-1.0602487344372918E+001
 8.8012899999993515E+000, 8.8012899999993515E+000,-1.0602487344372541E+001
 8.8022899999993509E+000, 8.8022899999993509E+000,-1.0602487344361107E+001
 8.8032899999993504E+000, 8.8032899999993504E+000,-1.0602487344356851E+001
 8.8042899999993498E+000, 8.8042899999993498E+000,-1.0602487344353527E+001
 8.8052899999993492E+000, 8.8052899999993492E+000,-1.0602487344356788E+001
 8.8062899999993487E+000, 8.8062899999993487E+000,-1.0602487344345473E+001
 8.8072899999993481E+000, 8.8072899999993481E+000,-1.0602487344350319E+001
 8.8082899999993476E+000, 8.8082899999993476E+000,-1.0602487344337218E+001
 8.8092899999993470E+000, 8.8092899999993470E+000,-1.0602487344332785E+001
 8.8102899999993465E+000, 8.8102899999993465E+000,-1.0602487344340656E+001
 8.8112899999993459E+000, 8.8112899999993459E+000,-1.0602487344323910E+001
 8.8122899999993454E+000, 8.8122899999993454E+000,-1.0602487344323093E+001
 8.8132899999993448E+000, 8.8132899999993448E+000,-1.0602487344332840E+001
 8.8142899999993443E+000, 8.8142899999993443E+000,-1.0602487344326317E+001
 8.8152899999993437E+000, 8.8152899999993437E+000,-1.0602487344319343E+001
 8.8162899999993432E+000, 8.8162899999993432E+000,-1.0602487344309532E+001
 8.8172899999993426E+000, 8.8172899999993426E+000,-1.0602487344318146E+001
 8.8182899999993420E+000, 8.8182899999993420E+000,-1.0602487344312472E+001
 8.8192899999993415E+000, 8.8192899999993415E+000,-1.0602487344311061E+001
 8.8202899999993409E+000, 8.8202899999993409E+000,-1.0602487344299600E+001
 8.8212899999993404E+000, 8.8212899999993404E+000,-1.0602487344292509E+001
 8.8222899999993398E+000, 8.8222899999993398E+000,-1.0602487344297476E+001
 8.8232899999993393E+000, 8.8232899999993393E+000,-1.0602487344286173E+001
 8.8242899999993387E+000, 8.8242899999993387E+000,-1.0602487344294756E+001
 8.8252899999993382E+000, 8.8252899999993382E+000,-1.0602487344277138E+001
 8.8262899999993376E+000, 8.8262899999993376E+000,-1.0602487344280039E+001
 8.8272899999993371E+000, 8.8272899999993371E+000,-1.0602487344281533E+001
 8.8282899999993365E+000, 8.8282899999993365E+000,-1.0602487344273884E+001
 8.8292899999993359E+000, 8.8292899999993359E+000,-1.0602487344283453E+001
 8.8302899999993354E+000, 8.8302899999993354E+000,-1.0602487344267661E+001
 8.8312899999993348E+000, 8.8312899999993348E+000,-1.0602487344271488E+001
 8.8322899999993343E+000, 8.8322899999993343E+000,-1.0602487344260171E+001
 8.8332899999993337E+000, 8.8332899999993337E+000,-1.0602487344253980E+001
 8.8342899999993332E+000, 8.8342899999993332E+000,-1.0602487344257169E+001
 8.8352899999993326E+000, 8.8352899999993326E+000,-1.0602487344256881E+001
 8.8362899999993321E+000, 8.8362899999993321E+000,-1.0602487344246356E+001
 8.8372899999993315E+000, 8.8372899999993315E+000,-1.0602487344249433E+001
 8.8382899999993310E+000, 8.8382899999993310E+000,-1.0602487344248246E+001
 8.8392899999993304E+000, 8.8392899999993304E+000,-1.0602487344235900E+001
 8.8402899999993299E+000, 8.8402899999993299E+000,-1.0602487344229669E+001
 8.8412899999993293E+000, 8.8412899999993293E+000,-1.0602487344223604E+001
 8.8422899999993287E+000, 8.8422899999993287E+000,-1.0602487344231436E+001
 8.8432899999993282E+000, 8.8432899999993282E+000,-1.0602487344220215E+001
 8.8442899999993276E+000, 8.8442899999993276E+000,-1.0602487344219545E+001
 8.8452899999993271E+000, 8.8452899999993271E+000,-1.0602487344220053E+001
 8.8462899999993265E+000, 8.8462899999993265E+000,-1.0602487344207749E+001
 8.8472899999993260E+000, 8.8472899999993260E+000,-1.0602487344206153E+001
 8.8482899999993254E+000, 8.8482899999993254E+000,-1.0602487344205729E+001
 8.8492899999993249E+000, 8.8492899999993249E+000,-1.0602487344204448E+001
 8.8502899999993243E+000, 8.8502899999993243E+000,-1.0602487344204039E+001
 8.8512899999993238E+000, 8.8512899999993238E+000,-1.0602487344196351E+001
 8.8522899999993232E+000, 8.8522899999993232E+000,-1.0602487344196661E+001
 8.8532899999993226E+000, 8.8532899999993226E+000,-1.0602487344189875E+001
 8.8542899999993221E+000, 8.8542899999993221E+000,-1.0602487344193950E+001
 8.8552899999993215E+000, 8.8552899999993215E+000,-1.0602487344189063E+001
 8.8562899999993210E+000, 8.8562899999993210E+000,-1.0602487344181240E+001
 8.8572899999993204E+000, 8.8572899999993204E+000,-1.0602487344179760E+001
 8.8582899999993199E+000, 8.8582899999993199E+000,-1.0602487344162778E+001
 8.8592899999993193E+000, 8.8592899999993193E+000,-1.0602487344167486E+001
 8.8602899999993188E+000, 8.8602899999993188E+000,-1.0602487344177369E+001
 8.8612899999993182E+000, 8.8612899999993182E+000,-1.0602487344153381E+001
 8.8622899999993177E+000, 8.8622899999993177E+000,-1.0602487344158794E+001
 8.8632899999993171E+000, 8.8632899999993171E+000,-1.0602487344158559E+001
 8.8642899999993165E+000, 8.8642899999993165E+000,-1.0602487344150868E+001
 8.8652899999993160E+000, 8.8652899999993160E+000,-1.0602487344144770E+001
 8.8662899999993154E+000, 8.8662899999993154E+000,-1.0602487344146031E+001
 8.8672899999993149E+000, 8.8672899999993149E+000,-1.0602487344147619E+001
 8.8682899999993143E+000, 8.8682899999993143E+000,-1.0602487344136236E+001
 8.8692899999993138E+000, 8.8692899999993138E+000,-1.0602487344134664E+001
 8.8702899999993132E+000, 8.8702899999993132E+000,-1.0602487344128733E+001
 8.8712899999993127E+000, 8.8712899999993127E+000,-1.0602487344128198E+001
 8.8722899999993121E+000, 8.8722899999993121E+000,-1.0602487344123185E+001
 8.8732899999993116E+000, 8.8732899999993116E+000,-1.0602487344115360E+001
 8.8742899999993110E+000, 8.8742899999993110E+000,-1.0602487344125832E+001
 8.8752899999993105E+000, 8.8752899999993105E+000,-1.0602487344108260E+001
 8.8762899999993099E+000, 8.8762899999993099E+000,-1.0602487344118471E+001
 8.8772899999993093E+000, 8.8772899999993093E+000,-1.0602487344105528E+001
 8.8782899999993088E+000, 8.8782899999993088E+000,-1.0602487344110340E+001
 8.8792899999993082E+000, 8.8792899999993082E+000,-1.0602487344099035E+001
 8.8802899999993077E+000, 8.8802899999993077E+000,-1.0602487344092854E+001
 8.8812899999993071E+000, 8.8812899999993071E+000,-1.0602487344106191E+001
 8.8822899999993066E+000, 8.8822899999993066E+000,-1.0602487344089599E+001
 8.8832899999993060E+000, 8.8832899999993060E+000,-1.0602487344087894E+001
 8.8842899999993055E+000, 8.8842899999993055E+000,-1.0602487344093882E+001
 8.8852899999993049E+000, 8.8852899999993049E+000,-1.0602487344081730E+001
 8.8862899999993044E+000, 8.8862899999993044E+000,-1.0602487344079240E+001
 8.8872899999993038E+000, 8.8872899999993038E+000,-1.0602487344063146E+001
 8.8882899999993032E+000, 8.8882899999993032E+000,-1.0602487344062332E+001
 8.8892899999993027E+000, 8.8892899999993027E+000,-1.0602487344071189E+001
 8.8902899999993021E+000, 8.8902899999993021E+000,-1.0602487344066425E+001
 8.8912899999993016E+000, 8.8912899999993016E+000,-1.0602487344065015E+001
 8.8922899999993010E+000, 8.8922899999993010E+000,-1.0602487344059085E+001
 8.8932899999993005E+000, 8.8932899999993005E+000,-1.0602487344050356E+001
 8.8942899999992999E+000, 8.8942899999992999E+000,-1.0602487344045119E+001
 8.8952899999992994E+000, 8.8952899999992994E+000,-1.0602487344049234E+001
 8.8962899999992988E+000, 8.8962899999992988E+000,-1.0602487344032397E+001
 8.8972899999992983E+000, 8.8972899999992983E+000,-1.0602487344029791E+001
 8.8982899999992977E+000, 8.8982899999992977E+000,-1.0602487344042180E+001
 8.8992899999992972E+000, 8.8992899999992972E+000,-1.0602487344029303E+001
 8.9002899999992966E+000, 8.9002899999992966E+000,-1.0602487344034103E+001
 8.9012899999992960E+000, 8.9012899999992960E+000,-1.0602487344021917E+001
 8.9022899999992955E+000, 8.9022899999992955E+000,-1.0602487344033158E+001
 8.9032899999992949E+000, 8.9032899999992949E+000,-1.0602487344025764E+001
 8.9042899999992944E+000, 8.9042899999992944E+000,-1.0602487344017870E+001
 8.9052899999992938E+000, 8.9052899999992938E+000,-1.0602487344012673E+001
 8.9062899999992933E+000, 8.9062899999992933E+000,-1.0602487344006635E+001
 8.9072899999992927E+000, 8.9072899999992927E+000,-1.0602487344010722E+001
 8.9082899999992922E+000, 8.9082899999992922E+000,-1.0602487343998519E+001
 8.9092899999992916E+000, 8.9092899999992916E+000,-1.0602487343993198E+001
 8.9102899999992911E+000, 8.9102899999992911E+000,-1.0602487343995529E+001
 8.9112899999992905E+000, 8.9112899999992905E+000,-1.0602487343984173E+001
 8.9122899999992899E+000, 8.9122899999992899E+000,-1.0602487343989003E+001
 8.9132899999992894E+000, 8.9132899999992894E+000,-1.0602487343977717E+001
 8.9142899999992888E+000, 8.9142899999992888E+000,-1.0602487343983469E+001
 8.9152899999992883E+000, 8.9152899999992883E+000,-1.0602487343986963E+001
 8.9162899999992877E+000, 8.9162899999992877E+000,-1.0602487343969228E+001
 8.9172899999992872E+000, 8.9172899999992872E+000,-1.0602487343978531E+001
 8.9182899999992866E+000, 8.9182899999992866E+000,-1.0602487343967358E+001
 8.9192899999992861E+000, 8.9192899999992861E+000,-1.0602487343966693E+001
 8.9202899999992855E+000, 8.9202899999992855E+000,-1.0602487343954349E+001
 8.9212899999992850E+000, 8.9212899999992850E+000,-1.0602487343957389E+001
 8.9222899999992844E+000, 8.9222899999992844E+000,-1.0602487343956190E+001
 8.9232899999992839E+000, 8.9232899999992839E+000,-1.0602487343945629E+001
 8.9242899999992833E+000, 8.9242899999992833E+000,-1.0602487343949617E+001
 8.9252899999992827E+000, 8.9252899999992827E+000,-1.0602487343948445E+001
 8.9262899999992822E+000, 8.9262899999992822E+000,-1.0602487343936094E+001
 8.9272899999992816E+000, 8.9272899999992816E+000,-1.0602487343937185E+001
 8.9282899999992811E+000, 8.9282899999992811E+000,-1.0602487343935945E+001
 8.9292899999992805E+000, 8.9292899999992805E+000,-1.0602487343924498E+001
 8.9302899999992800E+000, 8.9302899999992800E+000,-1.0602487343928436E+001
 8.9312899999992794E+000, 8.9312899999992794E+000,-1.0602487343926386E+001
 8.9322899999992789E+000, 8.9322899999992789E+000,-1.0602487343910285E+001
 8.9332899999992783E+000, 8.9332899999992783E+000,-1.0602487343913213E+001
 8.9342899999992778E+000, 8.9342899999992778E+000,-1.0602487343913813E+001
 8.9352899999992772E+000, 8.9352899999992772E+000,-1.0602487343917186E+001
 8.9362899999992766E+000, 8.9362899999992766E+000,-1.0602487343911369E+001
 8.9372899999992761E+000, 8.9372899999992761E+000,-1.0602487343903535E+001
 8.9382899999992755E+000, 8.9382899999992755E+000,-1.0602487343898323E+001
 8.9392899999992750E+000, 8.9392899999992750E+000,-1.0602487343885871E+001
 8.9402899999992744E+000, 8.9402899999992744E+000,-1.0602487343885173E+001
 8.9412899999992739E+000, 8.9412899999992739E+000,-1.0602487343895817E+001
 8.9422899999992733E+000, 8.9422899999992733E+000,-1.0602487343890198E+001
 8.9432899999992728E+000, 8.9432899999992728E+000,-1.0602487343883261E+001
 8.9442899999992722E+000, 8.9442899999992722E+000,-1.0602487343873594E+001
 8.9452899999992717E+000, 8.9452899999992717E+000,-1.0602487343880288E+001
 8.9462899999992711E+000, 8.9462899999992711E+000,-1.0602487343872774E+001
 8.9472899999992705E+000, 8.9472899999992705E+000,-1.0602487343867569E+001
 8.9482899999992700E+000, 8.9482899999992700E+000,-1.0602487343870791E+001
 8.9492899999992694E+000, 8.9492899999992694E+000,-1.0602487343859458E+001
 8.9502899999992689E+000, 8.9502899999992689E+000,-1.0602487343846844E+001
 8.9512899999992683E+000, 8.9512899999992683E+000,-1.0602487343847036E+001
 8.9522899999992678E+000, 8.9522899999992678E+000,-1.0602487343856813E+001
 8.9532899999992672E+000, 8.9532899999992672E+000,-1.0602487343845635E+001
 8.9542899999992667E+000, 8.9542899999992667E+000,-1.0602487343848706E+001
 8.9552899999992661E+000, 8.9552899999992661E+000,-1.0602487343838259E+001
 8.9562899999992656E+000, 8.9562899999992656E+000,-1.0602487343826562E+001
 8.9572899999992650E+000, 8.9572899999992650E+000,-1.0602487343836037E+001
 8.9582899999992645E+000, 8.9582899999992645E+000,-1.0602487343830388E+001
 8.9592899999992639E+000, 8.9592899999992639E+000,-1.0602487343828066E+001
 8.9602899999992633E+000, 8.9602899999992633E+000,-1.0602487343822116E+001
 8.9612899999992628E+000, 8.9612899999992628E+000,-1.0602487343820673E+001
 8.9622899999992622E+000, 8.9622899999992622E+000,-1.0602487343814754E+001
 8.9632899999992617E+000, 8.9632899999992617E+000,-1.0602487343809591E+001
 8.9642899999992611E+000, 8.9642899999992611E+000,-1.0602487343806390E+001
 8.9652899999992606E+000, 8.9652899999992606E+000,-1.0602487343802206E+001
 8.9662899999992600E+000, 8.9662899999992600E+000,-1.0602487343801712E+001
 8.9672899999992595E+000, 8.9672899999992595E+000,-1.0602487343810573E+001
 8.9682899999992589E+000, 8.9682899999992589E+000,-1.0602487343796708E+001
 8.9692899999992584E+000, 8.9692899999992584E+000,-1.0602487343795071E+001
 8.9702899999992578E+000, 8.9702899999992578E+000,-1.0602487343795538E+001
 8.9712899999992572E+000, 8.9712899999992572E+000,-1.0602487343782347E+001
 8.9722899999992567E+000, 8.9722899999992567E+000,-1.0602487343788944E+001
 8.9732899999992561E+000, 8.9732899999992561E+000,-1.0602487343786947E+001
 8.9742899999992556E+000, 8.9742899999992556E+000,-1.0602487343775479E+001
 8.9752899999992550E+000, 8.9752899999992550E+000,-1.0602487343779430E+001
 8.9762899999992545E+000, 8.9762899999992545E+000,-1.0602487343761695E+001
 8.9772899999992539E+000, 8.9772899999992539E+000,-1.0602487343772786E+001
 8.9782899999992534E+000, 8.9782899999992534E+000,-1.0602487343764500E+001
 8.9792899999992528E+000, 8.9792899999992528E+000,-1.0602487343753744E+001
 8.9802899999992523E+000, 8.9802899999992523E+000,-1.0602487343747573E+001
 8.9812899999992517E+000, 8.9812899999992517E+000,-1.0602487343745244E+001
 8.9822899999992512E+000, 8.9822899999992512E+000,-1.0602487343745704E+001
 8.9832899999992506E+000, 8.9832899999992506E+000,-1.0602487343750859E+001
 8.9842899999992500E+000, 8.9842899999992500E+000,-1.0602487343738691E+001
 8.9852899999992495E+000, 8.9852899999992495E+000,-1.0602487343746343E+001
 8.9862899999992489E+000, 8.9862899999992489E+000,-1.0602487343730495E+001
 8.9872899999992484E+000, 8.9872899999992484E+000,-1.0602487343739849E+001
 8.9882899999992478E+000, 8.9882899999992478E+000,-1.0602487343727784E+001
 8.9892899999992473E+000, 8.9892899999992473E+000,-1.0602487343728878E+001
 8.9902899999992467E+000, 8.9902899999992467E+000,-1.0602487343732273E+001
 8.9912899999992462E+000, 8.9912899999992462E+000,-1.0602487343713634E+001
 8.9922899999992456E+000, 8.9922899999992456E+000,-1.0602487343709026E+001
 8.9932899999992451E+000, 8.9932899999992451E+000,-1.0602487343716891E+001
 8.9942899999992445E+000, 8.9942899999992445E+000,-1.0602487343706573E+001
 8.9952899999992439E+000, 8.9952899999992439E+000,-1.0602487343715183E+001
 8.9962899999992434E+000, 8.9962899999992434E+000,-1.0602487343704881E+001
 8.9972899999992428E+000, 8.9972899999992428E+000,-1.0602487343696925E+001
 8.9982899999992423E+000, 8.9982899999992423E+000,-1.0602487343696341E+001
 8.9992899999992417E+000, 8.9992899999992417E+000,-1.0602487343690431E+001
 9.0002899999992412E+000, 9.0002899999992412E+000,-1.0602487343694524E+001
 9.0012899999992406E+000, 9.0012899999992406E+000,-1.0602487343683206E+001
 9.0022899999992401E+000, 9.0022899999992401E+000,-1.0602487343686265E+001
 9.0032899999992395E+000, 9.0032899999992395E+000,-1.0602487343681341E+001
 9.0042899999992390E+000, 9.0042899999992390E+000,-1.0602487343674417E+001
 9.0052899999992384E+000, 9.0052899999992384E+000,-1.0602487343674758E+001
 9.0062899999992378E+000, 9.0062899999992378E+000,-1.0602487343666194E+001
 9.0072899999992373E+000, 9.0072899999992373E+000,-1.0602487343661856E+001
 9.0082899999992367E+000, 9.0082899999992367E+000,-1.0602487343659570E+001
 9.0092899999992362E+000, 9.0092899999992362E+000,-1.0602487343646304E+001
 9.0102899999992356E+000, 9.0102899999992356E+000,-1.0602487343640954E+001
 9.0112899999992351E+000, 9.0112899999992351E+000,-1.0602487343651481E+001
 9.0122899999992345E+000, 9.0122899999992345E+000,-1.0602487343645855E+001
 9.0132899999992340E+000, 9.0132899999992340E+000,-1.0602487343644434E+001
 9.0142899999992334E+000, 9.0142899999992334E+000,-1.0602487343637607E+001
 9.0152899999992329E+000, 9.0152899999992329E+000,-1.0602487343629738E+001
 9.0162899999992323E+000, 9.0162899999992323E+000,-1.0602487343630049E+001
 9.0172899999992318E+000, 9.0172899999992318E+000,-1.0602487343629688E+001
 9.0182899999992312E+000, 9.0182899999992312E+000,-1.0602487343621993E+001
 9.0192899999992306E+000, 9.0192899999992306E+000,-1.0602487343620513E+001
 9.0202899999992301E+000, 9.0202899999992301E+000,-1.0602487343619199E+001
 9.0212899999992295E+000, 9.0212899999992295E+000,-1.0602487343618789E+001
 9.0222899999992290E+000, 9.0222899999992290E+000,-1.0602487343613785E+001
 9.0232899999992284E+000, 9.0232899999992284E+000,-1.0602487343607754E+001
 9.0242899999992279E+000, 9.0242899999992279E+000,-1.0602487343599908E+001
 9.0252899999992273E+000, 9.0252899999992273E+000,-1.0602487343605739E+001
 9.0262899999992268E+000, 9.0262899999992268E+000,-1.0602487343603737E+001
 9.0272899999992262E+000, 9.0272899999992262E+000,-1.0602487343596882E+001
 9.0282899999992257E+000, 9.0282899999992257E+000,-1.0602487343589901E+001
 9.0292899999992251E+000, 9.0292899999992251E+000,-1.0602487343589353E+001
 9.0302899999992245E+000, 9.0302899999992245E+000,-1.0602487343588956E+001
 9.0312899999992240E+000, 9.0312899999992240E+000,-1.0602487343582155E+001
 9.0322899999992234E+000, 9.0322899999992234E+000,-1.0602487343570555E+001
 9.0332899999992229E+000, 9.0332899999992229E+000,-1.0602487343569873E+001
 9.0342899999992223E+000, 9.0342899999992223E+000,-1.0602487343563073E+001
 9.0352899999992218E+000, 9.0352899999992218E+000,-1.0602487343565338E+001
 9.0362899999992212E+000, 9.0362899999992212E+000,-1.0602487343561297E+001
 9.0372899999992207E+000, 9.0372899999992207E+000,-1.0602487343553511E+001
 9.0382899999992201E+000, 9.0382899999992201E+000,-1.0602487343564857E+001
 9.0392899999992196E+000, 9.0392899999992196E+000,-1.0602487343562101E+001
 9.0402899999992190E+000, 9.0402899999992190E+000,-1.0602487343544192E+001
 9.0412899999992185E+000, 9.0412899999992185E+000,-1.0602487343545139E+001
 9.0422899999992179E+000, 9.0422899999992179E+000,-1.0602487343542995E+001
 9.0432899999992173E+000, 9.0432899999992173E+000,-1.0602487343549871E+001
 9.0442899999992168E+000, 9.0442899999992168E+000,-1.0602487343530434E+001
 9.0452899999992162E+000, 9.0452899999992162E+000,-1.0602487343535955E+001
 9.0462899999992157E+000, 9.0462899999992157E+000,-1.0602487343529308E+001
 9.0472899999992151E+000, 9.0472899999992151E+000,-1.0602487343522336E+001
 9.0482899999992146E+000, 9.0482899999992146E+000,-1.0602487343521791E+001
 9.0492899999992140E+000, 9.0492899999992140E+000,-1.0602487343514984E+001
 9.0502899999992135E+000, 9.0502899999992135E+000,-1.0602487343507120E+001
 9.0512899999992129E+000, 9.0512899999992129E+000,-1.0602487343513836E+001
 9.0522899999992124E+000, 9.0522899999992124E+000,-1.0602487343507224E+001
 9.0532899999992118E+000, 9.0532899999992118E+000,-1.0602487343505780E+001
 9.0542899999992112E+000, 9.0542899999992112E+000,-1.0602487343500735E+001
 9.0552899999992107E+000, 9.0552899999992107E+000,-1.0602487343492914E+001
 9.0562899999992101E+000, 9.0562899999992101E+000,-1.0602487343487715E+001
 9.0572899999992096E+000, 9.0572899999992096E+000,-1.0602487343485404E+001
 9.0582899999992090E+000, 9.0582899999992090E+000,-1.0602487343489601E+001
 9.0592899999992085E+000, 9.0592899999992085E+000,-1.0602487343483803E+001
 9.0602899999992079E+000, 9.0602899999992079E+000,-1.0602487343483272E+001
 9.0612899999992074E+000, 9.0612899999992074E+000,-1.0602487343487514E+001
 9.0622899999992068E+000, 9.0622899999992068E+000,-1.0602487343468905E+001
 9.0632899999992063E+000, 9.0632899999992063E+000,-1.0602487343484604E+001
 9.0642899999992057E+000, 9.0642899999992057E+000,-1.0602487343473584E+001
 9.0652899999992052E+000, 9.0652899999992052E+000,-1.0602487343455461E+001
 9.0662899999992046E+000, 9.0662899999992046E+000,-1.0602487343464766E+001
 9.0672899999992040E+000, 9.0672899999992040E+000,-1.0602487343453580E+001
 9.0682899999992035E+000, 9.0682899999992035E+000,-1.0602487343457550E+001
 9.0692899999992029E+000, 9.0692899999992029E+000,-1.0602487343446221E+001
 9.0702899999992024E+000, 9.0702899999992024E+000,-1.0602487343440028E+001
 9.0712899999992018E+000, 9.0712899999992018E+000,-1.0602487343447851E+001
 9.0722899999992013E+000, 9.0722899999992013E+000,-1.0602487343436643E+001
 9.0732899999992007E+000, 9.0732899999992007E+000,-1.0602487343436866E+001
 9.0742899999992002E+000, 9.0742899999992002E+000,-1.0602487343430077E+001
 9.0752899999991996E+000, 9.0752899999991996E+000,-1.0602487343425796E+001
 9.0762899999991991E+000, 9.0762899999991991E+000,-1.0602487343428141E+001
 9.0772899999991985E+000, 9.0772899999991985E+000,-1.0602487343417671E+001
 9.0782899999991979E+000, 9.0782899999991979E+000,-1.0602487343415227E+001
 9.0792899999991974E+000, 9.0792899999991974E+000,-1.0602487343414792E+001
 9.0802899999991968E+000, 9.0802899999991968E+000,-1.0602487343413509E+001
 9.0812899999991963E+000, 9.0812899999991963E+000,-1.0602487343413102E+001
 9.0822899999991957E+000, 9.0822899999991957E+000,-1.0602487343399883E+001
 9.0832899999991952E+000, 9.0832899999991952E+000,-1.0602487343406475E+001
 9.0842899999991946E+000, 9.0842899999991946E+000,-1.0602487343398064E+001
 9.0852899999991941E+000, 9.0852899999991941E+000,-1.0602487343402100E+001
 9.0862899999991935E+000, 9.0862899999991935E+000,-1.0602487343385258E+001
 9.0872899999991930E+000, 9.0872899999991930E+000,-1.0602487343390854E+001
 9.0882899999991924E+000, 9.0882899999991924E+000,-1.0602487343396145E+001
 9.0892899999991918E+000, 9.0892899999991918E+000,-1.0602487343387702E+001
 9.0902899999991913E+000, 9.0902899999991913E+000,-1.0602487343387999E+001
 9.0912899999991907E+000, 9.0912899999991907E+000,-1.0602487343375687E+001
 9.0922899999991902E+000, 9.0922899999991902E+000,-1.0602487343379618E+001
 9.0932899999991896E+000, 9.0932899999991896E+000,-1.0602487343369198E+001
 9.0942899999991891E+000, 9.0942899999991891E+000,-1.0602487343361233E+001
 9.0952899999991885E+000, 9.0952899999991885E+000,-1.0602487343359760E+001
 9.0962899999991880E+000, 9.0962899999991880E+000,-1.0602487343353829E+001
 9.0972899999991874E+000, 9.0972899999991874E+000,-1.0602487343351500E+001
 9.0982899999991869E+000, 9.0982899999991869E+000,-1.0602487343359261E+001
 9.0992899999991863E+000, 9.0992899999991863E+000,-1.0602487343344468E+001
 9.1002899999991858E+000, 9.1002899999991858E+000,-1.0602487343345496E+001
 9.1012899999991852E+000, 9.1012899999991852E+000,-1.0602487343332314E+001
 9.1022899999991846E+000, 9.1022899999991846E+000,-1.0602487343326969E+001
 9.1032899999991841E+000, 9.1032899999991841E+000,-1.0602487343330187E+001
 9.1042899999991835E+000, 9.1042899999991835E+000,-1.0602487343329898E+001
 9.1052899999991830E+000, 9.1052899999991830E+000,-1.0602487343323988E+001
 9.1062899999991824E+000, 9.1062899999991824E+000,-1.0602487343322553E+001
 9.1072899999991819E+000, 9.1072899999991819E+000,-1.0602487343322146E+001
 9.1082899999991813E+000, 9.1082899999991813E+000,-1.0602487343314440E+001
 9.1092899999991808E+000, 9.1092899999991808E+000,-1.0602487343301929E+001
 9.1102899999991802E+000, 9.1102899999991802E+000,-1.0602487343308537E+001
 9.1112899999991797E+000, 9.1112899999991797E+000,-1.0602487343312069E+001
 9.1122899999991791E+000, 9.1122899999991791E+000,-1.0602487343304476E+001
 9.1132899999991785E+000, 9.1132899999991785E+000,-1.0602487343303000E+001
 9.1142899999991780E+000, 9.1142899999991780E+000,-1.0602487343298844E+001
 9.1152899999991774E+000, 9.1152899999991774E+000,-1.0602487343296584E+001
 9.1162899999991769E+000, 9.1162899999991769E+000,-1.0602487343290623E+001
 9.1172899999991763E+000, 9.1172899999991763E+000,-1.0602487343289187E+001
 9.1182899999991758E+000, 9.1182899999991758E+000,-1.0602487343293404E+001
 9.1192899999991752E+000, 9.1192899999991752E+000,-1.0602487343289408E+001
 9.1202899999991747E+000, 9.1202899999991747E+000,-1.0602487343276103E+001
 9.1212899999991741E+000, 9.1212899999991741E+000,-1.0602487343274474E+001
 9.1222899999991736E+000, 9.1222899999991736E+000,-1.0602487343263018E+001
 9.1232899999991730E+000, 9.1232899999991730E+000,-1.0602487343267859E+001
 9.1242899999991725E+000, 9.1242899999991725E+000,-1.0602487343262979E+001
 9.1252899999991719E+000, 9.1252899999991719E+000,-1.0602487343260682E+001
 9.1262899999991713E+000, 9.1262899999991713E+000,-1.0602487343249209E+001
 9.1272899999991708E+000, 9.1272899999991708E+000,-1.0602487343252253E+001
 9.1282899999991702E+000, 9.1282899999991702E+000,-1.0602487343250173E+001
 9.1292899999991697E+000, 9.1292899999991697E+000,-1.0602487343250637E+001
 9.1302899999991691E+000, 9.1302899999991691E+000,-1.0602487343255794E+001
 9.1312899999991686E+000, 9.1312899999991686E+000,-1.0602487343237208E+001
 9.1322899999991680E+000, 9.1322899999991680E+000,-1.0602487343237232E+001
 9.1332899999991675E+000, 9.1332899999991675E+000,-1.0602487343236859E+001
 9.1342899999991669E+000, 9.1342899999991669E+000,-1.0602487343228258E+001
 9.1352899999991664E+000, 9.1352899999991664E+000,-1.0602487343223034E+001
 9.1362899999991658E+000, 9.1362899999991658E+000,-1.0602487343220734E+001
 9.1372899999991652E+000, 9.1372899999991652E+000,-1.0602487343220291E+001
 9.1382899999991647E+000, 9.1382899999991647E+000,-1.0602487343214381E+001
 9.1392899999991641E+000, 9.1392899999991641E+000,-1.0602487343217582E+001
 9.1402899999991636E+000, 9.1402899999991636E+000,-1.0602487343202526E+001
 9.1412899999991630E+000, 9.1412899999991630E+000,-1.0602487343190703E+001
 9.1422899999991625E+000, 9.1422899999991625E+000,-1.0602487343199273E+001
 9.1432899999991619E+000, 9.1432899999991619E+000,-1.0602487343198217E+001
 9.1442899999991614E+000, 9.1442899999991614E+000,-1.0602487343202450E+001
 9.1452899999991608E+000, 9.1452899999991608E+000,-1.0602487343187406E+001
 9.1462899999991603E+000, 9.1462899999991603E+000,-1.0602487343185748E+001
 9.1472899999991597E+000, 9.1472899999991597E+000,-1.0602487343183533E+001
 9.1482899999991591E+000, 9.1482899999991591E+000,-1.0602487343177581E+001
 9.1492899999991586E+000, 9.1492899999991586E+000,-1.0602487343175252E+001
 9.1502899999991580E+000, 9.1502899999991580E+000,-1.0602487343164674E+001
 9.1512899999991575E+000, 9.1512899999991575E+000,-1.0602487343164016E+001
 9.1522899999991569E+000, 9.1522899999991569E+000,-1.0602487343171981E+001
 9.1532899999991564E+000, 9.1532899999991564E+000,-1.0602487343166285E+001
 9.1542899999991558E+000, 9.1542899999991558E+000,-1.0602487343164871E+001
 9.1552899999991553E+000, 9.1552899999991553E+000,-1.0602487343158936E+001
 9.1562899999991547E+000, 9.1562899999991547E+000,-1.0602487343158405E+001
 9.1572899999991542E+000, 9.1572899999991542E+000,-1.0602487343152482E+001
 9.1582899999991536E+000, 9.1582899999991536E+000,-1.0602487343139128E+001
 9.1592899999991531E+000, 9.1592899999991531E+000,-1.0602487343143016E+001
 9.1602899999991525E+000, 9.1602899999991525E+000,-1.0602487343142759E+001
 9.1612899999991519E+000, 9.1612899999991519E+000,-1.0602487343132227E+001
 9.1622899999991514E+000, 9.1622899999991514E+000,-1.0602487343133507E+001
 9.1632899999991508E+000, 9.1632899999991508E+000,-1.0602487343140474E+001
 9.1642899999991503E+000, 9.1642899999991503E+000,-1.0602487343122826E+001
 9.1652899999991497E+000, 9.1652899999991497E+000,-1.0602487343127509E+001
 9.1662899999991492E+000, 9.1662899999991492E+000,-1.0602487343126356E+001
 9.1672899999991486E+000, 9.1672899999991486E+000,-1.0602487343114916E+001
 9.1682899999991481E+000, 9.1682899999991481E+000,-1.0602487343112450E+001
 9.1692899999991475E+000, 9.1692899999991475E+000,-1.0602487343112895E+001
 9.1702899999991470E+000, 9.1702899999991470E+000,-1.0602487343105228E+001
 9.1712899999991464E+000, 9.1712899999991464E+000,-1.0602487343105537E+001
 9.1722899999991458E+000, 9.1722899999991458E+000,-1.0602487343102485E+001
 9.1732899999991453E+000, 9.1732899999991453E+000,-1.0602487343092781E+001
 9.1742899999991447E+000, 9.1742899999991447E+000,-1.0602487343092140E+001
 9.1752899999991442E+000, 9.1752899999991442E+000,-1.0602487343084441E+001
 9.1762899999991436E+000, 9.1762899999991436E+000,-1.0602487343085652E+001
 9.1772899999991431E+000, 9.1772899999991431E+000,-1.0602487343089045E+001
 9.1782899999991425E+000, 9.1782899999991425E+000,-1.0602487343082347E+001
 9.1792899999991420E+000, 9.1792899999991420E+000,-1.0602487343079989E+001
 9.1802899999991414E+000, 9.1802899999991414E+000,-1.0602487343073136E+001
 9.1812899999991409E+000, 9.1812899999991409E+000,-1.0602487343067061E+001
 9.1822899999991403E+000, 9.1822899999991403E+000,-1.0602487343061014E+001
 9.1832899999991398E+000, 9.1832899999991398E+000,-1.0602487343065999E+001
 9.1842899999991392E+000, 9.1842899999991392E+000,-1.0602487343059323E+001
 9.1852899999991386E+000, 9.1852899999991386E+000,-1.0602487343054154E+001
 9.1862899999991381E+000, 9.1862899999991381E+000,-1.0602487343052742E+001
 9.1872899999991375E+000, 9.1872899999991375E+000,-1.0602487343050534E+001
 9.1882899999991370E+000, 9.1882899999991370E+000,-1.0602487343028017E+001
 9.1892899999991364E+000, 9.1892899999991364E+000,-1.0602487343038099E+001
 9.1902899999991359E+000, 9.1902899999991359E+000,-1.0602487343032468E+001
 9.1912899999991353E+000, 9.1912899999991353E+000,-1.0602487343031047E+001
 9.1922899999991348E+000, 9.1922899999991348E+000,-1.0602487343029747E+001
 9.1932899999991342E+000, 9.1932899999991342E+000,-1.0602487343022917E+001
 9.1942899999991337E+000, 9.1942899999991337E+000,-1.0602487343023242E+001
 9.1952899999991331E+000, 9.1952899999991331E+000,-1.0602487343015575E+001
 9.1962899999991325E+000, 9.1962899999991325E+000,-1.0602487343014996E+001
 9.1972899999991320E+000, 9.1972899999991320E+000,-1.0602487343020133E+001
 9.1982899999991314E+000, 9.1982899999991314E+000,-1.0602487343007947E+001
 9.1992899999991309E+000, 9.1992899999991309E+000,-1.0602487343007255E+001
 9.2002899999991303E+000, 9.2002899999991303E+000,-1.0602487342989392E+001
 9.2012899999991298E+000, 9.2012899999991298E+000,-1.0602487342994069E+001
 9.2022899999991292E+000, 9.2022899999991292E+000,-1.0602487343003972E+001
 9.2032899999991287E+000, 9.2032899999991287E+000,-1.0602487342991909E+001
 9.2042899999991281E+000, 9.2042899999991281E+000,-1.0602487342995842E+001
 9.2052899999991276E+000, 9.2052899999991276E+000,-1.0602487342979911E+001
 9.2062899999991270E+000, 9.2062899999991270E+000,-1.0602487342992992E+001
 9.2072899999991265E+000, 9.2072899999991265E+000,-1.0602487342975488E+001
 9.2082899999991259E+000, 9.2082899999991259E+000,-1.0602487342969139E+001
 9.2092899999991253E+000, 9.2092899999991253E+000,-1.0602487342968599E+001
 9.2102899999991248E+000, 9.2102899999991248E+000,-1.0602487342973728E+001
 9.2112899999991242E+000, 9.2112899999991242E+000,-1.0602487342956920E+001
 9.2122899999991237E+000, 9.2122899999991237E+000,-1.0602487342960728E+001
 9.2132899999991231E+000, 9.2132899999991231E+000,-1.0602487342954038E+001
 9.2142899999991226E+000, 9.2142899999991226E+000,-1.0602487342942434E+001
 9.2152899999991220E+000, 9.2152899999991220E+000,-1.0602487342958321E+001
 9.2162899999991215E+000, 9.2162899999991215E+000,-1.0602487342947322E+001
 9.2172899999991209E+000, 9.2172899999991209E+000,-1.0602487342940250E+001
 9.2182899999991204E+000, 9.2182899999991204E+000,-1.0602487342932378E+001
 9.2192899999991198E+000, 9.2192899999991198E+000,-1.0602487342931777E+001
 9.2202899999991192E+000, 9.2202899999991192E+000,-1.0602487342936914E+001
 9.2212899999991187E+000, 9.2212899999991187E+000,-1.0602487342925638E+001
 9.2222899999991181E+000, 9.2222899999991181E+000,-1.0602487342924954E+001
 9.2232899999991176E+000, 9.2232899999991176E+000,-1.0602487342928296E+001
 9.2242899999991170E+000, 9.2242899999991170E+000,-1.0602487342917856E+001
 9.2252899999991165E+000, 9.2252899999991165E+000,-1.0602487342915419E+001
 9.2262899999991159E+000, 9.2262899999991159E+000,-1.0602487342914086E+001
 9.2272899999991154E+000, 9.2272899999991154E+000,-1.0602487342906359E+001
 9.2282899999991148E+000, 9.2282899999991148E+000,-1.0602487342912209E+001
 9.2292899999991143E+000, 9.2292899999991143E+000,-1.0602487342895420E+001
 9.2302899999991137E+000, 9.2302899999991137E+000,-1.0602487342904736E+001
 9.2312899999991131E+000, 9.2312899999991131E+000,-1.0602487342905496E+001
 9.2322899999991126E+000, 9.2322899999991126E+000,-1.0602487342885894E+001
 9.2332899999991120E+000, 9.2332899999991120E+000,-1.0602487342884109E+001
 9.2342899999991115E+000, 9.2342899999991115E+000,-1.0602487342882798E+001
 9.2352899999991109E+000, 9.2352899999991109E+000,-1.0602487342888804E+001
 9.2362899999991104E+000, 9.2362899999991104E+000,-1.0602487342877536E+001
 9.2372899999991098E+000, 9.2372899999991098E+000,-1.0602487342871349E+001
 9.2382899999991093E+000, 9.2382899999991093E+000,-1.0602487342880956E+001
 9.2392899999991087E+000, 9.2392899999991087E+000,-1.0602487342874415E+001
 9.2402899999991082E+000, 9.2402899999991082E+000,-1.0602487342861929E+001
 9.2412899999991076E+000, 9.2412899999991076E+000,-1.0602487342866748E+001
 9.2422899999991071E+000, 9.2422899999991071E+000,-1.0602487342850829E+001
 9.2432899999991065E+000, 9.2432899999991065E+000,-1.0602487342850925E+001
 9.2442899999991059E+000, 9.2442899999991059E+000,-1.0602487342857126E+001
 9.2452899999991054E+000, 9.2452899999991054E+000,-1.0602487342845869E+001
 9.2462899999991048E+000, 9.2462899999991048E+000,-1.0602487342845196E+001
 9.2472899999991043E+000, 9.2472899999991043E+000,-1.0602487342832866E+001
 9.2482899999991037E+000, 9.2482899999991037E+000,-1.0602487342827537E+001
 9.2492899999991032E+000, 9.2492899999991032E+000,-1.0602487342829855E+001
 9.2502899999991026E+000, 9.2502899999991026E+000,-1.0602487342837749E+001
 9.2512899999991021E+000, 9.2512899999991021E+000,-1.0602487342834007E+001
 9.2522899999991015E+000, 9.2522899999991015E+000,-1.0602487342828002E+001
 9.2532899999991010E+000, 9.2532899999991010E+000,-1.0602487342832099E+001
 9.2542899999991004E+000, 9.2542899999991004E+000,-1.0602487342814378E+001
 9.2552899999990998E+000, 9.2552899999990998E+000,-1.0602487342819945E+001
 9.2562899999990993E+000, 9.2562899999990993E+000,-1.0602487342824343E+001
 9.2572899999990987E+000, 9.2572899999990987E+000,-1.0602487342812147E+001
 9.2582899999990982E+000, 9.2582899999990982E+000,-1.0602487342805928E+001
 9.2592899999990976E+000, 9.2592899999990976E+000,-1.0602487342799856E+001
 9.2602899999990971E+000, 9.2602899999990971E+000,-1.0602487342803064E+001
 9.2612899999990965E+000, 9.2612899999990965E+000,-1.0602487342786201E+001
 9.2622899999990960E+000, 9.2622899999990960E+000,-1.0602487342790912E+001
 9.2632899999990954E+000, 9.2632899999990954E+000,-1.0602487342785135E+001
 9.2642899999990949E+000, 9.2642899999990949E+000,-1.0602487342783718E+001
 9.2652899999990943E+000, 9.2652899999990943E+000,-1.0602487342781505E+001
 9.2662899999990938E+000, 9.2662899999990938E+000,-1.0602487342770035E+001
 9.2672899999990932E+000, 9.2672899999990932E+000,-1.0602487342770248E+001
 9.2682899999990926E+000, 9.2682899999990926E+000,-1.0602487342762567E+001
 9.2692899999990921E+000, 9.2692899999990921E+000,-1.0602487342770191E+001
 9.2702899999990915E+000, 9.2702899999990915E+000,-1.0602487342766434E+001
 9.2712899999990910E+000, 9.2712899999990910E+000,-1.0602487342756710E+001
 9.2722899999990904E+000, 9.2722899999990904E+000,-1.0602487342764439E+001
 9.2732899999990899E+000, 9.2732899999990899E+000,-1.0602487342759645E+001
 9.2742899999990893E+000, 9.2742899999990893E+000,-1.0602487342750930E+001
 9.2752899999990888E+000, 9.2752899999990888E+000,-1.0602487342744793E+001
 9.2762899999990882E+000, 9.2762899999990882E+000,-1.0602487342745153E+001
 9.2772899999990877E+000, 9.2772899999990877E+000,-1.0602487342733742E+001
 9.2782899999990871E+000, 9.2782899999990871E+000,-1.0602487342737701E+001
 9.2792899999990865E+000, 9.2792899999990865E+000,-1.0602487342735632E+001
 9.2802899999990860E+000, 9.2802899999990860E+000,-1.0602487342725951E+001
 9.2812899999990854E+000, 9.2812899999990854E+000,-1.0602487342724423E+001
 9.2822899999990849E+000, 9.2822899999990849E+000,-1.0602487342726850E+001
 9.2832899999990843E+000, 9.2832899999990843E+000,-1.0602487342709972E+001
 9.2842899999990838E+000, 9.2842899999990838E+000,-1.0602487342708256E+001
 9.2852899999990832E+000, 9.2852899999990832E+000,-1.0602487342717971E+001
 9.2862899999990827E+000, 9.2862899999990827E+000,-1.0602487342713236E+001
 9.2872899999990821E+000, 9.2872899999990821E+000,-1.0602487342707212E+001
 9.2882899999990816E+000, 9.2882899999990816E+000,-1.0602487342700256E+001
 9.2892899999990810E+000, 9.2892899999990810E+000,-1.0602487342694181E+001
 9.2902899999990805E+000, 9.2902899999990805E+000,-1.0602487342687226E+001
 9.2912899999990799E+000, 9.2912899999990799E+000,-1.0602487342690393E+001
 9.2922899999990793E+000, 9.2922899999990793E+000,-1.0602487342681748E+001
 9.2932899999990788E+000, 9.2932899999990788E+000,-1.0602487342683984E+001
 9.2942899999990782E+000, 9.2942899999990782E+000,-1.0602487342677248E+001
 9.2952899999990777E+000, 9.2952899999990777E+000,-1.0602487342678490E+001
 9.2962899999990771E+000, 9.2962899999990771E+000,-1.0602487342664416E+001
 9.2972899999990766E+000, 9.2972899999990766E+000,-1.0602487342662775E+001
 9.2982899999990760E+000, 9.2982899999990760E+000,-1.0602487342668773E+001
 9.2992899999990755E+000, 9.2992899999990755E+000,-1.0602487342667649E+001
 9.3002899999990749E+000, 9.3002899999990749E+000,-1.0602487342664563E+001
 9.3012899999990744E+000, 9.3012899999990744E+000,-1.0602487342665015E+001
 9.3022899999990738E+000, 9.3022899999990738E+000,-1.0602487342653603E+001
 9.3032899999990732E+000, 9.3032899999990732E+000,-1.0602487342646505E+001
 9.3042899999990727E+000, 9.3042899999990727E+000,-1.0602487342645942E+001
 9.3052899999990721E+000, 9.3052899999990721E+000,-1.0602487342639133E+001
 9.3062899999990716E+000, 9.3062899999990716E+000,-1.0602487342646938E+001
 9.3072899999990710E+000, 9.3072899999990710E+000,-1.0602487342620952E+001
 9.3082899999990705E+000, 9.3082899999990705E+000,-1.0602487342631820E+001
 9.3092899999990699E+000, 9.3092899999990699E+000,-1.0602487342624428E+001
 9.3102899999990694E+000, 9.3102899999990694E+000,-1.0602487342619236E+001
 9.3112899999990688E+000, 9.3112899999990688E+000,-1.0602487342616032E+001
 9.3122899999990683E+000, 9.3122899999990683E+000,-1.0602487342616465E+001
 9.3132899999990677E+000, 9.3132899999990677E+000,-1.0602487342605947E+001
 9.3142899999990671E+000, 9.3142899999990671E+000,-1.0602487342614559E+001
 9.3152899999990666E+000, 9.3152899999990666E+000,-1.0602487342608889E+001
 9.3162899999990660E+000, 9.3162899999990660E+000,-1.0602487342601945E+001
 9.3172899999990655E+000, 9.3172899999990655E+000,-1.0602487342600488E+001
 9.3182899999990649E+000, 9.3182899999990649E+000,-1.0602487342600970E+001
 9.3192899999990644E+000, 9.3192899999990644E+000,-1.0602487342585977E+001
 9.3202899999990638E+000, 9.3202899999990638E+000,-1.0602487342590743E+001
 9.3212899999990633E+000, 9.3212899999990633E+000,-1.0602487342585855E+001
 9.3222899999990627E+000, 9.3222899999990627E+000,-1.0602487342585349E+001
 9.3232899999990622E+000, 9.3232899999990622E+000,-1.0602487342579440E+001
 9.3242899999990616E+000, 9.3242899999990616E+000,-1.0602487342587263E+001
 9.3252899999990611E+000, 9.3252899999990611E+000,-1.0602487342576941E+001
 9.3262899999990605E+000, 9.3262899999990605E+000,-1.0602487342568992E+001
 9.3272899999990599E+000, 9.3272899999990599E+000,-1.0602487342579440E+001
 9.3282899999990594E+000, 9.3282899999990594E+000,-1.0602487342567407E+001
 9.3292899999990588E+000, 9.3292899999990588E+000,-1.0602487342560300E+001
 9.3302899999990583E+000, 9.3302899999990583E+000,-1.0602487342556007E+001
 9.3312899999990577E+000, 9.3312899999990577E+000,-1.0602487342542684E+001
 9.3322899999990572E+000, 9.3322899999990572E+000,-1.0602487342552998E+001
 9.3332899999990566E+000, 9.3332899999990566E+000,-1.0602487342545590E+001
 9.3342899999990561E+000, 9.3342899999990561E+000,-1.0602487342549637E+001
 9.3352899999990555E+000, 9.3352899999990555E+000,-1.0602487342539229E+001
 9.3362899999990550E+000, 9.3362899999990550E+000,-1.0602487342532161E+001
 9.3372899999990544E+000, 9.3372899999990544E+000,-1.0602487342525176E+001
 9.3382899999990538E+000, 9.3382899999990538E+000,-1.0602487342518193E+001
 9.3392899999990533E+000, 9.3392899999990533E+000,-1.0602487342519433E+001
 9.3402899999990527E+000, 9.3402899999990527E+000,-1.0602487342522814E+001
 9.3412899999990522E+000, 9.3412899999990522E+000,-1.0602487342522533E+001
 9.3422899999990516E+000, 9.3422899999990516E+000,-1.0602487342521250E+001
 9.3432899999990511E+000, 9.3432899999990511E+000,-1.0602487342515321E+001
 9.3442899999990505E+000, 9.3442899999990505E+000,-1.0602487342509269E+001
 9.3452899999990500E+000, 9.3452899999990500E+000,-1.0602487342512463E+001
 9.3462899999990494E+000, 9.3462899999990494E+000,-1.0602487342501124E+001
 9.3472899999990489E+000, 9.3472899999990489E+000,-1.0602487342512401E+001
 9.3482899999990483E+000, 9.3482899999990483E+000,-1.0602487342504109E+001
 9.3492899999990478E+000, 9.3492899999990478E+000,-1.0602487342503508E+001
 9.3502899999990472E+000, 9.3502899999990472E+000,-1.0602487342491179E+001
 9.3512899999990466E+000, 9.3512899999990466E+000,-1.0602487342485864E+001
 9.3522899999990461E+000, 9.3522899999990461E+000,-1.0602487342478028E+001
 9.3532899999990455E+000, 9.3532899999990455E+000,-1.0602487342477453E+001
 9.3542899999990450E+000, 9.3542899999990450E+000,-1.0602487342477955E+001
 9.3552899999990444E+000, 9.3552899999990444E+000,-1.0602487342463853E+001
 9.3562899999990439E+000, 9.3562899999990439E+000,-1.0602487342462229E+001
 9.3572899999990433E+000, 9.3572899999990433E+000,-1.0602487342473744E+001
 9.3582899999990428E+000, 9.3582899999990428E+000,-1.0602487342451576E+001
 9.3592899999990422E+000, 9.3592899999990422E+000,-1.0602487342455248E+001
 9.3602899999990417E+000, 9.3602899999990417E+000,-1.0602487342454062E+001
 9.3612899999990411E+000, 9.3612899999990411E+000,-1.0602487342448141E+001
 9.3622899999990405E+000, 9.3622899999990405E+000,-1.0602487342441194E+001
 9.3632899999990400E+000, 9.3632899999990400E+000,-1.0602487342450782E+001
 9.3642899999990394E+000, 9.3642899999990394E+000,-1.0602487342439625E+001
 9.3652899999990389E+000, 9.3652899999990389E+000,-1.0602487342438055E+001
 9.3662899999990383E+000, 9.3662899999990383E+000,-1.0602487342436746E+001
 9.3672899999990378E+000, 9.3672899999990378E+000,-1.0602487342430816E+001
 9.3682899999990372E+000, 9.3682899999990372E+000,-1.0602487342429381E+001
 9.3692899999990367E+000, 9.3692899999990367E+000,-1.0602487342428962E+001
 9.3702899999990361E+000, 9.3702899999990361E+000,-1.0602487342423057E+001
 9.3712899999990356E+000, 9.3712899999990356E+000,-1.0602487342417010E+001
 9.3722899999990350E+000, 9.3722899999990350E+000,-1.0602487342414690E+001
 9.3732899999990344E+000, 9.3732899999990344E+000,-1.0602487342397678E+001
 9.3742899999990339E+000, 9.3742899999990339E+000,-1.0602487342407898E+001
 9.3752899999990333E+000, 9.3752899999990333E+000,-1.0602487342394971E+001
 9.3762899999990328E+000, 9.3762899999990328E+000,-1.0602487342389622E+001
 9.3772899999990322E+000, 9.3772899999990322E+000,-1.0602487342397461E+001
 9.3782899999990317E+000, 9.3782899999990317E+000,-1.0602487342392660E+001
 9.3792899999990311E+000, 9.3792899999990311E+000,-1.0602487342380220E+001
 9.3802899999990306E+000, 9.3802899999990306E+000,-1.0602487342379526E+001
 9.3812899999990300E+000, 9.3812899999990300E+000,-1.0602487342384640E+001
 9.3822899999990295E+000, 9.3822899999990295E+000,-1.0602487342378881E+001
 9.3832899999990289E+000, 9.3832899999990289E+000,-1.0602487342376563E+001
 9.3842899999990284E+000, 9.3842899999990284E+000,-1.0602487342369711E+001
 9.3852899999990278E+000, 9.3852899999990278E+000,-1.0602487342370949E+001
 9.3862899999990272E+000, 9.3862899999990272E+000,-1.0602487342362389E+001
 9.3872899999990267E+000, 9.3872899999990267E+000,-1.0602487342368212E+001
 9.3882899999990261E+000, 9.3882899999990261E+000,-1.0602487342361577E+001
 9.3892899999990256E+000, 9.3892899999990256E+000,-1.0602487342354605E+001
 9.3902899999990250E+000, 9.3902899999990250E+000,-1.0602487342349413E+001
 9.3912899999990245E+000, 9.3912899999990245E+000,-1.0602487342357257E+001
 9.3922899999990239E+000, 9.3922899999990239E+000,-1.0602487342351573E+001
 9.3932899999990234E+000, 9.3932899999990234E+000,-1.0602487342345521E+001
 9.3942899999990228E+000, 9.3942899999990228E+000,-1.0602487342344086E+001
 9.3952899999990223E+000, 9.3952899999990223E+000,-1.0602487342337264E+001
 9.3962899999990217E+000, 9.3962899999990217E+000,-1.0602487342330289E+001
 9.3972899999990211E+000, 9.3972899999990211E+000,-1.0602487342334360E+001
 9.3982899999990206E+000, 9.3982899999990206E+000,-1.0602487342327677E+001
 9.3992899999990200E+000, 9.3992899999990200E+000,-1.0602487342317875E+001
 9.4002899999990195E+000, 9.4002899999990195E+000,-1.0602487342310830E+001
 9.4012899999990189E+000, 9.4012899999990189E+000,-1.0602487342314880E+001
 9.4022899999990184E+000, 9.4022899999990184E+000,-1.0602487342303565E+001
 9.4032899999990178E+000, 9.4032899999990178E+000,-1.0602487342307526E+001
 9.4042899999990173E+000, 9.4042899999990173E+000,-1.0602487342301735E+001
 9.4052899999990167E+000, 9.4052899999990167E+000,-1.0602487342304936E+001
 9.4062899999990162E+000, 9.4062899999990162E+000,-1.0602487342295387E+001
 9.4072899999990156E+000, 9.4072899999990156E+000,-1.0602487342298488E+001
 9.4082899999990151E+000, 9.4082899999990151E+000,-1.0602487342286270E+001
 9.4092899999990145E+000, 9.4092899999990145E+000,-1.0602487342280043E+001
 9.4102899999990139E+000, 9.4102899999990139E+000,-1.0602487342288756E+001
 9.4112899999990134E+000, 9.4112899999990134E+000,-1.0602487342272051E+001
 9.4122899999990128E+000, 9.4122899999990128E+000,-1.0602487342276746E+001
 9.4132899999990123E+000, 9.4132899999990123E+000,-1.0602487342275602E+001
 9.4142899999990117E+000, 9.4142899999990117E+000,-1.0602487342263252E+001
 9.4152899999990112E+000, 9.4152899999990112E+000,-1.0602487342264357E+001
 9.4162899999990106E+000, 9.4162899999990106E+000,-1.0602487342262201E+001
 9.4172899999990101E+000, 9.4172899999990101E+000,-1.0602487342260870E+001
 9.4182899999990095E+000, 9.4182899999990095E+000,-1.0602487342259584E+001
 9.4192899999990090E+000, 9.4192899999990090E+000,-1.0602487342252756E+001
 9.4202899999990084E+000, 9.4202899999990084E+000,-1.0602487342247564E+001
 9.4212899999990078E+000, 9.4212899999990078E+000,-1.0602487342246164E+001
 9.4222899999990073E+000, 9.4222899999990073E+000,-1.0602487342243954E+001
 9.4232899999990067E+000, 9.4232899999990067E+000,-1.0602487342238897E+001
 9.4242899999990062E+000, 9.4242899999990062E+000,-1.0602487342231974E+001
 9.4252899999990056E+000, 9.4252899999990056E+000,-1.0602487342225896E+001
 9.4262899999990051E+000, 9.4262899999990051E+000,-1.0602487342236403E+001
 9.4272899999990045E+000, 9.4272899999990045E+000,-1.0602487342224372E+001
 9.4282899999990040E+000, 9.4282899999990040E+000,-1.0602487342228294E+001
 9.4292899999990034E+000, 9.4292899999990034E+000,-1.0602487342211450E+001
 9.4302899999990029E+000, 9.4302899999990029E+000,-1.0602487342205119E+001
 9.4312899999990023E+000, 9.4312899999990023E+000,-1.0602487342210102E+001
 9.4322899999990018E+000, 9.4322899999990018E+000,-1.0602487342213589E+001
 9.4332899999990012E+000, 9.4332899999990012E+000,-1.0602487342190319E+001
 9.4342899999990006E+000, 9.4342899999990006E+000,-1.0602487342203203E+001
 9.4352899999990001E+000, 9.4352899999990001E+000,-1.0602487342201229E+001
 9.4362899999989995E+000, 9.4362899999989995E+000,-1.0602487342193506E+001
 9.4372899999989990E+000, 9.4372899999989990E+000,-1.0602487342198438E+001
 9.4382899999989984E+000, 9.4382899999989984E+000,-1.0602487342190878E+001
 9.4392899999989979E+000, 9.4392899999989979E+000,-1.0602487342196712E+001
 9.4402899999989973E+000, 9.4402899999989973E+000,-1.0602487342178147E+001
 9.4412899999989968E+000, 9.4412899999989968E+000,-1.0602487342181899E+001
 9.4422899999989962E+000, 9.4422899999989962E+000,-1.0602487342170582E+001
 9.4432899999989957E+000, 9.4432899999989957E+000,-1.0602487342169912E+001
 9.4442899999989951E+000, 9.4442899999989951E+000,-1.0602487342157584E+001
 9.4452899999989945E+000, 9.4452899999989945E+000,-1.0602487342163290E+001
 9.4462899999989940E+000, 9.4462899999989940E+000,-1.0602487342162163E+001
 9.4472899999989934E+000, 9.4472899999989934E+000,-1.0602487342155351E+001
 9.4482899999989929E+000, 9.4482899999989929E+000,-1.0602487342142860E+001
 9.4492899999989923E+000, 9.4492899999989923E+000,-1.0602487342146778E+001
 9.4502899999989918E+000, 9.4502899999989918E+000,-1.0602487342147398E+001
 9.4512899999989912E+000, 9.4512899999989912E+000,-1.0602487342146144E+001
 9.4522899999989907E+000, 9.4522899999989907E+000,-1.0602487342140220E+001
 9.4532899999989901E+000, 9.4532899999989901E+000,-1.0602487342132367E+001
 9.4542899999989896E+000, 9.4542899999989896E+000,-1.0602487342127162E+001
 9.4552899999989890E+000, 9.4552899999989890E+000,-1.0602487342123974E+001
 9.4562899999989884E+000, 9.4562899999989884E+000,-1.0602487342119778E+001
 9.4572899999989879E+000, 9.4572899999989879E+000,-1.0602487342123014E+001
 9.4582899999989873E+000, 9.4582899999989873E+000,-1.0602487342122730E+001
 9.4592899999989868E+000, 9.4592899999989868E+000,-1.0602487342104894E+001
 9.4602899999989862E+000, 9.4602899999989862E+000,-1.0602487342101359E+001
 9.4612899999989857E+000, 9.4612899999989857E+000,-1.0602487342095371E+001
 9.4622899999989851E+000, 9.4622899999989851E+000,-1.0602487342102144E+001
 9.4632899999989846E+000, 9.4632899999989846E+000,-1.0602487342106574E+001
 9.4642899999989840E+000, 9.4642899999989840E+000,-1.0602487342093482E+001
 9.4652899999989835E+000, 9.4652899999989835E+000,-1.0602487342098286E+001
 9.4662899999989829E+000, 9.4662899999989829E+000,-1.0602487342086979E+001
 9.4672899999989824E+000, 9.4672899999989824E+000,-1.0602487342091839E+001
 9.4682899999989818E+000, 9.4682899999989818E+000,-1.0602487342086068E+001
 9.4692899999989812E+000, 9.4692899999989812E+000,-1.0602487342078229E+001
 9.4702899999989807E+000, 9.4702899999989807E+000,-1.0602487342074967E+001
 9.4712899999989801E+000, 9.4712899999989801E+000,-1.0602487342070765E+001
 9.4722899999989796E+000, 9.4722899999989796E+000,-1.0602487342064757E+001
 9.4732899999989790E+000, 9.4732899999989790E+000,-1.0602487342067960E+001
 9.4742899999989785E+000, 9.4742899999989785E+000,-1.0602487342067660E+001
 9.4752899999989779E+000, 9.4752899999989779E+000,-1.0602487342055348E+001
 9.4762899999989774E+000, 9.4762899999989774E+000,-1.0602487342054648E+001
 9.4772899999989768E+000, 9.4772899999989768E+000,-1.0602487342054250E+001
 9.4782899999989763E+000, 9.4782899999989763E+000,-1.0602487342047443E+001
 9.4792899999989757E+000, 9.4792899999989757E+000,-1.0602487342053312E+001
 9.4802899999989751E+000, 9.4802899999989751E+000,-1.0602487342041135E+001
 9.4812899999989746E+000, 9.4812899999989746E+000,-1.0602487342033145E+001
 9.4822899999989740E+000, 9.4822899999989740E+000,-1.0602487342035245E+001
 9.4832899999989735E+000, 9.4832899999989735E+000,-1.0602487342032228E+001
 9.4842899999989729E+000, 9.4842899999989729E+000,-1.0602487342030880E+001
 9.4852899999989724E+000, 9.4852899999989724E+000,-1.0602487342024951E+001
 9.4862899999989718E+000, 9.4862899999989718E+000,-1.0602487342028148E+001
 9.4872899999989713E+000, 9.4872899999989713E+000,-1.0602487342018598E+001
 9.4882899999989707E+000, 9.4882899999989707E+000,-1.0602487342020805E+001
 9.4892899999989702E+000, 9.4892899999989702E+000,-1.0602487342016762E+001
 9.4902899999989696E+000, 9.4902899999989696E+000,-1.0602487342008066E+001
 9.4912899999989691E+000, 9.4912899999989691E+000,-1.0602487342005679E+001
 9.4922899999989685E+000, 9.4922899999989685E+000,-1.0602487342002403E+001
 9.4932899999989679E+000, 9.4932899999989679E+000,-1.0602487342000144E+001
 9.4942899999989674E+000, 9.4942899999989674E+000,-1.0602487342000611E+001
 9.4952899999989668E+000, 9.4952899999989668E+000,-1.0602487341981000E+001
 9.4962899999989663E+000, 9.4962899999989663E+000,-1.0602487341985629E+001
 9.4972899999989657E+000, 9.4972899999989657E+000,-1.0602487341991793E+001
 9.4982899999989652E+000, 9.4982899999989652E+000,-1.0602487341978742E+001
 9.4992899999989646E+000, 9.4992899999989646E+000,-1.0602487341978014E+001
 9.5002899999989641E+000, 9.5002899999989641E+000,-1.0602487341976737E+001
 9.5012899999989635E+000, 9.5012899999989635E+000,-1.0602487341970807E+001
 9.5022899999989630E+000, 9.5022899999989630E+000,-1.0602487341969384E+001
 9.5032899999989624E+000, 9.5032899999989624E+000,-1.0602487341963441E+001
 9.5042899999989618E+000, 9.5042899999989618E+000,-1.0602487341968427E+001
 9.5052899999989613E+000, 9.5052899999989613E+000,-1.0602487341961764E+001
 9.5062899999989607E+000, 9.5062899999989607E+000,-1.0602487341953893E+001
 9.5072899999989602E+000, 9.5072899999989602E+000,-1.0602487341953319E+001
 9.5082899999989596E+000, 9.5082899999989596E+000,-1.0602487341947416E+001
 9.5092899999989591E+000, 9.5092899999989591E+000,-1.0602487341951509E+001
 9.5102899999989585E+000, 9.5102899999989585E+000,-1.0602487341944824E+001
 9.5112899999989580E+000, 9.5112899999989580E+000,-1.0602487341932331E+001
 9.5122899999989574E+000, 9.5122899999989574E+000,-1.0602487341938041E+001
 9.5132899999989569E+000, 9.5132899999989569E+000,-1.0602487341931401E+001
 9.5142899999989563E+000, 9.5142899999989563E+000,-1.0602487341928162E+001
 9.5152899999989558E+000, 9.5152899999989558E+000,-1.0602487341928605E+001
 9.5162899999989552E+000, 9.5162899999989552E+000,-1.0602487341925404E+001
 9.5172899999989546E+000, 9.5172899999989546E+000,-1.0602487341922249E+001
 9.5182899999989541E+000, 9.5182899999989541E+000,-1.0602487341909857E+001
 9.5192899999989535E+000, 9.5192899999989535E+000,-1.0602487341914669E+001
 9.5202899999989530E+000, 9.5202899999989530E+000,-1.0602487341908006E+001
 9.5212899999989524E+000, 9.5212899999989524E+000,-1.0602487341896413E+001
 9.5222899999989519E+000, 9.5222899999989519E+000,-1.0602487341899456E+001
 9.5232899999989513E+000, 9.5232899999989513E+000,-1.0602487341888134E+001
 9.5242899999989508E+000, 9.5242899999989508E+000,-1.0602487341888347E+001
 9.5252899999989502E+000, 9.5252899999989502E+000,-1.0602487341898115E+001
 9.5262899999989497E+000, 9.5262899999989497E+000,-1.0602487341886052E+001
 9.5272899999989491E+000, 9.5272899999989491E+000,-1.0602487341879851E+001
 9.5282899999989485E+000, 9.5282899999989485E+000,-1.0602487341877531E+001
 9.5292899999989480E+000, 9.5292899999989480E+000,-1.0602487341877982E+001
 9.5302899999989474E+000, 9.5302899999989474E+000,-1.0602487341865690E+001
 9.5312899999989469E+000, 9.5312899999989469E+000,-1.0602487341880655E+001
 9.5322899999989463E+000, 9.5322899999989463E+000,-1.0602487341863217E+001
 9.5332899999989458E+000, 9.5332899999989458E+000,-1.0602487341867889E+001
 9.5342899999989452E+000, 9.5342899999989452E+000,-1.0602487341855694E+001
 9.5352899999989447E+000, 9.5352899999989447E+000,-1.0602487341859639E+001
 9.5362899999989441E+000, 9.5362899999989441E+000,-1.0602487341844586E+001
 9.5372899999989436E+000, 9.5372899999989436E+000,-1.0602487341849335E+001
 9.5382899999989430E+000, 9.5382899999989430E+000,-1.0602487341846395E+001
 9.5392899999989424E+000, 9.5392899999989424E+000,-1.0602487341835788E+001
 9.5402899999989419E+000, 9.5402899999989419E+000,-1.0602487341828724E+001
 9.5412899999989413E+000, 9.5412899999989413E+000,-1.0602487341825480E+001
 9.5422899999989408E+000, 9.5422899999989408E+000,-1.0602487341825913E+001
 9.5432899999989402E+000, 9.5432899999989402E+000,-1.0602487341831070E+001
 9.5442899999989397E+000, 9.5442899999989397E+000,-1.0602487341818886E+001
 9.5452899999989391E+000, 9.5452899999989391E+000,-1.0602487341823709E+001
 9.5462899999989386E+000, 9.5462899999989386E+000,-1.0602487341810622E+001
 9.5472899999989380E+000, 9.5472899999989380E+000,-1.0602487341805292E+001
 9.5482899999989375E+000, 9.5482899999989375E+000,-1.0602487341804766E+001
 9.5492899999989369E+000, 9.5492899999989369E+000,-1.0602487341803485E+001
 9.5502899999989364E+000, 9.5502899999989364E+000,-1.0602487341803084E+001
 9.5512899999989358E+000, 9.5512899999989358E+000,-1.0602487341795385E+001
 9.5522899999989352E+000, 9.5522899999989352E+000,-1.0602487341807631E+001
 9.5532899999989347E+000, 9.5532899999989347E+000,-1.0602487341789216E+001
 9.5542899999989341E+000, 9.5542899999989341E+000,-1.0602487341791191E+001
 9.5552899999989336E+000, 9.5552899999989336E+000,-1.0602487341790876E+001
 9.5562899999989330E+000, 9.5562899999989330E+000,-1.0602487341783176E+001
 9.5572899999989325E+000, 9.5572899999989325E+000,-1.0602487341777978E+001
 9.5582899999989319E+000, 9.5582899999989319E+000,-1.0602487341779259E+001
 9.5592899999989314E+000, 9.5592899999989314E+000,-1.0602487341770704E+001
 9.5602899999989308E+000, 9.5602899999989308E+000,-1.0602487341770109E+001
 9.5612899999989303E+000, 9.5612899999989303E+000,-1.0602487341768821E+001
 9.5622899999989297E+000, 9.5622899999989297E+000,-1.0602487341769303E+001
 9.5632899999989291E+000, 9.5632899999989291E+000,-1.0602487341750589E+001
 9.5642899999989286E+000, 9.5642899999989286E+000,-1.0602487341756131E+001
 9.5652899999989280E+000, 9.5652899999989280E+000,-1.0602487341748581E+001
 9.5662899999989275E+000, 9.5662899999989275E+000,-1.0602487341744284E+001
 9.5672899999989269E+000, 9.5672899999989269E+000,-1.0602487341745734E+001
 9.5682899999989264E+000, 9.5682899999989264E+000,-1.0602487341745398E+001
 9.5692899999989258E+000, 9.5692899999989258E+000,-1.0602487341729338E+001
 9.5702899999989253E+000, 9.5702899999989253E+000,-1.0602487341738691E+001
 9.5712899999989247E+000, 9.5712899999989247E+000,-1.0602487341726617E+001
 9.5722899999989242E+000, 9.5722899999989242E+000,-1.0602487341725926E+001
 9.5732899999989236E+000, 9.5732899999989236E+000,-1.0602487341725535E+001
 9.5742899999989231E+000, 9.5742899999989231E+000,-1.0602487341728889E+001
 9.5752899999989225E+000, 9.5752899999989225E+000,-1.0602487341712035E+001
 9.5762899999989219E+000, 9.5762899999989219E+000,-1.0602487341709418E+001
 9.5772899999989214E+000, 9.5772899999989214E+000,-1.0602487341714500E+001
 9.5782899999989208E+000, 9.5782899999989208E+000,-1.0602487341709624E+001
 9.5792899999989203E+000, 9.5792899999989203E+000,-1.0602487341700915E+001
 9.5802899999989197E+000, 9.5802899999989197E+000,-1.0602487341707620E+001
 9.5812899999989192E+000, 9.5812899999989192E+000,-1.0602487341706523E+001
 9.5822899999989186E+000, 9.5822899999989186E+000,-1.0602487341692402E+001
 9.5832899999989181E+000, 9.5832899999989181E+000,-1.0602487341686123E+001
 9.5842899999989175E+000, 9.5842899999989175E+000,-1.0602487341680961E+001
 9.5852899999989170E+000, 9.5852899999989170E+000,-1.0602487341684185E+001
 9.5862899999989164E+000, 9.5862899999989164E+000,-1.0602487341690306E+001
 9.5872899999989158E+000, 9.5872899999989158E+000,-1.0602487341671740E+001
 9.5882899999989153E+000, 9.5882899999989153E+000,-1.0602487341672663E+001
 9.5892899999989147E+000, 9.5892899999989147E+000,-1.0602487341676927E+001
 9.5902899999989142E+000, 9.5902899999989142E+000,-1.0602487341668464E+001
 9.5912899999989136E+000, 9.5912899999989136E+000,-1.0602487341669654E+001
 9.5922899999989131E+000, 9.5922899999989131E+000,-1.0602487341656477E+001
 9.5932899999989125E+000, 9.5932899999989125E+000,-1.0602487341654861E+001
 9.5942899999989120E+000, 9.5942899999989120E+000,-1.0602487341649816E+001
 9.5952899999989114E+000, 9.5952899999989114E+000,-1.0602487341659458E+001
 9.5962899999989109E+000, 9.5962899999989109E+000,-1.0602487341648294E+001
 9.5972899999989103E+000, 9.5972899999989103E+000,-1.0602487341642089E+001
 9.5982899999989097E+000, 9.5982899999989097E+000,-1.0602487341644402E+001
 9.5992899999989092E+000, 9.5992899999989092E+000,-1.0602487341639460E+001
 9.6002899999989086E+000, 9.6002899999989086E+000,-1.0602487341627018E+001
 9.6012899999989081E+000, 9.6012899999989081E+000,-1.0602487341636456E+001
 9.6022899999989075E+000, 9.6022899999989075E+000,-1.0602487341623501E+001
 9.6032899999989070E+000, 9.6032899999989070E+000,-1.0602487341622776E+001
 9.6042899999989064E+000, 9.6042899999989064E+000,-1.0602487341623272E+001
 9.6052899999989059E+000, 9.6052899999989059E+000,-1.0602487341616493E+001
 9.6062899999989053E+000, 9.6062899999989053E+000,-1.0602487341621455E+001
 9.6072899999989048E+000, 9.6072899999989048E+000,-1.0602487341604650E+001
 9.6082899999989042E+000, 9.6082899999989042E+000,-1.0602487341602936E+001
 9.6092899999989037E+000, 9.6092899999989037E+000,-1.0602487341606258E+001
 9.6102899999989031E+000, 9.6102899999989031E+000,-1.0602487341589404E+001
 9.6112899999989025E+000, 9.6112899999989025E+000,-1.0602487341594994E+001
 9.6122899999989020E+000, 9.6122899999989020E+000,-1.0602487341592980E+001
 9.6132899999989014E+000, 9.6132899999989014E+000,-1.0602487341590766E+001
 9.6142899999989009E+000, 9.6142899999989009E+000,-1.0602487341591212E+001
 9.6152899999989003E+000, 9.6152899999989003E+000,-1.0602487341585341E+001
 9.6162899999988998E+000, 9.6162899999988998E+000,-1.0602487341578378E+001
 9.6172899999988992E+000, 9.6172899999988992E+000,-1.0602487341573209E+001
 9.6182899999988987E+000, 9.6182899999988987E+000,-1.0602487341565380E+001
 9.6192899999988981E+000, 9.6192899999988981E+000,-1.0602487341569423E+001
 9.6202899999988976E+000, 9.6202899999988976E+000,-1.0602487341547063E+001
 9.6212899999988970E+000, 9.6212899999988970E+000,-1.0602487341567290E+001
 9.6222899999988964E+000, 9.6222899999988964E+000,-1.0602487341562828E+001
 9.6232899999988959E+000, 9.6232899999988959E+000,-1.0602487341544863E+001
 9.6242899999988953E+000, 9.6242899999988953E+000,-1.0602487341547754E+001
 9.6252899999988948E+000, 9.6252899999988948E+000,-1.0602487341553868E+001
 9.6262899999988942E+000, 9.6262899999988942E+000,-1.0602487341547246E+001
 9.6272899999988937E+000, 9.6272899999988937E+000,-1.0602487341552209E+001
 9.6282899999988931E+000, 9.6282899999988931E+000,-1.0602487341540021E+001
 9.6292899999988926E+000, 9.6292899999988926E+000,-1.0602487341533816E+001
 9.6302899999988920E+000, 9.6302899999988920E+000,-1.0602487341533267E+001
 9.6312899999988915E+000, 9.6312899999988915E+000,-1.0602487341528398E+001
 9.6322899999988909E+000, 9.6322899999988909E+000,-1.0602487341529685E+001
 9.6332899999988904E+000, 9.6332899999988904E+000,-1.0602487341517408E+001
 9.6342899999988898E+000, 9.6342899999988898E+000,-1.0602487341523130E+001
 9.6352899999988892E+000, 9.6352899999988892E+000,-1.0602487341511845E+001
 9.6362899999988887E+000, 9.6362899999988887E+000,-1.0602487341502973E+001
 9.6372899999988881E+000, 9.6372899999988881E+000,-1.0602487341498644E+001
 9.6382899999988876E+000, 9.6382899999988876E+000,-1.0602487341496353E+001
 9.6392899999988870E+000, 9.6392899999988870E+000,-1.0602487341490397E+001
 9.6402899999988865E+000, 9.6402899999988865E+000,-1.0602487341500016E+001
 9.6412899999988859E+000, 9.6412899999988859E+000,-1.0602487341487953E+001
 9.6422899999988854E+000, 9.6422899999988854E+000,-1.0602487341491887E+001
 9.6432899999988848E+000, 9.6432899999988848E+000,-1.0602487341475941E+001
 9.6442899999988843E+000, 9.6442899999988843E+000,-1.0602487341479776E+001
 9.6452899999988837E+000, 9.6452899999988837E+000,-1.0602487341473079E+001
 9.6462899999988831E+000, 9.6462899999988831E+000,-1.0602487341470747E+001
 9.6472899999988826E+000, 9.6472899999988826E+000,-1.0602487341481355E+001
 9.6482899999988820E+000, 9.6482899999988820E+000,-1.0602487341466482E+001
 9.6492899999988815E+000, 9.6492899999988815E+000,-1.0602487341464812E+001
 9.6502899999988809E+000, 9.6502899999988809E+000,-1.0602487341468123E+001
 9.6512899999988804E+000, 9.6512899999988804E+000,-1.0602487341462309E+001
 9.6522899999988798E+000, 9.6522899999988798E+000,-1.0602487341464620E+001
 9.6532899999988793E+000, 9.6532899999988793E+000,-1.0602487341443114E+001
 9.6542899999988787E+000, 9.6542899999988787E+000,-1.0602487341442172E+001
 9.6552899999988782E+000, 9.6552899999988782E+000,-1.0602487341447294E+001
 9.6562899999988776E+000, 9.6562899999988776E+000,-1.0602487341442425E+001
 9.6572899999988771E+000, 9.6572899999988771E+000,-1.0602487341440131E+001
 9.6582899999988765E+000, 9.6582899999988765E+000,-1.0602487341425965E+001
 9.6592899999988759E+000, 9.6592899999988759E+000,-1.0602487341421481E+001
 9.6602899999988754E+000, 9.6602899999988754E+000,-1.0602487341424728E+001
 9.6612899999988748E+000, 9.6612899999988748E+000,-1.0602487341424437E+001
 9.6622899999988743E+000, 9.6622899999988743E+000,-1.0602487341411214E+001
 9.6632899999988737E+000, 9.6632899999988737E+000,-1.0602487341416918E+001
 9.6642899999988732E+000, 9.6642899999988732E+000,-1.0602487341414900E+001
 9.6652899999988726E+000, 9.6652899999988726E+000,-1.0602487341398804E+001
 9.6662899999988721E+000, 9.6662899999988721E+000,-1.0602487341398000E+001
 9.6672899999988715E+000, 9.6672899999988715E+000,-1.0602487341397593E+001
 9.6682899999988710E+000, 9.6682899999988710E+000,-1.0602487341395429E+001
 9.6692899999988704E+000, 9.6692899999988704E+000,-1.0602487341394994E+001
 9.6702899999988698E+000, 9.6702899999988698E+000,-1.0602487341383565E+001
 9.6712899999988693E+000, 9.6712899999988693E+000,-1.0602487341396765E+001
 9.6722899999988687E+000, 9.6722899999988687E+000,-1.0602487341388372E+001
 9.6732899999988682E+000, 9.6732899999988682E+000,-1.0602487341389715E+001
 9.6742899999988676E+000, 9.6742899999988676E+000,-1.0602487341384748E+001
 9.6752899999988671E+000, 9.6752899999988671E+000,-1.0602487341377829E+001
 9.6762899999988665E+000, 9.6762899999988665E+000,-1.0602487341377270E+001
 9.6772899999988660E+000, 9.6772899999988660E+000,-1.0602487341365840E+001
 9.6782899999988654E+000, 9.6782899999988654E+000,-1.0602487341369780E+001
 9.6792899999988649E+000, 9.6792899999988649E+000,-1.0602487341363098E+001
 9.6802899999988643E+000, 9.6802899999988643E+000,-1.0602487341352404E+001
 9.6812899999988637E+000, 9.6812899999988637E+000,-1.0602487341355470E+001
 9.6822899999988632E+000, 9.6822899999988632E+000,-1.0602487341348766E+001
 9.6832899999988626E+000, 9.6832899999988626E+000,-1.0602487341341799E+001
 9.6842899999988621E+000, 9.6842899999988621E+000,-1.0602487341345869E+001
 9.6852899999988615E+000, 9.6852899999988615E+000,-1.0602487341329921E+001
 9.6862899999988610E+000, 9.6862899999988610E+000,-1.0602487341330024E+001
 9.6872899999988604E+000, 9.6872899999988604E+000,-1.0602487341333381E+001
 9.6882899999988599E+000, 9.6882899999988599E+000,-1.0602487341328469E+001
 9.6892899999988593E+000, 9.6892899999988593E+000,-1.0602487341326162E+001
 9.6902899999988588E+000, 9.6902899999988588E+000,-1.0602487341324832E+001
 9.6912899999988582E+000, 9.6912899999988582E+000,-1.0602487341314282E+001
 9.6922899999988577E+000, 9.6922899999988577E+000,-1.0602487341317355E+001
 9.6932899999988571E+000, 9.6932899999988571E+000,-1.0602487341304231E+001
 9.6942899999988565E+000, 9.6942899999988565E+000,-1.0602487341305292E+001
 9.6952899999988560E+000, 9.6952899999988560E+000,-1.0602487341307786E+001
 9.6962899999988554E+000, 9.6962899999988554E+000,-1.0602487341302853E+001
 9.6972899999988549E+000, 9.6972899999988549E+000,-1.0602487341307864E+001
 9.6982899999988543E+000, 9.6982899999988543E+000,-1.0602487341301206E+001
 9.6992899999988538E+000, 9.6992899999988538E+000,-1.0602487341288715E+001
 9.7002899999988532E+000, 9.7002899999988532E+000,-1.0602487341287112E+001
 9.7012899999988527E+000, 9.7012899999988527E+000,-1.0602487341292221E+001
 9.7022899999988521E+000, 9.7022899999988521E+000,-1.0602487341295703E+001
 9.7032899999988516E+000, 9.7032899999988516E+000,-1.0602487341285279E+001
 9.7042899999988510E+000, 9.7042899999988510E+000,-1.0602487341283730E+001
 9.7052899999988504E+000, 9.7052899999988504E+000,-1.0602487341277794E+001
 9.7062899999988499E+000, 9.7062899999988499E+000,-1.0602487341255181E+001
 9.7072899999988493E+000, 9.7072899999988493E+000,-1.0602487341260618E+001
 9.7082899999988488E+000, 9.7082899999988488E+000,-1.0602487341263226E+001
 9.7092899999988482E+000, 9.7092899999988482E+000,-1.0602487341256497E+001
 9.7102899999988477E+000, 9.7102899999988477E+000,-1.0602487341250425E+001
 9.7112899999988471E+000, 9.7112899999988471E+000,-1.0602487341248104E+001
 9.7122899999988466E+000, 9.7122899999988466E+000,-1.0602487341243036E+001
 9.7132899999988460E+000, 9.7132899999988460E+000,-1.0602487341242524E+001
 9.7142899999988455E+000, 9.7142899999988455E+000,-1.0602487341240344E+001
 9.7152899999988449E+000, 9.7152899999988449E+000,-1.0602487341239922E+001
 9.7162899999988444E+000, 9.7162899999988444E+000,-1.0602487341234001E+001
 9.7172899999988438E+000, 9.7172899999988438E+000,-1.0602487341238998E+001
 9.7182899999988432E+000, 9.7182899999988432E+000,-1.0602487341226823E+001
 9.7192899999988427E+000, 9.7192899999988427E+000,-1.0602487341219696E+001
 9.7202899999988421E+000, 9.7202899999988421E+000,-1.0602487341218239E+001
 9.7212899999988416E+000, 9.7212899999988416E+000,-1.0602487341227970E+001
 9.7222899999988410E+000, 9.7222899999988410E+000,-1.0602487341205775E+001
 9.7232899999988405E+000, 9.7232899999988405E+000,-1.0602487341221378E+001
 9.7242899999988399E+000, 9.7242899999988399E+000,-1.0602487341210365E+001
 9.7252899999988394E+000, 9.7252899999988394E+000,-1.0602487341202391E+001
 9.7262899999988388E+000, 9.7262899999988388E+000,-1.0602487341202695E+001
 9.7272899999988383E+000, 9.7272899999988383E+000,-1.0602487341195017E+001
 9.7282899999988377E+000, 9.7282899999988377E+000,-1.0602487341199065E+001
 9.7292899999988371E+000, 9.7292899999988371E+000,-1.0602487341194166E+001
 9.7302899999988366E+000, 9.7302899999988366E+000,-1.0602487341177099E+001
 9.7312899999988360E+000, 9.7312899999988360E+000,-1.0602487341186420E+001
 9.7322899999988355E+000, 9.7322899999988355E+000,-1.0602487341178991E+001
 9.7332899999988349E+000, 9.7332899999988349E+000,-1.0602487341183934E+001
 9.7342899999988344E+000, 9.7342899999988344E+000,-1.0602487341172640E+001
 9.7352899999988338E+000, 9.7352899999988338E+000,-1.0602487341171967E+001
 9.7362899999988333E+000, 9.7362899999988333E+000,-1.0602487341160531E+001
 9.7372899999988327E+000, 9.7372899999988327E+000,-1.0602487341158959E+001
 9.7382899999988322E+000, 9.7382899999988322E+000,-1.0602487341173315E+001
 9.7392899999988316E+000, 9.7392899999988316E+000,-1.0602487341168692E+001
 9.7402899999988310E+000, 9.7402899999988310E+000,-1.0602487341166398E+001
 9.7412899999988305E+000, 9.7412899999988305E+000,-1.0602487341148509E+001
 9.7422899999988299E+000, 9.7422899999988299E+000,-1.0602487341153186E+001
 9.7432899999988294E+000, 9.7432899999988294E+000,-1.0602487341152923E+001
 9.7442899999988288E+000, 9.7442899999988288E+000,-1.0602487341149860E+001
 9.7452899999988283E+000, 9.7452899999988283E+000,-1.0602487341128215E+001
 9.7462899999988277E+000, 9.7462899999988277E+000,-1.0602487341128160E+001
 9.7472899999988272E+000, 9.7472899999988272E+000,-1.0602487341130628E+001
 9.7482899999988266E+000, 9.7482899999988266E+000,-1.0602487341125688E+001
 9.7492899999988261E+000, 9.7492899999988261E+000,-1.0602487341120554E+001
 9.7502899999988255E+000, 9.7502899999988255E+000,-1.0602487341117351E+001
 9.7512899999988250E+000, 9.7512899999988250E+000,-1.0602487341122423E+001
 9.7522899999988244E+000, 9.7522899999988244E+000,-1.0602487341116653E+001
 9.7532899999988238E+000, 9.7532899999988238E+000,-1.0602487341104201E+001
 9.7542899999988233E+000, 9.7542899999988233E+000,-1.0602487341108112E+001
 9.7552899999988227E+000, 9.7552899999988227E+000,-1.0602487341114252E+001
 9.7562899999988222E+000, 9.7562899999988222E+000,-1.0602487341095694E+001
 9.7572899999988216E+000, 9.7572899999988216E+000,-1.0602487341089306E+001
 9.7582899999988211E+000, 9.7582899999988211E+000,-1.0602487341088766E+001
 9.7592899999988205E+000, 9.7592899999988205E+000,-1.0602487341086576E+001
 9.7602899999988200E+000, 9.7602899999988200E+000,-1.0602487341081524E+001
 9.7612899999988194E+000, 9.7612899999988194E+000,-1.0602487341085631E+001
 9.7622899999988189E+000, 9.7622899999988189E+000,-1.0602487341079854E+001
 9.7632899999988183E+000, 9.7632899999988183E+000,-1.0602487341066482E+001
 9.7642899999988177E+000, 9.7642899999988177E+000,-1.0602487341072180E+001
 9.7652899999988172E+000, 9.7652899999988172E+000,-1.0602487341071960E+001
 9.7662899999988166E+000, 9.7662899999988166E+000,-1.0602487341064251E+001
 9.7672899999988161E+000, 9.7672899999988161E+000,-1.0602487341061886E+001
 9.7682899999988155E+000, 9.7682899999988155E+000,-1.0602487341067858E+001
 9.7692899999988150E+000, 9.7692899999988150E+000,-1.0602487341063021E+001
 9.7702899999988144E+000, 9.7702899999988144E+000,-1.0602487341043268E+001
 9.7712899999988139E+000, 9.7712899999988139E+000,-1.0602487341047006E+001
 9.7722899999988133E+000, 9.7722899999988133E+000,-1.0602487341045824E+001
 9.7732899999988128E+000, 9.7732899999988128E+000,-1.0602487341035275E+001
 9.7742899999988122E+000, 9.7742899999988122E+000,-1.0602487341034605E+001
 9.7752899999988117E+000, 9.7752899999988117E+000,-1.0602487341033331E+001
 9.7762899999988111E+000, 9.7762899999988111E+000,-1.0602487341037538E+001
 9.7772899999988105E+000, 9.7772899999988105E+000,-1.0602487341030860E+001
 9.7782899999988100E+000, 9.7782899999988100E+000,-1.0602487341023890E+001
 9.7792899999988094E+000, 9.7792899999988094E+000,-1.0602487341018710E+001
 9.7802899999988089E+000, 9.7802899999988089E+000,-1.0602487341017291E+001
 9.7812899999988083E+000, 9.7812899999988083E+000,-1.0602487341013147E+001
 9.7822899999988078E+000, 9.7822899999988078E+000,-1.0602487341009979E+001
 9.7832899999988072E+000, 9.7832899999988072E+000,-1.0602487341009518E+001
 9.7842899999988067E+000, 9.7842899999988067E+000,-1.0602487340997200E+001
 9.7852899999988061E+000, 9.7852899999988061E+000,-1.0602487341002028E+001
 9.7862899999988056E+000, 9.7862899999988056E+000,-1.0602487340988942E+001
 9.7872899999988050E+000, 9.7872899999988050E+000,-1.0602487340982695E+001
 9.7882899999988044E+000, 9.7882899999988044E+000,-1.0602487340981257E+001
 9.7892899999988039E+000, 9.7892899999988039E+000,-1.0602487340986368E+001
 9.7902899999988033E+000, 9.7902899999988033E+000,-1.0602487340984331E+001
 9.7912899999988028E+000, 9.7912899999988028E+000,-1.0602487340979287E+001
 9.7922899999988022E+000, 9.7922899999988022E+000,-1.0602487340971466E+001
 9.7932899999988017E+000, 9.7932899999988017E+000,-1.0602487340976399E+001
 9.7942899999988011E+000, 9.7942899999988011E+000,-1.0602487340970637E+001
 9.7952899999988006E+000, 9.7952899999988006E+000,-1.0602487340965476E+001
 9.7962899999988000E+000, 9.7962899999988000E+000,-1.0602487340963181E+001
 9.7972899999987995E+000, 9.7972899999987995E+000,-1.0602487340960957E+001
 9.7982899999987989E+000, 9.7982899999987989E+000,-1.0602487340955896E+001
 9.7992899999987984E+000, 9.7992899999987984E+000,-1.0602487340949853E+001
 9.8002899999987978E+000, 9.8002899999987978E+000,-1.0602487340948432E+001
 9.8012899999987972E+000, 9.8012899999987972E+000,-1.0602487340948013E+001
 9.8022899999987967E+000, 9.8022899999987967E+000,-1.0602487340941208E+001
 9.8032899999987961E+000, 9.8032899999987961E+000,-1.0602487340935138E+001
 9.8042899999987956E+000, 9.8042899999987956E+000,-1.0602487340933710E+001
 9.8052899999987950E+000, 9.8052899999987950E+000,-1.0602487340927777E+001
 9.8062899999987945E+000, 9.8062899999987945E+000,-1.0602487340926341E+001
 9.8072899999987939E+000, 9.8072899999987939E+000,-1.0602487340914887E+001
 9.8082899999987934E+000, 9.8082899999987934E+000,-1.0602487340918829E+001
 9.8092899999987928E+000, 9.8092899999987928E+000,-1.0602487340927805E+001
 9.8102899999987923E+000, 9.8102899999987923E+000,-1.0602487340905579E+001
 9.8112899999987917E+000, 9.8112899999987917E+000,-1.0602487340905531E+001
 9.8122899999987911E+000, 9.8122899999987911E+000,-1.0602487340907095E+001
 9.8132899999987906E+000, 9.8132899999987906E+000,-1.0602487340891972E+001
 9.8142899999987900E+000, 9.8142899999987900E+000,-1.0602487340902240E+001
 9.8152899999987895E+000, 9.8152899999987895E+000,-1.0602487340894829E+001
 9.8162899999987889E+000, 9.8162899999987889E+000,-1.0602487340889629E+001
 9.8172899999987884E+000, 9.8172899999987884E+000,-1.0602487340893743E+001
 9.8182899999987878E+000, 9.8182899999987878E+000,-1.0602487340893482E+001
 9.8192899999987873E+000, 9.8192899999987873E+000,-1.0602487340885787E+001
 9.8202899999987867E+000, 9.8202899999987867E+000,-1.0602487340868635E+001
 9.8212899999987862E+000, 9.8212899999987862E+000,-1.0602487340873331E+001
 9.8222899999987856E+000, 9.8222899999987856E+000,-1.0602487340866675E+001
 9.8232899999987850E+000, 9.8232899999987850E+000,-1.0602487340865224E+001
 9.8242899999987845E+000, 9.8242899999987845E+000,-1.0602487340864803E+001
 9.8252899999987839E+000, 9.8252899999987839E+000,-1.0602487340853376E+001
 9.8262899999987834E+000, 9.8262899999987834E+000,-1.0602487340857323E+001
 9.8272899999987828E+000, 9.8272899999987828E+000,-1.0602487340861678E+001
 9.8282899999987823E+000, 9.8282899999987823E+000,-1.0602487340856799E+001
 9.8292899999987817E+000, 9.8292899999987817E+000,-1.0602487340855395E+001
 9.8302899999987812E+000, 9.8302899999987812E+000,-1.0602487340842156E+001
 9.8312899999987806E+000, 9.8312899999987806E+000,-1.0602487340835898E+001
 9.8322899999987801E+000, 9.8322899999987801E+000,-1.0602487340841780E+001
 9.8332899999987795E+000, 9.8332899999987795E+000,-1.0602487340839767E+001
 9.8342899999987790E+000, 9.8342899999987790E+000,-1.0602487340828295E+001
 9.8352899999987784E+000, 9.8352899999987784E+000,-1.0602487340825828E+001
 9.8362899999987778E+000, 9.8362899999987778E+000,-1.0602487340819863E+001
 9.8372899999987773E+000, 9.8372899999987773E+000,-1.0602487340818435E+001
 9.8382899999987767E+000, 9.8382899999987767E+000,-1.0602487340816227E+001
 9.8392899999987762E+000, 9.8392899999987762E+000,-1.0602487340816694E+001
 9.8402899999987756E+000, 9.8402899999987756E+000,-1.0602487340811697E+001
 9.8412899999987751E+000, 9.8412899999987751E+000,-1.0602487340809398E+001
 9.8422899999987745E+000, 9.8422899999987745E+000,-1.0602487340808965E+001
 9.8432899999987740E+000, 9.8432899999987740E+000,-1.0602487340802167E+001
 9.8442899999987734E+000, 9.8442899999987734E+000,-1.0602487340795200E+001
 9.8452899999987729E+000, 9.8452899999987729E+000,-1.0602487340797476E+001
 9.8462899999987723E+000, 9.8462899999987723E+000,-1.0602487340788796E+001
 9.8472899999987717E+000, 9.8472899999987717E+000,-1.0602487340791928E+001
 9.8482899999987712E+000, 9.8482899999987712E+000,-1.0602487340792527E+001
 9.8492899999987706E+000, 9.8492899999987706E+000,-1.0602487340786642E+001
 9.8502899999987701E+000, 9.8502899999987701E+000,-1.0602487340778794E+001
 9.8512899999987695E+000, 9.8512899999987695E+000,-1.0602487340783735E+001
 9.8522899999987690E+000, 9.8522899999987690E+000,-1.0602487340771557E+001
 9.8532899999987684E+000, 9.8532899999987684E+000,-1.0602487340758920E+001
 9.8542899999987679E+000, 9.8542899999987679E+000,-1.0602487340758216E+001
 9.8552899999987673E+000, 9.8552899999987673E+000,-1.0602487340753186E+001
 9.8562899999987668E+000, 9.8562899999987668E+000,-1.0602487340751788E+001
 9.8572899999987662E+000, 9.8572899999987662E+000,-1.0602487340756001E+001
 9.8582899999987657E+000, 9.8582899999987657E+000,-1.0602487340743799E+001
 9.8592899999987651E+000, 9.8592899999987651E+000,-1.0602487340753243E+001
 9.8602899999987645E+000, 9.8602899999987645E+000,-1.0602487340742082E+001
 9.8612899999987640E+000, 9.8612899999987640E+000,-1.0602487340746034E+001
 9.8622899999987634E+000, 9.8622899999987634E+000,-1.0602487340741149E+001
 9.8632899999987629E+000, 9.8632899999987629E+000,-1.0602487340733322E+001
 9.8642899999987623E+000, 9.8642899999987623E+000,-1.0602487340726329E+001
 9.8652899999987618E+000, 9.8652899999987618E+000,-1.0602487340725759E+001
 9.8662899999987612E+000, 9.8662899999987612E+000,-1.0602487340729100E+001
 9.8672899999987607E+000, 9.8672899999987607E+000,-1.0602487340717772E+001
 9.8682899999987601E+000, 9.8682899999987601E+000,-1.0602487340717101E+001
 9.8692899999987596E+000, 9.8692899999987596E+000,-1.0602487340710287E+001
 9.8702899999987590E+000, 9.8702899999987590E+000,-1.0602487340711527E+001
 9.8712899999987584E+000, 9.8712899999987584E+000,-1.0602487340703860E+001
 9.8722899999987579E+000, 9.8722899999987579E+000,-1.0602487340696870E+001
 9.8732899999987573E+000, 9.8732899999987573E+000,-1.0602487340696310E+001
 9.8742899999987568E+000, 9.8742899999987568E+000,-1.0602487340694131E+001
 9.8752899999987562E+000, 9.8752899999987562E+000,-1.0602487340693703E+001
 9.8762899999987557E+000, 9.8762899999987557E+000,-1.0602487340676753E+001
 9.8772899999987551E+000, 9.8772899999987551E+000,-1.0602487340682346E+001
 9.8782899999987546E+000, 9.8782899999987546E+000,-1.0602487340680332E+001
 9.8792899999987540E+000, 9.8792899999987540E+000,-1.0602487340663332E+001
 9.8802899999987535E+000, 9.8802899999987535E+000,-1.0602487340671752E+001
 9.8812899999987529E+000, 9.8812899999987529E+000,-1.0602487340667885E+001
 9.8822899999987524E+000, 9.8822899999987524E+000,-1.0602487340671129E+001
 9.8832899999987518E+000, 9.8832899999987518E+000,-1.0602487340666205E+001
 9.8842899999987512E+000, 9.8842899999987512E+000,-1.0602487340662124E+001
 9.8852899999987507E+000, 9.8852899999987507E+000,-1.0602487340656118E+001
 9.8862899999987501E+000, 9.8862899999987501E+000,-1.0602487340661110E+001
 9.8872899999987496E+000, 9.8872899999987496E+000,-1.0602487340654449E+001
 9.8882899999987490E+000, 9.8882899999987490E+000,-1.0602487340648368E+001
 9.8892899999987485E+000, 9.8892899999987485E+000,-1.0602487340635903E+001
 9.8902899999987479E+000, 9.8902899999987479E+000,-1.0602487340646238E+001
 9.8912899999987474E+000, 9.8912899999987474E+000,-1.0602487340641510E+001
 9.8922899999987468E+000, 9.8922899999987468E+000,-1.0602487340639216E+001
 9.8932899999987463E+000, 9.8932899999987463E+000,-1.0602487340626844E+001
 9.8942899999987457E+000, 9.8942899999987457E+000,-1.0602487340620623E+001
 9.8952899999987451E+000, 9.8952899999987451E+000,-1.0602487340624709E+001
 9.8962899999987446E+000, 9.8962899999987446E+000,-1.0602487340614294E+001
 9.8972899999987440E+000, 9.8972899999987440E+000,-1.0602487340622897E+001
 9.8982899999987435E+000, 9.8982899999987435E+000,-1.0602487340611709E+001
 9.8992899999987429E+000, 9.8992899999987429E+000,-1.0602487340611027E+001
 9.9002899999987424E+000, 9.9002899999987424E+000,-1.0602487340599605E+001
 9.9012899999987418E+000, 9.9012899999987418E+000,-1.0602487340609057E+001
 9.9022899999987413E+000, 9.9022899999987413E+000,-1.0602487340590592E+001
 9.9032899999987407E+000, 9.9032899999987407E+000,-1.0602487340595246E+001
 9.9042899999987402E+000, 9.9042899999987402E+000,-1.0602487340588571E+001
 9.9052899999987396E+000, 9.9052899999987396E+000,-1.0602487340587132E+001
 9.9062899999987390E+000, 9.9062899999987390E+000,-1.0602487340581190E+001
 9.9072899999987385E+000, 9.9072899999987385E+000,-1.0602487340574243E+001
 9.9082899999987379E+000, 9.9082899999987379E+000,-1.0602487340573685E+001
 9.9092899999987374E+000, 9.9092899999987374E+000,-1.0602487340573296E+001
 9.9102899999987368E+000, 9.9102899999987368E+000,-1.0602487340560975E+001
 9.9112899999987363E+000, 9.9112899999987363E+000,-1.0602487340571313E+001
 9.9122899999987357E+000, 9.9122899999987357E+000,-1.0602487340559264E+001
 9.9132899999987352E+000, 9.9132899999987352E+000,-1.0602487340563201E+001
 9.9142899999987346E+000, 9.9142899999987346E+000,-1.0602487340553685E+001
 9.9152899999987341E+000, 9.9152899999987341E+000,-1.0602487340551257E+001
 9.9162899999987335E+000, 9.9162899999987335E+000,-1.0602487340549933E+001
 9.9172899999987330E+000, 9.9172899999987330E+000,-1.0602487340538472E+001
 9.9182899999987324E+000, 9.9182899999987324E+000,-1.0602487340542419E+001
 9.9192899999987318E+000, 9.9192899999987318E+000,-1.0602487340541256E+001
 9.9202899999987313E+000, 9.9202899999987313E+000,-1.0602487340540844E+001
 9.9212899999987307E+000, 9.9212899999987307E+000,-1.0602487340530317E+001
 9.9222899999987302E+000, 9.9222899999987302E+000,-1.0602487340522348E+001
 9.9232899999987296E+000, 9.9232899999987296E+000,-1.0602487340527283E+001
 9.9242899999987291E+000, 9.9242899999987291E+000,-1.0602487340527036E+001
 9.9252899999987285E+000, 9.9252899999987285E+000,-1.0602487340519339E+001
 9.9262899999987280E+000, 9.9262899999987280E+000,-1.0602487340513239E+001
 9.9272899999987274E+000, 9.9272899999987274E+000,-1.0602487340513607E+001
 9.9282899999987269E+000, 9.9282899999987269E+000,-1.0602487340516964E+001
 9.9292899999987263E+000, 9.9292899999987263E+000,-1.0602487340510256E+001
 9.9302899999987257E+000, 9.9302899999987257E+000,-1.0602487340503291E+001
 9.9312899999987252E+000, 9.9312899999987252E+000,-1.0602487340507365E+001
 9.9322899999987246E+000, 9.9322899999987246E+000,-1.0602487340495156E+001
 9.9332899999987241E+000, 9.9332899999987241E+000,-1.0602487340489828E+001
 9.9342899999987235E+000, 9.9342899999987235E+000,-1.0602487340488421E+001
 9.9352899999987230E+000, 9.9352899999987230E+000,-1.0602487340482487E+001
 9.9362899999987224E+000, 9.9362899999987224E+000,-1.0602487340488368E+001
 9.9372899999987219E+000, 9.9372899999987219E+000,-1.0602487340486364E+001
 9.9382899999987213E+000, 9.9382899999987213E+000,-1.0602487340477728E+001
 9.9392899999987208E+000, 9.9392899999987208E+000,-1.0602487340473393E+001
 9.9402899999987202E+000, 9.9402899999987202E+000,-1.0602487340471114E+001
 9.9412899999987197E+000, 9.9412899999987197E+000,-1.0602487340458742E+001
 9.9422899999987191E+000, 9.9422899999987191E+000,-1.0602487340458037E+001
 9.9432899999987185E+000, 9.9432899999987185E+000,-1.0602487340457639E+001
 9.9442899999987180E+000, 9.9442899999987180E+000,-1.0602487340451729E+001
 9.9452899999987174E+000, 9.9452899999987174E+000,-1.0602487340455827E+001
 9.9462899999987169E+000, 9.9462899999987169E+000,-1.0602487340450034E+001
 9.9472899999987163E+000, 9.9472899999987163E+000,-1.0602487340447716E+001
 9.9482899999987158E+000, 9.9482899999987158E+000,-1.0602487340438032E+001
 9.9492899999987152E+000, 9.9492899999987152E+000,-1.0602487340440234E+001
 9.9502899999987147E+000, 9.9502899999987147E+000,-1.0602487340429768E+001
 9.9512899999987141E+000, 9.9512899999987141E+000,-1.0602487340433742E+001
 9.9522899999987136E+000, 9.9522899999987136E+000,-1.0602487340426157E+001
 9.9532899999987130E+000, 9.9532899999987130E+000,-1.0602487340414537E+001
 9.9542899999987124E+000, 9.9542899999987124E+000,-1.0602487340418495E+001
 9.9552899999987119E+000, 9.9552899999987119E+000,-1.0602487340428361E+001
 9.9562899999987113E+000, 9.9562899999987113E+000,-1.0602487340413473E+001
 9.9572899999987108E+000, 9.9572899999987108E+000,-1.0602487340411809E+001
 9.9582899999987102E+000, 9.9582899999987102E+000,-1.0602487340420645E+001
 9.9592899999987097E+000, 9.9592899999987097E+000,-1.0602487340398417E+001
 9.9602899999987091E+000, 9.9602899999987091E+000,-1.0602487340397460E+001
 9.9612899999987086E+000, 9.9612899999987086E+000,-1.0602487340401680E+001
 9.9622899999987080E+000, 9.9622899999987080E+000,-1.0602487340389484E+001
 9.9632899999987075E+000, 9.9632899999987075E+000,-1.0602487340388773E+001
 9.9642899999987069E+000, 9.9642899999987069E+000,-1.0602487340395699E+001
 9.9652899999987063E+000, 9.9652899999987063E+000,-1.0602487340370731E+001
 9.9662899999987058E+000, 9.9662899999987058E+000,-1.0602487340380732E+001
 9.9672899999987052E+000, 9.9672899999987052E+000,-1.0602487340364958E+001
 9.9682899999987047E+000, 9.9682899999987047E+000,-1.0602487340362371E+001
 9.9692899999987041E+000, 9.9692899999987041E+000,-1.0602487340367450E+001
 9.9702899999987036E+000, 9.9702899999987036E+000,-1.0602487340350649E+001
 9.9712899999987030E+000, 9.9712899999987030E+000,-1.0602487340354450E+001
 9.9722899999987025E+000, 9.9722899999987025E+000,-1.0602487340359708E+001
 9.9732899999987019E+000, 9.9732899999987019E+000,-1.0602487340352150E+001
 9.9742899999987014E+000, 9.9742899999987014E+000,-1.0602487340347849E+001
 9.9752899999987008E+000, 9.9752899999987008E+000,-1.0602487340346453E+001
 9.9762899999987003E+000, 9.9762899999987003E+000,-1.0602487340334113E+001
 9.9772899999986997E+000, 9.9772899999986997E+000,-1.0602487340338040E+001
 9.9782899999986991E+000, 9.9782899999986991E+000,-1.0602487340328659E+001
 9.9792899999986986E+000, 9.9792899999986986E+000,-1.0602487340330718E+001
 9.9802899999986980E+000, 9.9802899999986980E+000,-1.0602487340329501E+001
 9.9812899999986975E+000, 9.9812899999986975E+000,-1.0602487340318056E+001
 9.9822899999986969E+000, 9.9822899999986969E+000,-1.0602487340321117E+001
 9.9832899999986964E+000, 9.9832899999986964E+000,-1.0602487340304252E+001
 9.9842899999986958E+000, 9.9842899999986958E+000,-1.0602487340319096E+001
 9.9852899999986953E+000, 9.9852899999986953E+000,-1.0602487340301655E+001
 9.9862899999986947E+000, 9.9862899999986947E+000,-1.0602487340301716E+001
 9.9872899999986942E+000, 9.9872899999986942E+000,-1.0602487340295822E+001
 9.9882899999986936E+000, 9.9882899999986936E+000,-1.0602487340294388E+001
 9.9892899999986930E+000, 9.9892899999986930E+000,-1.0602487340297703E+001
 9.9902899999986925E+000, 9.9902899999986925E+000,-1.0602487340280863E+001
 9.9912899999986919E+000, 9.9912899999986919E+000,-1.0602487340286451E+001
 9.9922899999986914E+000, 9.9922899999986914E+000,-1.0602487340278024E+001
 9.9932899999986908E+000, 9.9932899999986908E+000,-1.0602487340265492E+001
 9.9942899999986903E+000, 9.9942899999986903E+000,-1.0602487340282231E+001
 9.9952899999986897E+000, 9.9952899999986897E+000,-1.0602487340271267E+001
 9.9962899999986892E+000, 9.9962899999986892E+000,-1.0602487340271495E+001
 9.9972899999986886E+000, 9.9972899999986886E+000,-1.0602487340268432E+001
 9.9982899999986881E+000, 9.9982899999986881E+000,-1.0602487340257834E+001
 9.9992899999986875E+000, 9.9992899999986875E+000,-1.0602487340261806E+001
 1.0000289999998687E+001, 1.0000289999998687E+001,-1.0602487340260641E+001
 1.0001289999998686E+001, 1.0001289999998686E+001,-1.0602487340254704E+001
 1.0002289999998686E+001, 1.0002289999998686E+001,-1.0602487340247766E+001
 1.0003289999998685E+001, 1.0003289999998685E+001,-1.0602487340246306E+001
 1.0004289999998685E+001, 1.0004289999998685E+001,-1.0602487340240366E+001
 1.0005289999998684E+001, 1.0005289999998684E+001,-1.0602487340239843E+001
 1.0006289999998684E+001, 1.0006289999998684E+001,-1.0602487340236758E+001
 1.0007289999998683E+001, 1.0007289999998683E+001,-1.0602487340229887E+001
 1.0008289999998683E+001, 1.0008289999998683E+001,-1.0602487340219190E+001
 1.0009289999998682E+001, 1.0009289999998682E+001,-1.0602487340224943E+001
 1.0010289999998681E+001, 1.0010289999998681E+001,-1.0602487340229343E+001
 1.0011289999998681E+001, 1.0011289999998681E+001,-1.0602487340221774E+001
 1.0012289999998680E+001, 1.0012289999998680E+001,-1.0602487340214770E+001
 1.0013289999998680E+001, 1.0013289999998680E+001,-1.0602487340209594E+001
 1.0014289999998679E+001, 1.0014289999998679E+001,-1.0602487340209080E+001
 1.0015289999998679E+001, 1.0015289999998679E+001,-1.0602487340201384E+001
 1.0016289999998678E+001, 1.0016289999998678E+001,-1.0602487340195280E+001
 1.0017289999998678E+001, 1.0017289999998678E+001,-1.0602487340200266E+001
 1.0018289999998677E+001, 1.0018289999998677E+001,-1.0602487340198230E+001
 1.0019289999998676E+001, 1.0019289999998676E+001,-1.0602487340193179E+001
 1.0020289999998676E+001, 1.0020289999998676E+001,-1.0602487340186247E+001
 1.0021289999998675E+001, 1.0021289999998675E+001,-1.0602487340184796E+001
 1.0022289999998675E+001, 1.0022289999998675E+001,-1.0602487340173344E+001
 1.0023289999998674E+001, 1.0023289999998674E+001,-1.0602487340175498E+001
 1.0024289999998674E+001, 1.0024289999998674E+001,-1.0602487340184279E+001
 1.0025289999998673E+001, 1.0025289999998673E+001,-1.0602487340174129E+001
 1.0026289999998673E+001, 1.0026289999998673E+001,-1.0602487340175283E+001
 1.0027289999998672E+001, 1.0027289999998672E+001,-1.0602487340156593E+001
 1.0028289999998671E+001, 1.0028289999998671E+001,-1.0602487340167658E+001
 1.0029289999998671E+001, 1.0029289999998671E+001,-1.0602487340155630E+001
 1.0030289999998670E+001, 1.0030289999998670E+001,-1.0602487340149432E+001
 1.0031289999998670E+001, 1.0031289999998670E+001,-1.0602487340152614E+001
 1.0032289999998669E+001, 1.0032289999998669E+001,-1.0602487340146796E+001
 1.0033289999998669E+001, 1.0033289999998669E+001,-1.0602487340155513E+001
 1.0034289999998668E+001, 1.0034289999998668E+001,-1.0602487340139705E+001
 1.0035289999998668E+001, 1.0035289999998668E+001,-1.0602487340133399E+001
 1.0036289999998667E+001, 1.0036289999998667E+001,-1.0602487340131960E+001
 1.0037289999998666E+001, 1.0037289999998666E+001,-1.0602487340126025E+001
 1.0038289999998666E+001, 1.0038289999998666E+001,-1.0602487340124588E+001
 1.0039289999998665E+001, 1.0039289999998665E+001,-1.0602487340123286E+001
 1.0040289999998665E+001, 1.0040289999998665E+001,-1.0602487340106318E+001
 1.0041289999998664E+001, 1.0041289999998664E+001,-1.0602487340110116E+001
 1.0042289999998664E+001, 1.0042289999998664E+001,-1.0602487340114463E+001
 1.0043289999998663E+001, 1.0043289999998663E+001,-1.0602487340114198E+001
 1.0044289999998663E+001, 1.0044289999998663E+001,-1.0602487340098152E+001
 1.0045289999998662E+001, 1.0045289999998662E+001,-1.0602487340106602E+001
 1.0046289999998661E+001, 1.0046289999998661E+001,-1.0602487340100037E+001
 1.0047289999998661E+001, 1.0047289999998661E+001,-1.0602487340100378E+001
 1.0048289999998660E+001, 1.0048289999998660E+001,-1.0602487340081657E+001
 1.0049289999998660E+001, 1.0049289999998660E+001,-1.0602487340082581E+001
 1.0050289999998659E+001, 1.0050289999998659E+001,-1.0602487340090590E+001
 1.0051289999998659E+001, 1.0051289999998659E+001,-1.0602487340068338E+001
 1.0052289999998658E+001, 1.0052289999998658E+001,-1.0602487340083938E+001
 1.0053289999998658E+001, 1.0053289999998658E+001,-1.0602487340076658E+001
 1.0054289999998657E+001, 1.0054289999998657E+001,-1.0602487340065945E+001
 1.0055289999998656E+001, 1.0055289999998656E+001,-1.0602487340057976E+001
 1.0056289999998656E+001, 1.0056289999998656E+001,-1.0602487340058291E+001
 1.0057289999998655E+001, 1.0057289999998655E+001,-1.0602487340061652E+001
 1.0058289999998655E+001, 1.0058289999998655E+001,-1.0602487340055839E+001
 1.0059289999998654E+001, 1.0059289999998654E+001,-1.0602487340065458E+001
 1.0060289999998654E+001, 1.0060289999998654E+001,-1.0602487340047880E+001
 1.0061289999998653E+001, 1.0061289999998653E+001,-1.0602487340036898E+001
 1.0062289999998653E+001, 1.0062289999998653E+001,-1.0602487340046373E+001
 1.0063289999998652E+001, 1.0063289999998652E+001,-1.0602487340029684E+001
 1.0064289999998651E+001, 1.0064289999998651E+001,-1.0602487340043645E+001
 1.0065289999998651E+001, 1.0065289999998651E+001,-1.0602487340030814E+001
 1.0066289999998650E+001, 1.0066289999998650E+001,-1.0602487340036499E+001
 1.0067289999998650E+001, 1.0067289999998650E+001,-1.0602487340024343E+001
 1.0068289999998649E+001, 1.0068289999998649E+001,-1.0602487340017225E+001
 1.0069289999998649E+001, 1.0069289999998649E+001,-1.0602487340022176E+001
 1.0070289999998648E+001, 1.0070289999998648E+001,-1.0602487340015532E+001
 1.0071289999998648E+001, 1.0071289999998648E+001,-1.0602487340013173E+001
 1.0072289999998647E+001, 1.0072289999998647E+001,-1.0602487340007215E+001
 1.0073289999998646E+001, 1.0073289999998646E+001,-1.0602487340006688E+001
 1.0074289999998646E+001, 1.0074289999998646E+001,-1.0602487339996159E+001
 1.0075289999998645E+001, 1.0075289999998645E+001,-1.0602487340005649E+001
 1.0076289999998645E+001, 1.0076289999998645E+001,-1.0602487339988954E+001
 1.0077289999998644E+001, 1.0077289999998644E+001,-1.0602487339988132E+001
 1.0078289999998644E+001, 1.0078289999998644E+001,-1.0602487339980428E+001
 1.0079289999998643E+001, 1.0079289999998643E+001,-1.0602487339984481E+001
 1.0080289999998643E+001, 1.0080289999998643E+001,-1.0602487339984210E+001
 1.0081289999998642E+001, 1.0081289999998642E+001,-1.0602487339973674E+001
 1.0082289999998642E+001, 1.0082289999998642E+001,-1.0602487339973921E+001
 1.0083289999998641E+001, 1.0083289999998641E+001,-1.0602487339975493E+001
 1.0084289999998640E+001, 1.0084289999998640E+001,-1.0602487339971427E+001
 1.0085289999998640E+001, 1.0085289999998640E+001,-1.0602487339973779E+001
 1.0086289999998639E+001, 1.0086289999998639E+001,-1.0602487339974362E+001
 1.0087289999998639E+001, 1.0087289999998639E+001,-1.0602487339950123E+001
 1.0088289999998638E+001, 1.0088289999998638E+001,-1.0602487339948222E+001
 1.0089289999998638E+001, 1.0089289999998638E+001,-1.0602487339949585E+001
 1.0090289999998637E+001, 1.0090289999998637E+001,-1.0602487339941927E+001
 1.0091289999998637E+001, 1.0091289999998637E+001,-1.0602487339946867E+001
 1.0092289999998636E+001, 1.0092289999998636E+001,-1.0602487339934685E+001
 1.0093289999998635E+001, 1.0093289999998635E+001,-1.0602487339933102E+001
 1.0094289999998635E+001, 1.0094289999998635E+001,-1.0602487339931786E+001
 1.0095289999998634E+001, 1.0095289999998634E+001,-1.0602487339936893E+001
 1.0096289999998634E+001, 1.0096289999998634E+001,-1.0602487339925615E+001
 1.0097289999998633E+001, 1.0097289999998633E+001,-1.0602487339919412E+001
 1.0098289999998633E+001, 1.0098289999998633E+001,-1.0602487339925295E+001
 1.0099289999998632E+001, 1.0099289999998632E+001,-1.0602487339915978E+001
 1.0100289999998632E+001, 1.0100289999998632E+001,-1.0602487339915342E+001
 1.0101289999998631E+001, 1.0101289999998631E+001,-1.0602487339914063E+001
 1.0102289999998630E+001, 1.0102289999998630E+001,-1.0602487339905299E+001
 1.0103289999998630E+001, 1.0103289999998630E+001,-1.0602487339902892E+001
 1.0104289999998629E+001, 1.0104289999998629E+001,-1.0602487339896047E+001
 1.0105289999998629E+001, 1.0105289999998629E+001,-1.0602487339895486E+001
 1.0106289999998628E+001, 1.0106289999998628E+001,-1.0602487339883163E+001
 1.0107289999998628E+001, 1.0107289999998628E+001,-1.0602487339887086E+001
 1.0108289999998627E+001, 1.0108289999998627E+001,-1.0602487339885917E+001
 1.0109289999998627E+001, 1.0109289999998627E+001,-1.0602487339879090E+001
 1.0110289999998626E+001, 1.0110289999998626E+001,-1.0602487339878538E+001
 1.0111289999998625E+001, 1.0111289999998625E+001,-1.0602487339871724E+001
 1.0112289999998625E+001, 1.0112289999998625E+001,-1.0602487339870281E+001
 1.0113289999998624E+001, 1.0113289999998624E+001,-1.0602487339870763E+001
 1.0114289999998624E+001, 1.0114289999998624E+001,-1.0602487339868610E+001
 1.0115289999998623E+001, 1.0115289999998623E+001,-1.0602487339864439E+001
 1.0116289999998623E+001, 1.0116289999998623E+001,-1.0602487339865894E+001
 1.0117289999998622E+001, 1.0117289999998622E+001,-1.0602487339856312E+001
 1.0118289999998622E+001, 1.0118289999998622E+001,-1.0602487339857616E+001
 1.0119289999998621E+001, 1.0119289999998621E+001,-1.0602487339848928E+001
 1.0120289999998620E+001, 1.0120289999998620E+001,-1.0602487339851146E+001
 1.0121289999998620E+001, 1.0121289999998620E+001,-1.0602487339839794E+001
 1.0122289999998619E+001, 1.0122289999998619E+001,-1.0602487339839120E+001
 1.0123289999998619E+001, 1.0123289999998619E+001,-1.0602487339827684E+001
 1.0124289999998618E+001, 1.0124289999998618E+001,-1.0602487339831629E+001
 1.0125289999998618E+001, 1.0125289999998618E+001,-1.0602487339831358E+001
 1.0126289999998617E+001, 1.0126289999998617E+001,-1.0602487339825455E+001
 1.0127289999998617E+001, 1.0127289999998617E+001,-1.0602487339827768E+001
 1.0128289999998616E+001, 1.0128289999998616E+001,-1.0602487339810880E+001
 1.0129289999998615E+001, 1.0129289999998615E+001,-1.0602487339817369E+001
 1.0130289999998615E+001, 1.0130289999998615E+001,-1.0602487339809841E+001
 1.0131289999998614E+001, 1.0131289999998614E+001,-1.0602487339808381E+001
 1.0132289999998614E+001, 1.0132289999998614E+001,-1.0602487339796927E+001
 1.0133289999998613E+001, 1.0133289999998613E+001,-1.0602487339794463E+001
 1.0134289999998613E+001, 1.0134289999998613E+001,-1.0602487339783877E+001
 1.0135289999998612E+001, 1.0135289999998612E+001,-1.0602487339799778E+001
 1.0136289999998612E+001, 1.0136289999998612E+001,-1.0602487339799822E+001
 1.0137289999998611E+001, 1.0137289999998611E+001,-1.0602487339785723E+001
 1.0138289999998610E+001, 1.0138289999998610E+001,-1.0602487339778559E+001
 1.0139289999998610E+001, 1.0139289999998610E+001,-1.0602487339772477E+001
 1.0140289999998609E+001, 1.0140289999998609E+001,-1.0602487339778355E+001
 1.0141289999998609E+001, 1.0141289999998609E+001,-1.0602487339766192E+001
 1.0142289999998608E+001, 1.0142289999998608E+001,-1.0602487339774743E+001
 1.0143289999998608E+001, 1.0143289999998608E+001,-1.0602487339763551E+001
 1.0144289999998607E+001, 1.0144289999998607E+001,-1.0602487339763776E+001
 1.0145289999998607E+001, 1.0145289999998607E+001,-1.0602487339766247E+001
 1.0146289999998606E+001, 1.0146289999998606E+001,-1.0602487339755784E+001
 1.0147289999998605E+001, 1.0147289999998605E+001,-1.0602487339755143E+001
 1.0148289999998605E+001, 1.0148289999998605E+001,-1.0602487339754740E+001
 1.0149289999998604E+001, 1.0149289999998604E+001,-1.0602487339750775E+001
 1.0150289999998604E+001, 1.0150289999998604E+001,-1.0602487339745659E+001
 1.0151289999998603E+001, 1.0151289999998603E+001,-1.0602487339744261E+001
 1.0152289999998603E+001, 1.0152289999998603E+001,-1.0602487339732807E+001
 1.0153289999998602E+001, 1.0153289999998602E+001,-1.0602487339733909E+001
 1.0154289999998602E+001, 1.0154289999998602E+001,-1.0602487339725368E+001
 1.0155289999998601E+001, 1.0155289999998601E+001,-1.0602487339725654E+001
 1.0156289999998600E+001, 1.0156289999998600E+001,-1.0602487339724391E+001
 1.0157289999998600E+001, 1.0157289999998600E+001,-1.0602487339712944E+001
 1.0158289999998599E+001, 1.0158289999998599E+001,-1.0602487339716893E+001
 1.0159289999998599E+001, 1.0159289999998599E+001,-1.0602487339709310E+001
 1.0160289999998598E+001, 1.0160289999998598E+001,-1.0602487339709629E+001
 1.0161289999998598E+001, 1.0161289999998598E+001,-1.0602487339713889E+001
 1.0162289999998597E+001, 1.0162289999998597E+001,-1.0602487339707213E+001
 1.0163289999998597E+001, 1.0163289999998597E+001,-1.0602487339694717E+001
 1.0164289999998596E+001, 1.0164289999998596E+001,-1.0602487339691335E+001
 1.0165289999998596E+001, 1.0165289999998596E+001,-1.0602487339681616E+001
 1.0166289999998595E+001, 1.0166289999998595E+001,-1.0602487339686501E+001
 1.0167289999998594E+001, 1.0167289999998594E+001,-1.0602487339686256E+001
 1.0168289999998594E+001, 1.0168289999998594E+001,-1.0602487339673941E+001
 1.0169289999998593E+001, 1.0169289999998593E+001,-1.0602487339671447E+001
 1.0170289999998593E+001, 1.0170289999998593E+001,-1.0602487339671898E+001
 1.0171289999998592E+001, 1.0171289999998592E+001,-1.0602487339670628E+001
 1.0172289999998592E+001, 1.0172289999998592E+001,-1.0602487339663817E+001
 1.0173289999998591E+001, 1.0173289999998591E+001,-1.0602487339667881E+001
 1.0174289999998591E+001, 1.0174289999998591E+001,-1.0602487339668516E+001
 1.0175289999998590E+001, 1.0175289999998590E+001,-1.0602487339660831E+001
 1.0176289999998589E+001, 1.0176289999998589E+001,-1.0602487339659358E+001
 1.0177289999998589E+001, 1.0177289999998589E+001,-1.0602487339643282E+001
 1.0178289999998588E+001, 1.0178289999998588E+001,-1.0602487339642488E+001
 1.0179289999998588E+001, 1.0179289999998588E+001,-1.0602487339641193E+001
 1.0180289999998587E+001, 1.0180289999998587E+001,-1.0602487339635255E+001
 1.0181289999998587E+001, 1.0181289999998587E+001,-1.0602487339633836E+001
 1.0182289999998586E+001, 1.0182289999998586E+001,-1.0602487339631626E+001
 1.0183289999998586E+001, 1.0183289999998586E+001,-1.0602487339636712E+001
 1.0184289999998585E+001, 1.0184289999998585E+001,-1.0602487339618122E+001
 1.0185289999998584E+001, 1.0185289999998584E+001,-1.0602487339629198E+001
 1.0186289999998584E+001, 1.0186289999998584E+001,-1.0602487339607027E+001
 1.0187289999998583E+001, 1.0187289999998583E+001,-1.0602487339621726E+001
 1.0188289999998583E+001, 1.0188289999998583E+001,-1.0602487339609805E+001
 1.0189289999998582E+001, 1.0189289999998582E+001,-1.0602487339593443E+001
 1.0190289999998582E+001, 1.0190289999998582E+001,-1.0602487339613830E+001
 1.0191289999998581E+001, 1.0191289999998581E+001,-1.0602487339604878E+001
 1.0192289999998581E+001, 1.0192289999998581E+001,-1.0602487339595921E+001
 1.0193289999998580E+001, 1.0193289999998580E+001,-1.0602487339594413E+001
 1.0194289999998579E+001, 1.0194289999998579E+001,-1.0602487339587583E+001
 1.0195289999998579E+001, 1.0195289999998579E+001,-1.0602487339586128E+001
 1.0196289999998578E+001, 1.0196289999998578E+001,-1.0602487339581995E+001
 1.0197289999998578E+001, 1.0197289999998578E+001,-1.0602487339589858E+001
 1.0198289999998577E+001, 1.0198289999998577E+001,-1.0602487339579543E+001
 1.0199289999998577E+001, 1.0199289999998577E+001,-1.0602487339577999E+001
 1.0200289999998576E+001, 1.0200289999998576E+001,-1.0602487339576680E+001
 1.0201289999998576E+001, 1.0201289999998576E+001,-1.0602487339560611E+001
 1.0202289999998575E+001, 1.0202289999998575E+001,-1.0602487339558916E+001
 1.0203289999998574E+001, 1.0203289999998574E+001,-1.0602487339557605E+001
 1.0204289999998574E+001, 1.0204289999998574E+001,-1.0602487339550773E+001
 1.0205289999998573E+001, 1.0205289999998573E+001,-1.0602487339553051E+001
 1.0206289999998573E+001, 1.0206289999998573E+001,-1.0602487339549002E+001
 1.0207289999998572E+001, 1.0207289999998572E+001,-1.0602487339549409E+001
 1.0208289999998572E+001, 1.0208289999998572E+001,-1.0602487339552781E+001
 1.0209289999998571E+001, 1.0209289999998571E+001,-1.0602487339540561E+001
 1.0210289999998571E+001, 1.0210289999998571E+001,-1.0602487339532548E+001
 1.0211289999998570E+001, 1.0211289999998570E+001,-1.0602487339527334E+001
 1.0212289999998569E+001, 1.0212289999998569E+001,-1.0602487339525030E+001
 1.0213289999998569E+001, 1.0213289999998569E+001,-1.0602487339519969E+001
 1.0214289999998568E+001, 1.0214289999998568E+001,-1.0602487339523183E+001
 1.0215289999998568E+001, 1.0215289999998568E+001,-1.0602487339523794E+001
 1.0216289999998567E+001, 1.0216289999998567E+001,-1.0602487339522542E+001
 1.0217289999998567E+001, 1.0217289999998567E+001,-1.0602487339516605E+001
 1.0218289999998566E+001, 1.0218289999998566E+001,-1.0602487339520703E+001
 1.0219289999998566E+001, 1.0219289999998566E+001,-1.0602487339514914E+001
 1.0220289999998565E+001, 1.0220289999998565E+001,-1.0602487339507082E+001
 1.0221289999998564E+001, 1.0221289999998564E+001,-1.0602487339501868E+001
 1.0222289999998564E+001, 1.0222289999998564E+001,-1.0602487339496719E+001
 1.0223289999998563E+001, 1.0223289999998563E+001,-1.0602487339488906E+001
 1.0224289999998563E+001, 1.0224289999998563E+001,-1.0602487339487425E+001
 1.0225289999998562E+001, 1.0225289999998562E+001,-1.0602487339481485E+001
 1.0226289999998562E+001, 1.0226289999998562E+001,-1.0602487339480057E+001
 1.0227289999998561E+001, 1.0227289999998561E+001,-1.0602487339473223E+001
 1.0228289999998561E+001, 1.0228289999998561E+001,-1.0602487339478190E+001
 1.0229289999998560E+001, 1.0229289999998560E+001,-1.0602487339466006E+001
 1.0230289999998559E+001, 1.0230289999998559E+001,-1.0602487339463526E+001
 1.0231289999998559E+001, 1.0231289999998559E+001,-1.0602487339467707E+001
 1.0232289999998558E+001, 1.0232289999998558E+001,-1.0602487339461927E+001
 1.0233289999998558E+001, 1.0233289999998558E+001,-1.0602487339462293E+001
 1.0234289999998557E+001, 1.0234289999998557E+001,-1.0602487339461028E+001
 1.0235289999998557E+001, 1.0235289999998557E+001,-1.0602487339450475E+001
 1.0236289999998556E+001, 1.0236289999998556E+001,-1.0602487339448029E+001
 1.0237289999998556E+001, 1.0237289999998556E+001,-1.0602487339439387E+001
 1.0238289999998555E+001, 1.0238289999998555E+001,-1.0602487339440573E+001
 1.0239289999998554E+001, 1.0239289999998554E+001,-1.0602487339443945E+001
 1.0240289999998554E+001, 1.0240289999998554E+001,-1.0602487339438147E+001
 1.0241289999998553E+001, 1.0241289999998553E+001,-1.0602487339431200E+001
 1.0242289999998553E+001, 1.0242289999998553E+001,-1.0602487339420493E+001
 1.0243289999998552E+001, 1.0243289999998552E+001,-1.0602487339425354E+001
 1.0244289999998552E+001, 1.0244289999998552E+001,-1.0602487339417790E+001
 1.0245289999998551E+001, 1.0245289999998551E+001,-1.0602487339417230E+001
 1.0246289999998551E+001, 1.0246289999998551E+001,-1.0602487339411315E+001
 1.0247289999998550E+001, 1.0247289999998550E+001,-1.0602487339397053E+001
 1.0248289999998550E+001, 1.0248289999998550E+001,-1.0602487339397189E+001
 1.0249289999998549E+001, 1.0249289999998549E+001,-1.0602487339403234E+001
 1.0250289999998548E+001, 1.0250289999998548E+001,-1.0602487339396596E+001
 1.0251289999998548E+001, 1.0251289999998548E+001,-1.0602487339384123E+001
 1.0252289999998547E+001, 1.0252289999998547E+001,-1.0602487339395349E+001
 1.0253289999998547E+001, 1.0253289999998547E+001,-1.0602487339382442E+001
 1.0254289999998546E+001, 1.0254289999998546E+001,-1.0602487339385458E+001
 1.0255289999998546E+001, 1.0255289999998546E+001,-1.0602487339377847E+001
 1.0256289999998545E+001, 1.0256289999998545E+001,-1.0602487339379058E+001
 1.0257289999998545E+001, 1.0257289999998545E+001,-1.0602487339378717E+001
 1.0258289999998544E+001, 1.0258289999998544E+001,-1.0602487339371917E+001
 1.0259289999998543E+001, 1.0259289999998543E+001,-1.0602487339369574E+001
 1.0260289999998543E+001, 1.0260289999998543E+001,-1.0602487339374655E+001
 1.0261289999998542E+001, 1.0261289999998542E+001,-1.0602487339359634E+001
 1.0262289999998542E+001, 1.0262289999998542E+001,-1.0602487339350663E+001
 1.0263289999998541E+001, 1.0263289999998541E+001,-1.0602487339355566E+001
 1.0264289999998541E+001, 1.0264289999998541E+001,-1.0602487339349787E+001
 1.0265289999998540E+001, 1.0265289999998540E+001,-1.0602487339349269E+001
 1.0266289999998540E+001, 1.0266289999998540E+001,-1.0602487339347089E+001
 1.0267289999998539E+001, 1.0267289999998539E+001,-1.0602487339345771E+001
 1.0268289999998538E+001, 1.0268289999998538E+001,-1.0602487339344453E+001
 1.0269289999998538E+001, 1.0269289999998538E+001,-1.0602487339333901E+001
 1.0270289999998537E+001, 1.0270289999998537E+001,-1.0602487339325936E+001
 1.0271289999998537E+001, 1.0271289999998537E+001,-1.0602487339325348E+001
 1.0272289999998536E+001, 1.0272289999998536E+001,-1.0602487339314807E+001
 1.0273289999998536E+001, 1.0273289999998536E+001,-1.0602487339323412E+001
 1.0274289999998535E+001, 1.0274289999998535E+001,-1.0602487339306693E+001
 1.0275289999998535E+001, 1.0275289999998535E+001,-1.0602487339323336E+001
 1.0276289999998534E+001, 1.0276289999998534E+001,-1.0602487339321607E+001
 1.0277289999998533E+001, 1.0277289999998533E+001,-1.0602487339298218E+001
 1.0278289999998533E+001, 1.0278289999998533E+001,-1.0602487339303632E+001
 1.0279289999998532E+001, 1.0279289999998532E+001,-1.0602487339296090E+001
 1.0280289999998532E+001, 1.0280289999998532E+001,-1.0602487339301032E+001
 1.0281289999998531E+001, 1.0281289999998531E+001,-1.0602487339299897E+001
 1.0282289999998531E+001, 1.0282289999998531E+001,-1.0602487339299481E+001
 1.0283289999998530E+001, 1.0283289999998530E+001,-1.0602487339286267E+001
 1.0284289999998530E+001, 1.0284289999998530E+001,-1.0602487339285537E+001
 1.0285289999998529E+001, 1.0285289999998529E+001,-1.0602487339275896E+001
 1.0286289999998528E+001, 1.0286289999998528E+001,-1.0602487339278097E+001
 1.0287289999998528E+001, 1.0287289999998528E+001,-1.0602487339273154E+001
 1.0288289999998527E+001, 1.0288289999998527E+001,-1.0602487339272647E+001
 1.0289289999998527E+001, 1.0289289999998527E+001,-1.0602487339270473E+001
 1.0290289999998526E+001, 1.0290289999998526E+001,-1.0602487339258994E+001
 1.0291289999998526E+001, 1.0291289999998526E+001,-1.0602487339262940E+001
 1.0292289999998525E+001, 1.0292289999998525E+001,-1.0602487339256257E+001
 1.0293289999998525E+001, 1.0293289999998525E+001,-1.0602487339251079E+001
 1.0294289999998524E+001, 1.0294289999998524E+001,-1.0602487339258920E+001
 1.0295289999998523E+001, 1.0295289999998523E+001,-1.0602487339254118E+001
 1.0296289999998523E+001, 1.0296289999998523E+001,-1.0602487339246318E+001
 1.0297289999998522E+001, 1.0297289999998522E+001,-1.0602487339240207E+001
 1.0298289999998522E+001, 1.0298289999998522E+001,-1.0602487339234152E+001
 1.0299289999998521E+001, 1.0299289999998521E+001,-1.0602487339228091E+001
 1.0300289999998521E+001, 1.0300289999998521E+001,-1.0602487339233075E+001
 1.0301289999998520E+001, 1.0301289999998520E+001,-1.0602487339220009E+001
 1.0302289999998520E+001, 1.0302289999998520E+001,-1.0602487339223911E+001
 1.0303289999998519E+001, 1.0303289999998519E+001,-1.0602487339219007E+001
 1.0304289999998518E+001, 1.0304289999998518E+001,-1.0602487339226865E+001
 1.0305289999998518E+001, 1.0305289999998518E+001,-1.0602487339211027E+001
 1.0306289999998517E+001, 1.0306289999998517E+001,-1.0602487339200081E+001
 1.0307289999998517E+001, 1.0307289999998517E+001,-1.0602487339201364E+001
 1.0308289999998516E+001, 1.0308289999998516E+001,-1.0602487339196394E+001
 1.0309289999998516E+001, 1.0309289999998516E+001,-1.0602487339199609E+001
 1.0310289999998515E+001, 1.0310289999998515E+001,-1.0602487339194701E+001
 1.0311289999998515E+001, 1.0311289999998515E+001,-1.0602487339187780E+001
 1.0312289999998514E+001, 1.0312289999998514E+001,-1.0602487339187224E+001
 1.0313289999998513E+001, 1.0313289999998513E+001,-1.0602487339181309E+001
 1.0314289999998513E+001, 1.0314289999998513E+001,-1.0602487339174360E+001
 1.0315289999998512E+001, 1.0315289999998512E+001,-1.0602487339172908E+001
 1.0316289999998512E+001, 1.0316289999998512E+001,-1.0602487339172486E+001
 1.0317289999998511E+001, 1.0317289999998511E+001,-1.0602487339171219E+001
 1.0318289999998511E+001, 1.0318289999998511E+001,-1.0602487339169009E+001
 1.0319289999998510E+001, 1.0319289999998510E+001,-1.0602487339158422E+001
 1.0320289999998510E+001, 1.0320289999998510E+001,-1.0602487339157769E+001
 1.0321289999998509E+001, 1.0321289999998509E+001,-1.0602487339150970E+001
 1.0322289999998508E+001, 1.0322289999998508E+001,-1.0602487339151306E+001
 1.0323289999998508E+001, 1.0323289999998508E+001,-1.0602487339149137E+001
 1.0324289999998507E+001, 1.0324289999998507E+001,-1.0602487339149615E+001
 1.0325289999998507E+001, 1.0325289999998507E+001,-1.0602487339146558E+001
 1.0326289999998506E+001, 1.0326289999998506E+001,-1.0602487339139680E+001
 1.0327289999998506E+001, 1.0327289999998506E+001,-1.0602487339139136E+001
 1.0328289999998505E+001, 1.0328289999998505E+001,-1.0602487339126796E+001
 1.0329289999998505E+001, 1.0329289999998505E+001,-1.0602487339127892E+001
 1.0330289999998504E+001, 1.0330289999998504E+001,-1.0602487339125753E+001
 1.0331289999998504E+001, 1.0331289999998504E+001,-1.0602487339125311E+001
 1.0332289999998503E+001, 1.0332289999998503E+001,-1.0602487339117621E+001
 1.0333289999998502E+001, 1.0333289999998502E+001,-1.0602487339122568E+001
 1.0334289999998502E+001, 1.0334289999998502E+001,-1.0602487339112171E+001
 1.0335289999998501E+001, 1.0335289999998501E+001,-1.0602487339113466E+001
 1.0336289999998501E+001, 1.0336289999998501E+001,-1.0602487339102982E+001
 1.0337289999998500E+001, 1.0337289999998500E+001,-1.0602487339097696E+001
 1.0338289999998500E+001, 1.0338289999998500E+001,-1.0602487339107331E+001
 1.0339289999998499E+001, 1.0339289999998499E+001,-1.0602487339089746E+001
 1.0340289999998499E+001, 1.0340289999998499E+001,-1.0602487339099053E+001
 1.0341289999998498E+001, 1.0341289999998498E+001,-1.0602487339086984E+001
 1.0342289999998497E+001, 1.0342289999998497E+001,-1.0602487339077044E+001
 1.0343289999998497E+001, 1.0343289999998497E+001,-1.0602487339079239E+001
 1.0344289999998496E+001, 1.0344289999998496E+001,-1.0602487339080719E+001
 1.0345289999998496E+001, 1.0345289999998496E+001,-1.0602487339078579E+001
 1.0346289999998495E+001, 1.0346289999998495E+001,-1.0602487339067107E+001
 1.0347289999998495E+001, 1.0347289999998495E+001,-1.0602487339071061E+001
 1.0348289999998494E+001, 1.0348289999998494E+001,-1.0602487339059739E+001
 1.0349289999998494E+001, 1.0349289999998494E+001,-1.0602487339073836E+001
 1.0350289999998493E+001, 1.0350289999998493E+001,-1.0602487339056378E+001
 1.0351289999998492E+001, 1.0351289999998492E+001,-1.0602487339049128E+001
 1.0352289999998492E+001, 1.0352289999998492E+001,-1.0602487339053193E+001
 1.0353289999998491E+001, 1.0353289999998491E+001,-1.0602487339052921E+001
 1.0354289999998491E+001, 1.0354289999998491E+001,-1.0602487339053434E+001
 1.0355289999998490E+001, 1.0355289999998490E+001,-1.0602487339038444E+001
 1.0356289999998490E+001, 1.0356289999998490E+001,-1.0602487339038568E+001
 1.0357289999998489E+001, 1.0357289999998489E+001,-1.0602487339035362E+001
 1.0358289999998489E+001, 1.0358289999998489E+001,-1.0602487339021160E+001
 1.0359289999998488E+001, 1.0359289999998488E+001,-1.0602487339032354E+001
 1.0360289999998487E+001, 1.0360289999998487E+001,-1.0602487339030482E+001
 1.0361289999998487E+001, 1.0361289999998487E+001,-1.0602487339013495E+001
 1.0362289999998486E+001, 1.0362289999998486E+001,-1.0602487339013573E+001
 1.0363289999998486E+001, 1.0363289999998486E+001,-1.0602487339016928E+001
 1.0364289999998485E+001, 1.0364289999998485E+001,-1.0602487339011120E+001
 1.0365289999998485E+001, 1.0365289999998485E+001,-1.0602487339003282E+001
 1.0366289999998484E+001, 1.0366289999998484E+001,-1.0602487339007318E+001
 1.0367289999998484E+001, 1.0367289999998484E+001,-1.0602487338997799E+001
 1.0368289999998483E+001, 1.0368289999998483E+001,-1.0602487338984336E+001
 1.0369289999998482E+001, 1.0369289999998482E+001,-1.0602487338995550E+001
 1.0370289999998482E+001, 1.0370289999998482E+001,-1.0602487338977111E+001
 1.0371289999998481E+001, 1.0371289999998481E+001,-1.0602487338986396E+001
 1.0372289999998481E+001, 1.0372289999998481E+001,-1.0602487338986263E+001
 1.0373289999998480E+001, 1.0373289999998480E+001,-1.0602487338979472E+001
 1.0374289999998480E+001, 1.0374289999998480E+001,-1.0602487338972505E+001
 1.0375289999998479E+001, 1.0375289999998479E+001,-1.0602487338970153E+001
 1.0376289999998479E+001, 1.0376289999998479E+001,-1.0602487338965984E+001
 1.0377289999998478E+001, 1.0377289999998478E+001,-1.0602487338964602E+001
 1.0378289999998477E+001, 1.0378289999998477E+001,-1.0602487338963293E+001
 1.0379289999998477E+001, 1.0379289999998477E+001,-1.0602487338961989E+001
 1.0380289999998476E+001, 1.0380289999998476E+001,-1.0602487338950533E+001
 1.0381289999998476E+001, 1.0381289999998476E+001,-1.0602487338949853E+001
 1.0382289999998475E+001, 1.0382289999998475E+001,-1.0602487338938424E+001
 1.0383289999998475E+001, 1.0383289999998475E+001,-1.0602487338935951E+001
 1.0384289999998474E+001, 1.0384289999998474E+001,-1.0602487338937305E+001
 1.0385289999998474E+001, 1.0385289999998474E+001,-1.0602487338939799E+001
 1.0386289999998473E+001, 1.0386289999998473E+001,-1.0602487338928439E+001
 1.0387289999998472E+001, 1.0387289999998472E+001,-1.0602487338937030E+001
 1.0388289999998472E+001, 1.0388289999998472E+001,-1.0602487338932239E+001
 1.0389289999998471E+001, 1.0389289999998471E+001,-1.0602487338925327E+001
 1.0390289999998471E+001, 1.0390289999998471E+001,-1.0602487338930292E+001
 1.0391289999998470E+001, 1.0391289999998470E+001,-1.0602487338919904E+001
 1.0392289999998470E+001, 1.0392289999998470E+001,-1.0602487338926705E+001
 1.0393289999998469E+001, 1.0393289999998469E+001,-1.0602487338905327E+001
 1.0394289999998469E+001, 1.0394289999998469E+001,-1.0602487338904385E+001
 1.0395289999998468E+001, 1.0395289999998468E+001,-1.0602487338909508E+001
 1.0396289999998467E+001, 1.0396289999998467E+001,-1.0602487338891802E+001
 1.0397289999998467E+001, 1.0397289999998467E+001,-1.0602487338901119E+001
 1.0398289999998466E+001, 1.0398289999998466E+001,-1.0602487338893667E+001
 1.0399289999998466E+001, 1.0399289999998466E+001,-1.0602487338882058E+001
 1.0400289999998465E+001, 1.0400289999998465E+001,-1.0602487338881382E+001
 1.0401289999998465E+001, 1.0401289999998465E+001,-1.0602487338880978E+001
 1.0402289999998464E+001, 1.0402289999998464E+001,-1.0602487338878809E+001
 1.0403289999998464E+001, 1.0403289999998464E+001,-1.0602487338878365E+001
 1.0404289999998463E+001, 1.0404289999998463E+001,-1.0602487338866943E+001
 1.0405289999998462E+001, 1.0405289999998462E+001,-1.0602487338876411E+001
 1.0406289999998462E+001, 1.0406289999998462E+001,-1.0602487338869857E+001
 1.0407289999998461E+001, 1.0407289999998461E+001,-1.0602487338858275E+001
 1.0408289999998461E+001, 1.0408289999998461E+001,-1.0602487338857600E+001
 1.0409289999998460E+001, 1.0409289999998460E+001,-1.0602487338851674E+001
 1.0410289999998460E+001, 1.0410289999998460E+001,-1.0602487338851150E+001
 1.0411289999998459E+001, 1.0411289999998459E+001,-1.0602487338853594E+001
 1.0412289999998459E+001, 1.0412289999998459E+001,-1.0602487338838509E+001
 1.0413289999998458E+001, 1.0413289999998458E+001,-1.0602487338832216E+001
 1.0414289999998458E+001, 1.0414289999998458E+001,-1.0602487338840032E+001
 1.0415289999998457E+001, 1.0415289999998457E+001,-1.0602487338823286E+001
 1.0416289999998456E+001, 1.0416289999998456E+001,-1.0602487338827997E+001
 1.0417289999998456E+001, 1.0417289999998456E+001,-1.0602487338821328E+001
 1.0418289999998455E+001, 1.0418289999998455E+001,-1.0602487338825402E+001
 1.0419289999998455E+001, 1.0419289999998455E+001,-1.0602487338812299E+001
 1.0420289999998454E+001, 1.0420289999998454E+001,-1.0602487338817102E+001
 1.0421289999998454E+001, 1.0421289999998454E+001,-1.0602487338815962E+001
 1.0422289999998453E+001, 1.0422289999998453E+001,-1.0602487338810926E+001
 1.0423289999998453E+001, 1.0423289999998453E+001,-1.0602487338815047E+001
 1.0424289999998452E+001, 1.0424289999998452E+001,-1.0602487338802849E+001
 1.0425289999998451E+001, 1.0425289999998451E+001,-1.0602487338803032E+001
 1.0426289999998451E+001, 1.0426289999998451E+001,-1.0602487338796251E+001
 1.0427289999998450E+001, 1.0427289999998450E+001,-1.0602487338784654E+001
 1.0428289999998450E+001, 1.0428289999998450E+001,-1.0602487338793225E+001
 1.0429289999998449E+001, 1.0429289999998449E+001,-1.0602487338782929E+001
 1.0430289999998449E+001, 1.0430289999998449E+001,-1.0602487338786901E+001
 1.0431289999998448E+001, 1.0431289999998448E+001,-1.0602487338780215E+001
 1.0432289999998448E+001, 1.0432289999998448E+001,-1.0602487338784293E+001
 1.0433289999998447E+001, 1.0433289999998447E+001,-1.0602487338772972E+001
 1.0434289999998446E+001, 1.0434289999998446E+001,-1.0602487338762167E+001
 1.0435289999998446E+001, 1.0435289999998446E+001,-1.0602487338770752E+001
 1.0436289999998445E+001, 1.0436289999998445E+001,-1.0602487338758662E+001
 1.0437289999998445E+001, 1.0437289999998445E+001,-1.0602487338758870E+001
 1.0438289999998444E+001, 1.0438289999998444E+001,-1.0602487338763122E+001
 1.0439289999998444E+001, 1.0439289999998444E+001,-1.0602487338745402E+001
 1.0440289999998443E+001, 1.0440289999998443E+001,-1.0602487338744560E+001
 1.0441289999998443E+001, 1.0441289999998443E+001,-1.0602487338742359E+001
 1.0442289999998442E+001, 1.0442289999998442E+001,-1.0602487338747450E+001
 1.0443289999998441E+001, 1.0443289999998441E+001,-1.0602487338734388E+001
 1.0444289999998441E+001, 1.0444289999998441E+001,-1.0602487338740083E+001
 1.0445289999998440E+001, 1.0445289999998440E+001,-1.0602487338734322E+001
 1.0446289999998440E+001, 1.0446289999998440E+001,-1.0602487338732900E+001
 1.0447289999998439E+001, 1.0447289999998439E+001,-1.0602487338731597E+001
 1.0448289999998439E+001, 1.0448289999998439E+001,-1.0602487338731194E+001
 1.0449289999998438E+001, 1.0449289999998438E+001,-1.0602487338718872E+001
 1.0450289999998438E+001, 1.0450289999998438E+001,-1.0602487338723680E+001
 1.0451289999998437E+001, 1.0451289999998437E+001,-1.0602487338705973E+001
 1.0452289999998436E+001, 1.0452289999998436E+001,-1.0602487338709755E+001
 1.0453289999998436E+001, 1.0453289999998436E+001,-1.0602487338710375E+001
 1.0454289999998435E+001, 1.0454289999998435E+001,-1.0602487338708222E+001
 1.0455289999998435E+001, 1.0455289999998435E+001,-1.0602487338706005E+001
 1.0456289999998434E+001, 1.0456289999998434E+001,-1.0602487338686167E+001
 1.0457289999998434E+001, 1.0457289999998434E+001,-1.0602487338694527E+001
 1.0458289999998433E+001, 1.0458289999998433E+001,-1.0602487338681533E+001
 1.0459289999998433E+001, 1.0459289999998433E+001,-1.0602487338682607E+001
 1.0460289999998432E+001, 1.0460289999998432E+001,-1.0602487338680474E+001
 1.0461289999998431E+001, 1.0461289999998431E+001,-1.0602487338679156E+001
 1.0462289999998431E+001, 1.0462289999998431E+001,-1.0602487338662170E+001
 1.0463289999998430E+001, 1.0463289999998430E+001,-1.0602487338661344E+001
 1.0464289999998430E+001, 1.0464289999998430E+001,-1.0602487338664679E+001
 1.0465289999998429E+001, 1.0465289999998429E+001,-1.0602487338659760E+001
 1.0466289999998429E+001, 1.0466289999998429E+001,-1.0602487338657474E+001
 1.0467289999998428E+001, 1.0467289999998428E+001,-1.0602487338657038E+001
 1.0468289999998428E+001, 1.0468289999998428E+001,-1.0602487338660374E+001
 1.0469289999998427E+001, 1.0469289999998427E+001,-1.0602487338644426E+001
 1.0470289999998426E+001, 1.0470289999998426E+001,-1.0602487338641833E+001
 1.0471289999998426E+001, 1.0471289999998426E+001,-1.0602487338640497E+001
 1.0472289999998425E+001, 1.0472289999998425E+001,-1.0602487338630826E+001
 1.0473289999998425E+001, 1.0473289999998425E+001,-1.0602487338635719E+001
 1.0474289999998424E+001, 1.0474289999998424E+001,-1.0602487338628164E+001
 1.0475289999998424E+001, 1.0475289999998424E+001,-1.0602487338622968E+001
 1.0476289999998423E+001, 1.0476289999998423E+001,-1.0602487338620666E+001
 1.0477289999998423E+001, 1.0477289999998423E+001,-1.0602487338626633E+001
 1.0478289999998422E+001, 1.0478289999998422E+001,-1.0602487338619108E+001
 1.0479289999998421E+001, 1.0479289999998421E+001,-1.0602487338613011E+001
 1.0480289999998421E+001, 1.0480289999998421E+001,-1.0602487338612470E+001
 1.0481289999998420E+001, 1.0481289999998420E+001,-1.0602487338606565E+001
 1.0482289999998420E+001, 1.0482289999998420E+001,-1.0602487338609759E+001
 1.0483289999998419E+001, 1.0483289999998419E+001,-1.0602487338602160E+001
 1.0484289999998419E+001, 1.0484289999998419E+001,-1.0602487338596070E+001
 1.0485289999998418E+001, 1.0485289999998418E+001,-1.0602487338590901E+001
 1.0486289999998418E+001, 1.0486289999998418E+001,-1.0602487338588601E+001
 1.0487289999998417E+001, 1.0487289999998417E+001,-1.0602487338589061E+001
 1.0488289999998416E+001, 1.0488289999998416E+001,-1.0602487338584064E+001
 1.0489289999998416E+001, 1.0489289999998416E+001,-1.0602487338574459E+001
 1.0490289999998415E+001, 1.0490289999998415E+001,-1.0602487338561884E+001
 1.0491289999998415E+001, 1.0491289999998415E+001,-1.0602487338578651E+001
 1.0492289999998414E+001, 1.0492289999998414E+001,-1.0602487338571397E+001
 1.0493289999998414E+001, 1.0493289999998414E+001,-1.0602487338560680E+001
 1.0494289999998413E+001, 1.0494289999998413E+001,-1.0602487338564643E+001
 1.0495289999998413E+001, 1.0495289999998413E+001,-1.0602487338569903E+001
 1.0496289999998412E+001, 1.0496289999998412E+001,-1.0602487338561451E+001
 1.0497289999998412E+001, 1.0497289999998412E+001,-1.0602487338557118E+001
 1.0498289999998411E+001, 1.0498289999998411E+001,-1.0602487338549338E+001
 1.0499289999998410E+001, 1.0499289999998410E+001,-1.0602487338548750E+001
 1.0500289999998410E+001, 1.0500289999998410E+001,-1.0602487338542826E+001
 1.0501289999998409E+001, 1.0501289999998409E+001,-1.0602487338538566E+001
 1.0502289999998409E+001, 1.0502289999998409E+001,-1.0602487338534488E+001
 1.0503289999998408E+001, 1.0503289999998408E+001,-1.0602487338534914E+001
 1.0504289999998408E+001, 1.0504289999998408E+001,-1.0602487338526345E+001
 1.0505289999998407E+001, 1.0505289999998407E+001,-1.0602487338521115E+001
 1.0506289999998407E+001, 1.0506289999998407E+001,-1.0602487338521495E+001
 1.0507289999998406E+001, 1.0507289999998406E+001,-1.0602487338514710E+001
 1.0508289999998405E+001, 1.0508289999998405E+001,-1.0602487338507739E+001
 1.0509289999998405E+001, 1.0509289999998405E+001,-1.0602487338515539E+001
 1.0510289999998404E+001, 1.0510289999998404E+001,-1.0602487338510738E+001
 1.0511289999998404E+001, 1.0511289999998404E+001,-1.0602487338497408E+001
 1.0512289999998403E+001, 1.0512289999998403E+001,-1.0602487338497575E+001
 1.0513289999998403E+001, 1.0513289999998403E+001,-1.0602487338497202E+001
 1.0514289999998402E+001, 1.0514289999998402E+001,-1.0602487338502343E+001
 1.0515289999998402E+001, 1.0515289999998402E+001,-1.0602487338499412E+001
 1.0516289999998401E+001, 1.0516289999998401E+001,-1.0602487338488816E+001
 1.0517289999998400E+001, 1.0517289999998400E+001,-1.0602487338487254E+001
 1.0518289999998400E+001, 1.0518289999998400E+001,-1.0602487338485057E+001
 1.0519289999998399E+001, 1.0519289999998399E+001,-1.0602487338486410E+001
 1.0520289999998399E+001, 1.0520289999998399E+001,-1.0602487338485174E+001
 1.0521289999998398E+001, 1.0521289999998398E+001,-1.0602487338471045E+001
 1.0522289999998398E+001, 1.0522289999998398E+001,-1.0602487338456417E+001
 1.0523289999998397E+001, 1.0523289999998397E+001,-1.0602487338464908E+001
 1.0524289999998397E+001, 1.0524289999998397E+001,-1.0602487338464748E+001
 1.0525289999998396E+001, 1.0525289999998396E+001,-1.0602487338457063E+001
 1.0526289999998395E+001, 1.0526289999998395E+001,-1.0602487338458271E+001
 1.0527289999998395E+001, 1.0527289999998395E+001,-1.0602487338465394E+001
 1.0528289999998394E+001, 1.0528289999998394E+001,-1.0602487338449537E+001
 1.0529289999998394E+001, 1.0529289999998394E+001,-1.0602487338443222E+001
 1.0530289999998393E+001, 1.0530289999998393E+001,-1.0602487338440888E+001
 1.0531289999998393E+001, 1.0531289999998393E+001,-1.0602487338430294E+001
 1.0532289999998392E+001, 1.0532289999998392E+001,-1.0602487338430542E+001
 1.0533289999998392E+001, 1.0533289999998392E+001,-1.0602487338427492E+001
 1.0534289999998391E+001, 1.0534289999998391E+001,-1.0602487338427927E+001
 1.0535289999998390E+001, 1.0535289999998390E+001,-1.0602487338431292E+001
 1.0536289999998390E+001, 1.0536289999998390E+001,-1.0602487338419968E+001
 1.0537289999998389E+001, 1.0537289999998389E+001,-1.0602487338418388E+001
 1.0538289999998389E+001, 1.0538289999998389E+001,-1.0602487338416186E+001
 1.0539289999998388E+001, 1.0539289999998388E+001,-1.0602487338411130E+001
 1.0540289999998388E+001, 1.0540289999998388E+001,-1.0602487338410617E+001
 1.0541289999998387E+001, 1.0541289999998387E+001,-1.0602487338404705E+001
 1.0542289999998387E+001, 1.0542289999998387E+001,-1.0602487338403270E+001
 1.0543289999998386E+001, 1.0543289999998386E+001,-1.0602487338395553E+001
 1.0544289999998385E+001, 1.0544289999998385E+001,-1.0602487338402289E+001
 1.0545289999998385E+001, 1.0545289999998385E+001,-1.0602487338394770E+001
 1.0546289999998384E+001, 1.0546289999998384E+001,-1.0602487338383156E+001
 1.0547289999998384E+001, 1.0547289999998384E+001,-1.0602487338380683E+001
 1.0548289999998383E+001, 1.0548289999998383E+001,-1.0602487338382032E+001
 1.0549289999998383E+001, 1.0549289999998383E+001,-1.0602487338383636E+001
 1.0550289999998382E+001, 1.0550289999998382E+001,-1.0602487338362117E+001
 1.0551289999998382E+001, 1.0551289999998382E+001,-1.0602487338356545E+001
 1.0552289999998381E+001, 1.0552289999998381E+001,-1.0602487338371690E+001
 1.0553289999998380E+001, 1.0553289999998380E+001,-1.0602487338359778E+001
 1.0554289999998380E+001, 1.0554289999998380E+001,-1.0602487338359083E+001
 1.0555289999998379E+001, 1.0555289999998379E+001,-1.0602487338350489E+001
 1.0556289999998379E+001, 1.0556289999998379E+001,-1.0602487338351677E+001
 1.0557289999998378E+001, 1.0557289999998378E+001,-1.0602487338355949E+001
 1.0558289999998378E+001, 1.0558289999998378E+001,-1.0602487338338234E+001
 1.0559289999998377E+001, 1.0559289999998377E+001,-1.0602487338342019E+001
 1.0560289999998377E+001, 1.0560289999998377E+001,-1.0602487338346364E+001
 1.0561289999998376E+001, 1.0561289999998376E+001,-1.0602487338335065E+001
 1.0562289999998375E+001, 1.0562289999998375E+001,-1.0602487338335287E+001
 1.0563289999998375E+001, 1.0563289999998375E+001,-1.0602487338322087E+001
 1.0564289999998374E+001, 1.0564289999998374E+001,-1.0602487338325982E+001
 1.0565289999998374E+001, 1.0565289999998374E+001,-1.0602487338313777E+001
 1.0566289999998373E+001, 1.0566289999998373E+001,-1.0602487338313082E+001
 1.0567289999998373E+001, 1.0567289999998373E+001,-1.0602487338312683E+001
 1.0568289999998372E+001, 1.0568289999998372E+001,-1.0602487338316919E+001
 1.0569289999998372E+001, 1.0569289999998372E+001,-1.0602487338304723E+001
 1.0570289999998371E+001, 1.0570289999998371E+001,-1.0602487338298497E+001
 1.0571289999998370E+001, 1.0571289999998370E+001,-1.0602487338297955E+001
 1.0572289999998370E+001, 1.0572289999998370E+001,-1.0602487338292049E+001
 1.0573289999998369E+001, 1.0573289999998369E+001,-1.0602487338295257E+001
 1.0574289999998369E+001, 1.0574289999998369E+001,-1.0602487338288540E+001
 1.0575289999998368E+001, 1.0575289999998368E+001,-1.0602487338276941E+001
 1.0576289999998368E+001, 1.0576289999998368E+001,-1.0602487338276264E+001
 1.0577289999998367E+001, 1.0577289999998367E+001,-1.0602487338276767E+001
 1.0578289999998367E+001, 1.0578289999998367E+001,-1.0602487338267306E+001
 1.0579289999998366E+001, 1.0579289999998366E+001,-1.0602487338263847E+001
 1.0580289999998366E+001, 1.0580289999998366E+001,-1.0602487338267110E+001
 1.0581289999998365E+001, 1.0581289999998365E+001,-1.0602487338260396E+001
 1.0582289999998364E+001, 1.0582289999998364E+001,-1.0602487338259838E+001
 1.0583289999998364E+001, 1.0583289999998364E+001,-1.0602487338269601E+001
 1.0584289999998363E+001, 1.0584289999998363E+001,-1.0602487338261266E+001
 1.0585289999998363E+001, 1.0585289999998363E+001,-1.0602487338256951E+001
 1.0586289999998362E+001, 1.0586289999998362E+001,-1.0602487338255564E+001
 1.0587289999998362E+001, 1.0587289999998362E+001,-1.0602487338246938E+001
 1.0588289999998361E+001, 1.0588289999998361E+001,-1.0602487338241712E+001
 1.0589289999998361E+001, 1.0589289999998361E+001,-1.0602487338236569E+001
 1.0590289999998360E+001, 1.0590289999998360E+001,-1.0602487338238889E+001
 1.0591289999998359E+001, 1.0591289999998359E+001,-1.0602487338222916E+001
 1.0592289999998359E+001, 1.0592289999998359E+001,-1.0602487338221223E+001
 1.0593289999998358E+001, 1.0593289999998358E+001,-1.0602487338226332E+001
 1.0594289999998358E+001, 1.0594289999998358E+001,-1.0602487338226084E+001
 1.0595289999998357E+001, 1.0595289999998357E+001,-1.0602487338214651E+001
 1.0596289999998357E+001, 1.0596289999998357E+001,-1.0602487338217710E+001
 1.0597289999998356E+001, 1.0597289999998356E+001,-1.0602487338212786E+001
 1.0598289999998356E+001, 1.0598289999998356E+001,-1.0602487338205869E+001
 1.0599289999998355E+001, 1.0599289999998355E+001,-1.0602487338215452E+001
 1.0600289999998354E+001, 1.0600289999998354E+001,-1.0602487338192359E+001
 1.0601289999998354E+001, 1.0601289999998354E+001,-1.0602487338196896E+001
 1.0602289999998353E+001, 1.0602289999998353E+001,-1.0602487338198431E+001
 1.0603289999998353E+001, 1.0603289999998353E+001,-1.0602487338188990E+001
 1.0604289999998352E+001, 1.0604289999998352E+001,-1.0602487338182838E+001
 1.0605289999998352E+001, 1.0605289999998352E+001,-1.0602487338177673E+001
 1.0606289999998351E+001, 1.0606289999998351E+001,-1.0602487338180897E+001
 1.0607289999998351E+001, 1.0607289999998351E+001,-1.0602487338180609E+001
 1.0608289999998350E+001, 1.0608289999998350E+001,-1.0602487338178431E+001
 1.0609289999998349E+001, 1.0609289999998349E+001,-1.0602487338173383E+001
 1.0610289999998349E+001, 1.0610289999998349E+001,-1.0602487338170178E+001
 1.0611289999998348E+001, 1.0611289999998348E+001,-1.0602487338165091E+001
 1.0612289999998348E+001, 1.0612289999998348E+001,-1.0602487338152640E+001
 1.0613289999998347E+001, 1.0613289999998347E+001,-1.0602487338153731E+001
 1.0614289999998347E+001, 1.0614289999998347E+001,-1.0602487338151594E+001
 1.0615289999998346E+001, 1.0615289999998346E+001,-1.0602487338139220E+001
 1.0616289999998346E+001, 1.0616289999998346E+001,-1.0602487338144940E+001
 1.0617289999998345E+001, 1.0617289999998345E+001,-1.0602487338137401E+001
 1.0618289999998344E+001, 1.0618289999998344E+001,-1.0602487338135937E+001
 1.0619289999998344E+001, 1.0619289999998344E+001,-1.0602487338136406E+001
 1.0620289999998343E+001, 1.0620289999998343E+001,-1.0602487338134251E+001
 1.0621289999998343E+001, 1.0621289999998343E+001,-1.0602487338132027E+001
 1.0622289999998342E+001, 1.0622289999998342E+001,-1.0602487338126975E+001
 1.0623289999998342E+001, 1.0623289999998342E+001,-1.0602487338120937E+001
 1.0624289999998341E+001, 1.0624289999998341E+001,-1.0602487338113999E+001
 1.0625289999998341E+001, 1.0625289999998341E+001,-1.0602487338113438E+001
 1.0626289999998340E+001, 1.0626289999998340E+001,-1.0602487338102893E+001
 1.0627289999998339E+001, 1.0627289999998339E+001,-1.0602487338112381E+001
 1.0628289999998339E+001, 1.0628289999998339E+001,-1.0602487338104952E+001
 1.0629289999998338E+001, 1.0629289999998338E+001,-1.0602487338099756E+001
 1.0630289999998338E+001, 1.0630289999998338E+001,-1.0602487338102977E+001
 1.0631289999998337E+001, 1.0631289999998337E+001,-1.0602487338097154E+001
 1.0632289999998337E+001, 1.0632289999998337E+001,-1.0602487338088427E+001
 1.0633289999998336E+001, 1.0633289999998336E+001,-1.0602487338082295E+001
 1.0634289999998336E+001, 1.0634289999998336E+001,-1.0602487338082652E+001
 1.0635289999998335E+001, 1.0635289999998335E+001,-1.0602487338086011E+001
 1.0636289999998334E+001, 1.0636289999998334E+001,-1.0602487338079317E+001
 1.0637289999998334E+001, 1.0637289999998334E+001,-1.0602487338083389E+001
 1.0638289999998333E+001, 1.0638289999998333E+001,-1.0602487338072962E+001
 1.0639289999998333E+001, 1.0639289999998333E+001,-1.0602487338065012E+001
 1.0640289999998332E+001, 1.0640289999998332E+001,-1.0602487338058015E+001
 1.0641289999998332E+001, 1.0641289999998332E+001,-1.0602487338065650E+001
 1.0642289999998331E+001, 1.0642289999998331E+001,-1.0602487338059067E+001
 1.0643289999998331E+001, 1.0643289999998331E+001,-1.0602487338046579E+001
 1.0644289999998330E+001, 1.0644289999998330E+001,-1.0602487338057809E+001
 1.0645289999998329E+001, 1.0645289999998329E+001,-1.0602487338049526E+001
 1.0646289999998329E+001, 1.0646289999998329E+001,-1.0602487338047128E+001
 1.0647289999998328E+001, 1.0647289999998328E+001,-1.0602487338047588E+001
 1.0648289999998328E+001, 1.0648289999998328E+001,-1.0602487338036180E+001
 1.0649289999998327E+001, 1.0649289999998327E+001,-1.0602487338029093E+001
 1.0650289999998327E+001, 1.0650289999998327E+001,-1.0602487338023003E+001
 1.0651289999998326E+001, 1.0651289999998326E+001,-1.0602487338016060E+001
 1.0652289999998326E+001, 1.0652289999998326E+001,-1.0602487338025654E+001
 1.0653289999998325E+001, 1.0653289999998325E+001,-1.0602487338020003E+001
 1.0654289999998324E+001, 1.0654289999998324E+001,-1.0602487338018580E+001
 1.0655289999998324E+001, 1.0655289999998324E+001,-1.0602487338011757E+001
 1.0656289999998323E+001, 1.0656289999998323E+001,-1.0602487338006583E+001
 1.0657289999998323E+001, 1.0657289999998323E+001,-1.0602487338011576E+001
 1.0658289999998322E+001, 1.0658289999998322E+001,-1.0602487338014177E+001
 1.0659289999998322E+001, 1.0659289999998322E+001,-1.0602487338003717E+001
 1.0660289999998321E+001, 1.0660289999998321E+001,-1.0602487337991132E+001
 1.0661289999998321E+001, 1.0661289999998321E+001,-1.0602487338000568E+001
 1.0662289999998320E+001, 1.0662289999998320E+001,-1.0602487337982083E+001
 1.0663289999998320E+001, 1.0663289999998320E+001,-1.0602487337993157E+001
 1.0664289999998319E+001, 1.0664289999998319E+001,-1.0602487337982927E+001
 1.0665289999998318E+001, 1.0665289999998318E+001,-1.0602487337979603E+001
 1.0666289999998318E+001, 1.0666289999998318E+001,-1.0602487337975401E+001
 1.0667289999998317E+001, 1.0667289999998317E+001,-1.0602487337974924E+001
 1.0668289999998317E+001, 1.0668289999998317E+001,-1.0602487337966323E+001
 1.0669289999998316E+001, 1.0669289999998316E+001,-1.0602487337965723E+001
 1.0670289999998316E+001, 1.0670289999998316E+001,-1.0602487337964440E+001
 1.0671289999998315E+001, 1.0671289999998315E+001,-1.0602487337958507E+001
 1.0672289999998315E+001, 1.0672289999998315E+001,-1.0602487337946922E+001
 1.0673289999998314E+001, 1.0673289999998314E+001,-1.0602487337950876E+001
 1.0674289999998313E+001, 1.0674289999998313E+001,-1.0602487337939557E+001
 1.0675289999998313E+001, 1.0675289999998313E+001,-1.0602487337943508E+001
 1.0676289999998312E+001, 1.0676289999998312E+001,-1.0602487337954281E+001
 1.0677289999998312E+001, 1.0677289999998312E+001,-1.0602487337942254E+001
 1.0678289999998311E+001, 1.0678289999998311E+001,-1.0602487337936040E+001
 1.0679289999998311E+001, 1.0679289999998311E+001,-1.0602487337933709E+001
 1.0680289999998310E+001, 1.0680289999998310E+001,-1.0602487337932363E+001
 1.0681289999998310E+001, 1.0681289999998310E+001,-1.0602487337926441E+001
 1.0682289999998309E+001, 1.0682289999998309E+001,-1.0602487337925014E+001
 1.0683289999998308E+001, 1.0683289999998308E+001,-1.0602487337913558E+001
 1.0684289999998308E+001, 1.0684289999998308E+001,-1.0602487337914670E+001
 1.0685289999998307E+001, 1.0685289999998307E+001,-1.0602487337909848E+001
 1.0686289999998307E+001, 1.0686289999998307E+001,-1.0602487337904719E+001
 1.0687289999998306E+001, 1.0687289999998306E+001,-1.0602487337904213E+001
 1.0688289999998306E+001, 1.0688289999998306E+001,-1.0602487337904714E+001
 1.0689289999998305E+001, 1.0689289999998305E+001,-1.0602487337895241E+001
 1.0690289999998305E+001, 1.0690289999998305E+001,-1.0602487337897307E+001
 1.0691289999998304E+001, 1.0691289999998304E+001,-1.0602487337888778E+001
 1.0692289999998303E+001, 1.0692289999998303E+001,-1.0602487337883552E+001
 1.0693289999998303E+001, 1.0693289999998303E+001,-1.0602487337883035E+001
 1.0694289999998302E+001, 1.0694289999998302E+001,-1.0602487337880854E+001
 1.0695289999998302E+001, 1.0695289999998302E+001,-1.0602487337874905E+001
 1.0696289999998301E+001, 1.0696289999998301E+001,-1.0602487337862437E+001
 1.0697289999998301E+001, 1.0697289999998301E+001,-1.0602487337867256E+001
 1.0698289999998300E+001, 1.0698289999998300E+001,-1.0602487337861488E+001
 1.0699289999998300E+001, 1.0699289999998300E+001,-1.0602487337854543E+001
 1.0700289999998299E+001, 1.0700289999998299E+001,-1.0602487337858609E+001
 1.0701289999998298E+001, 1.0701289999998298E+001,-1.0602487337847293E+001
 1.0702289999998298E+001, 1.0702289999998298E+001,-1.0602487337854983E+001
 1.0703289999998297E+001, 1.0703289999998297E+001,-1.0602487337850174E+001
 1.0704289999998297E+001, 1.0704289999998297E+001,-1.0602487337842369E+001
 1.0705289999998296E+001, 1.0705289999998296E+001,-1.0602487337847304E+001
 1.0706289999998296E+001, 1.0706289999998296E+001,-1.0602487337842435E+001
 1.0707289999998295E+001, 1.0707289999998295E+001,-1.0602487337835512E+001
 1.0708289999998295E+001, 1.0708289999998295E+001,-1.0602487337834066E+001
 1.0709289999998294E+001, 1.0709289999998294E+001,-1.0602487337821701E+001
 1.0710289999998293E+001, 1.0710289999998293E+001,-1.0602487337832049E+001
 1.0711289999998293E+001, 1.0711289999998293E+001,-1.0602487337821801E+001
 1.0712289999998292E+001, 1.0712289999998292E+001,-1.0602487337813848E+001
 1.0713289999998292E+001, 1.0713289999998292E+001,-1.0602487337818765E+001
 1.0714289999998291E+001, 1.0714289999998291E+001,-1.0602487337818536E+001
 1.0715289999998291E+001, 1.0715289999998291E+001,-1.0602487337805316E+001
 1.0716289999998290E+001, 1.0716289999998290E+001,-1.0602487337798170E+001
 1.0717289999998290E+001, 1.0717289999998290E+001,-1.0602487337792983E+001
 1.0718289999998289E+001, 1.0718289999998289E+001,-1.0602487337797104E+001
 1.0719289999998288E+001, 1.0719289999998288E+001,-1.0602487337792208E+001
 1.0720289999998288E+001, 1.0720289999998288E+001,-1.0602487337789022E+001
 1.0721289999998287E+001, 1.0721289999998287E+001,-1.0602487337783931E+001
 1.0722289999998287E+001, 1.0722289999998287E+001,-1.0602487337772384E+001
 1.0723289999998286E+001, 1.0723289999998286E+001,-1.0602487337780055E+001
 1.0724289999998286E+001, 1.0724289999998286E+001,-1.0602487337775257E+001
 1.0725289999998285E+001, 1.0725289999998285E+001,-1.0602487337772953E+001
 1.0726289999998285E+001, 1.0726289999998285E+001,-1.0602487337779834E+001
 1.0727289999998284E+001, 1.0727289999998284E+001,-1.0602487337760394E+001
 1.0728289999998283E+001, 1.0728289999998283E+001,-1.0602487337758614E+001
 1.0729289999998283E+001, 1.0729289999998283E+001,-1.0602487337759086E+001
 1.0730289999998282E+001, 1.0730289999998282E+001,-1.0602487337762454E+001
 1.0731289999998282E+001, 1.0731289999998282E+001,-1.0602487337757537E+001
 1.0732289999998281E+001, 1.0732289999998281E+001,-1.0602487337745089E+001
 1.0733289999998281E+001, 1.0733289999998281E+001,-1.0602487337742586E+001
 1.0734289999998280E+001, 1.0734289999998280E+001,-1.0602487337742154E+001
 1.0735289999998280E+001, 1.0735289999998280E+001,-1.0602487337741769E+001
 1.0736289999998279E+001, 1.0736289999998279E+001,-1.0602487337730345E+001
 1.0737289999998278E+001, 1.0737289999998278E+001,-1.0602487337734281E+001
 1.0738289999998278E+001, 1.0738289999998278E+001,-1.0602487337728491E+001
 1.0739289999998277E+001, 1.0739289999998277E+001,-1.0602487337727068E+001
 1.0740289999998277E+001, 1.0740289999998277E+001,-1.0602487337726659E+001
 1.0741289999998276E+001, 1.0741289999998276E+001,-1.0602487337725373E+001
 1.0742289999998276E+001, 1.0742289999998276E+001,-1.0602487337713024E+001
 1.0743289999998275E+001, 1.0743289999998275E+001,-1.0602487337701282E+001
 1.0744289999998275E+001, 1.0744289999998275E+001,-1.0602487337712533E+001
 1.0745289999998274E+001, 1.0745289999998274E+001,-1.0602487337706050E+001
 1.0746289999998274E+001, 1.0746289999998274E+001,-1.0602487337699076E+001
 1.0747289999998273E+001, 1.0747289999998273E+001,-1.0602487337696736E+001
 1.0748289999998272E+001, 1.0748289999998272E+001,-1.0602487337690766E+001
 1.0749289999998272E+001, 1.0749289999998272E+001,-1.0602487337689338E+001
 1.0750289999998271E+001, 1.0750289999998271E+001,-1.0602487337688933E+001
 1.0751289999998271E+001, 1.0751289999998271E+001,-1.0602487337687645E+001
 1.0752289999998270E+001, 1.0752289999998270E+001,-1.0602487337682611E+001
 1.0753289999998270E+001, 1.0753289999998270E+001,-1.0602487337681213E+001
 1.0754289999998269E+001, 1.0754289999998269E+001,-1.0602487337674383E+001
 1.0755289999998269E+001, 1.0755289999998269E+001,-1.0602487337668297E+001
 1.0756289999998268E+001, 1.0756289999998268E+001,-1.0602487337662248E+001
 1.0757289999998267E+001, 1.0757289999998267E+001,-1.0602487337671857E+001
 1.0758289999998267E+001, 1.0758289999998267E+001,-1.0602487337660683E+001
 1.0759289999998266E+001, 1.0759289999998266E+001,-1.0602487337669276E+001
 1.0760289999998266E+001, 1.0760289999998266E+001,-1.0602487337658081E+001
 1.0761289999998265E+001, 1.0761289999998265E+001,-1.0602487337647261E+001
 1.0762289999998265E+001, 1.0762289999998265E+001,-1.0602487337639289E+001
 1.0763289999998264E+001, 1.0763289999998264E+001,-1.0602487337644222E+001
 1.0764289999998264E+001, 1.0764289999998264E+001,-1.0602487337638454E+001
 1.0765289999998263E+001, 1.0765289999998263E+001,-1.0602487337647180E+001
 1.0766289999998262E+001, 1.0766289999998262E+001,-1.0602487337630464E+001
 1.0767289999998262E+001, 1.0767289999998262E+001,-1.0602487337628752E+001
 1.0768289999998261E+001, 1.0768289999998261E+001,-1.0602487337621923E+001
 1.0769289999998261E+001, 1.0769289999998261E+001,-1.0602487337627782E+001
 1.0770289999998260E+001, 1.0770289999998260E+001,-1.0602487337614726E+001
 1.0771289999998260E+001, 1.0771289999998260E+001,-1.0602487337607599E+001
 1.0772289999998259E+001, 1.0772289999998259E+001,-1.0602487337608824E+001
 1.0773289999998259E+001, 1.0773289999998259E+001,-1.0602487337611310E+001
 1.0774289999998258E+001, 1.0774289999998258E+001,-1.0602487337605488E+001
 1.0775289999998257E+001, 1.0775289999998257E+001,-1.0602487337597641E+001
 1.0776289999998257E+001, 1.0776289999998257E+001,-1.0602487337604371E+001
 1.0777289999998256E+001, 1.0777289999998256E+001,-1.0602487337596852E+001
 1.0778289999998256E+001, 1.0778289999998256E+001,-1.0602487337596283E+001
 1.0779289999998255E+001, 1.0779289999998255E+001,-1.0602487337584845E+001
 1.0780289999998255E+001, 1.0780289999998255E+001,-1.0602487337593431E+001
 1.0781289999998254E+001, 1.0781289999998254E+001,-1.0602487337575820E+001
 1.0782289999998254E+001, 1.0782289999998254E+001,-1.0602487337586018E+001
 1.0783289999998253E+001, 1.0783289999998253E+001,-1.0602487337569354E+001
 1.0784289999998252E+001, 1.0784289999998252E+001,-1.0602487337567640E+001
 1.0785289999998252E+001, 1.0785289999998252E+001,-1.0602487337566314E+001
 1.0786289999998251E+001, 1.0786289999998251E+001,-1.0602487337560390E+001
 1.0787289999998251E+001, 1.0787289999998251E+001,-1.0602487337565385E+001
 1.0788289999998250E+001, 1.0788289999998250E+001,-1.0602487337565130E+001
 1.0789289999998250E+001, 1.0789289999998250E+001,-1.0602487337551919E+001
 1.0790289999998249E+001, 1.0790289999998249E+001,-1.0602487337550293E+001
 1.0791289999998249E+001, 1.0791289999998249E+001,-1.0602487337550764E+001
 1.0792289999998248E+001, 1.0792289999998248E+001,-1.0602487337544893E+001
 1.0793289999998247E+001, 1.0793289999998247E+001,-1.0602487337542572E+001
 1.0794289999998247E+001, 1.0794289999998247E+001,-1.0602487337541241E+001
 1.0795289999998246E+001, 1.0795289999998246E+001,-1.0602487337539941E+001
 1.0796289999998246E+001, 1.0796289999998246E+001,-1.0602487337524751E+001
 1.0797289999998245E+001, 1.0797289999998245E+001,-1.0602487337528601E+001
 1.0798289999998245E+001, 1.0798289999998245E+001,-1.0602487337526540E+001
 1.0799289999998244E+001, 1.0799289999998244E+001,-1.0602487337509533E+001
 1.0800289999998244E+001, 1.0800289999998244E+001,-1.0602487337503202E+001
 1.0801289999998243E+001, 1.0801289999998243E+001,-1.0602487337508176E+001
 1.0802289999998242E+001, 1.0802289999998242E+001,-1.0602487337510757E+001
 1.0803289999998242E+001, 1.0803289999998242E+001,-1.0602487337504938E+001
 1.0804289999998241E+001, 1.0804289999998241E+001,-1.0602487337497989E+001
 1.0805289999998241E+001, 1.0805289999998241E+001,-1.0602487337494587E+001
 1.0806289999998240E+001, 1.0806289999998240E+001,-1.0602487337496960E+001
 1.0807289999998240E+001, 1.0807289999998240E+001,-1.0602487337495758E+001
 1.0808289999998239E+001, 1.0808289999998239E+001,-1.0602487337484304E+001
 1.0809289999998239E+001, 1.0809289999998239E+001,-1.0602487337489151E+001
 1.0810289999998238E+001, 1.0810289999998238E+001,-1.0602487337488009E+001
 1.0811289999998237E+001, 1.0811289999998237E+001,-1.0602487337476562E+001
 1.0812289999998237E+001, 1.0812289999998237E+001,-1.0602487337469469E+001
 1.0813289999998236E+001, 1.0813289999998236E+001,-1.0602487337464275E+001
 1.0814289999998236E+001, 1.0814289999998236E+001,-1.0602487337467485E+001
 1.0815289999998235E+001, 1.0815289999998235E+001,-1.0602487337460788E+001
 1.0816289999998235E+001, 1.0816289999998235E+001,-1.0602487337459342E+001
 1.0817289999998234E+001, 1.0817289999998234E+001,-1.0602487337460721E+001
 1.0818289999998234E+001, 1.0818289999998234E+001,-1.0602487337459481E+001
 1.0819289999998233E+001, 1.0819289999998233E+001,-1.0602487337447139E+001
 1.0820289999998232E+001, 1.0820289999998232E+001,-1.0602487337450167E+001
 1.0821289999998232E+001, 1.0821289999998232E+001,-1.0602487337443447E+001
 1.0822289999998231E+001, 1.0822289999998231E+001,-1.0602487337437374E+001
 1.0823289999998231E+001, 1.0823289999998231E+001,-1.0602487337442360E+001
 1.0824289999998230E+001, 1.0824289999998230E+001,-1.0602487337440323E+001
 1.0825289999998230E+001, 1.0825289999998230E+001,-1.0602487337425128E+001
 1.0826289999998229E+001, 1.0826289999998229E+001,-1.0602487337429871E+001
 1.0827289999998229E+001, 1.0827289999998229E+001,-1.0602487337432457E+001
 1.0828289999998228E+001, 1.0828289999998228E+001,-1.0602487337420218E+001
 1.0829289999998228E+001, 1.0829289999998228E+001,-1.0602487337415772E+001
 1.0830289999998227E+001, 1.0830289999998227E+001,-1.0602487337413502E+001
 1.0831289999998226E+001, 1.0831289999998226E+001,-1.0602487337407538E+001
 1.0832289999998226E+001, 1.0832289999998226E+001,-1.0602487337400591E+001
 1.0833289999998225E+001, 1.0833289999998225E+001,-1.0602487337399134E+001
 1.0834289999998225E+001, 1.0834289999998225E+001,-1.0602487337394995E+001
 1.0835289999998224E+001, 1.0835289999998224E+001,-1.0602487337391818E+001
 1.0836289999998224E+001, 1.0836289999998224E+001,-1.0602487337385835E+001
 1.0837289999998223E+001, 1.0837289999998223E+001,-1.0602487337389929E+001
 1.0838289999998223E+001, 1.0838289999998223E+001,-1.0602487337396086E+001
 1.0839289999998222E+001, 1.0839289999998222E+001,-1.0602487337382129E+001
 1.0840289999998221E+001, 1.0840289999998221E+001,-1.0602487337381394E+001
 1.0841289999998221E+001, 1.0841289999998221E+001,-1.0602487337374582E+001
 1.0842289999998220E+001, 1.0842289999998220E+001,-1.0602487337378644E+001
 1.0843289999998220E+001, 1.0843289999998220E+001,-1.0602487337373761E+001
 1.0844289999998219E+001, 1.0844289999998219E+001,-1.0602487337362218E+001
 1.0845289999998219E+001, 1.0845289999998219E+001,-1.0602487337360646E+001
 1.0846289999998218E+001, 1.0846289999998218E+001,-1.0602487337354701E+001
 1.0847289999998218E+001, 1.0847289999998218E+001,-1.0602487337353274E+001
 1.0848289999998217E+001, 1.0848289999998217E+001,-1.0602487337351958E+001
 1.0849289999998216E+001, 1.0849289999998216E+001,-1.0602487337345138E+001
 1.0850289999998216E+001, 1.0850289999998216E+001,-1.0602487337343678E+001
 1.0851289999998215E+001, 1.0851289999998215E+001,-1.0602487337347887E+001
 1.0852289999998215E+001, 1.0852289999998215E+001,-1.0602487337337479E+001
 1.0853289999998214E+001, 1.0853289999998214E+001,-1.0602487337328624E+001
 1.0854289999998214E+001, 1.0854289999998214E+001,-1.0602487337334438E+001
 1.0855289999998213E+001, 1.0855289999998213E+001,-1.0602487337323170E+001
 1.0856289999998213E+001, 1.0856289999998213E+001,-1.0602487337323385E+001
 1.0857289999998212E+001, 1.0857289999998212E+001,-1.0602487337311976E+001
 1.0858289999998211E+001, 1.0858289999998211E+001,-1.0602487337318765E+001
 1.0859289999998211E+001, 1.0859289999998211E+001,-1.0602487337313939E+001
 1.0860289999998210E+001, 1.0860289999998210E+001,-1.0602487337313438E+001
 1.0861289999998210E+001, 1.0861289999998210E+001,-1.0602487337294699E+001
 1.0862289999998209E+001, 1.0862289999998209E+001,-1.0602487337299344E+001
 1.0863289999998209E+001, 1.0863289999998209E+001,-1.0602487337293574E+001
 1.0864289999998208E+001, 1.0864289999998208E+001,-1.0602487337292153E+001
 1.0865289999998208E+001, 1.0865289999998208E+001,-1.0602487337280685E+001
 1.0866289999998207E+001, 1.0866289999998207E+001,-1.0602487337286430E+001
 1.0867289999998206E+001, 1.0867289999998206E+001,-1.0602487337283527E+001
 1.0868289999998206E+001, 1.0868289999998206E+001,-1.0602487337283067E+001
 1.0869289999998205E+001, 1.0869289999998205E+001,-1.0602487337280891E+001
 1.0870289999998205E+001, 1.0870289999998205E+001,-1.0602487337274933E+001
 1.0871289999998204E+001, 1.0871289999998204E+001,-1.0602487337263355E+001
 1.0872289999998204E+001, 1.0872289999998204E+001,-1.0602487337268201E+001
 1.0873289999998203E+001, 1.0873289999998203E+001,-1.0602487337261536E+001
 1.0874289999998203E+001, 1.0874289999998203E+001,-1.0602487337265607E+001
 1.0875289999998202E+001, 1.0875289999998202E+001,-1.0602487337258918E+001
 1.0876289999998201E+001, 1.0876289999998201E+001,-1.0602487337260165E+001
 1.0877289999998201E+001, 1.0877289999998201E+001,-1.0602487337252512E+001
 1.0878289999998200E+001, 1.0878289999998200E+001,-1.0602487337247302E+001
 1.0879289999998200E+001, 1.0879289999998200E+001,-1.0602487337243215E+001
 1.0880289999998199E+001, 1.0880289999998199E+001,-1.0602487337242719E+001
 1.0881289999998199E+001, 1.0881289999998199E+001,-1.0602487337232184E+001
 1.0882289999998198E+001, 1.0882289999998198E+001,-1.0602487337232436E+001
 1.0883289999998198E+001, 1.0883289999998198E+001,-1.0602487337224755E+001
 1.0884289999998197E+001, 1.0884289999998197E+001,-1.0602487337228796E+001
 1.0885289999998196E+001, 1.0885289999998196E+001,-1.0602487337223007E+001
 1.0886289999998196E+001, 1.0886289999998196E+001,-1.0602487337223371E+001
 1.0887289999998195E+001, 1.0887289999998195E+001,-1.0602487337220328E+001
 1.0888289999998195E+001, 1.0888289999998195E+001,-1.0602487337215239E+001
 1.0889289999998194E+001, 1.0889289999998194E+001,-1.0602487337217566E+001
 1.0890289999998194E+001, 1.0890289999998194E+001,-1.0602487337212622E+001
 1.0891289999998193E+001, 1.0891289999998193E+001,-1.0602487337199289E+001
 1.0892289999998193E+001, 1.0892289999998193E+001,-1.0602487337209602E+001
 1.0893289999998192E+001, 1.0893289999998192E+001,-1.0602487337192926E+001
 1.0894289999998191E+001, 1.0894289999998191E+001,-1.0602487337191226E+001
 1.0895289999998191E+001, 1.0895289999998191E+001,-1.0602487337190801E+001
 1.0896289999998190E+001, 1.0896289999998190E+001,-1.0602487337184897E+001
 1.0897289999998190E+001, 1.0897289999998190E+001,-1.0602487337188098E+001
 1.0898289999998189E+001, 1.0898289999998189E+001,-1.0602487337177667E+001
 1.0899289999998189E+001, 1.0899289999998189E+001,-1.0602487337170590E+001
 1.0900289999998188E+001, 1.0900289999998188E+001,-1.0602487337170032E+001
 1.0901289999998188E+001, 1.0901289999998188E+001,-1.0602487337163211E+001
 1.0902289999998187E+001, 1.0902289999998187E+001,-1.0602487337157147E+001
 1.0903289999998186E+001, 1.0903289999998186E+001,-1.0602487337160342E+001
 1.0904289999998186E+001, 1.0904289999998186E+001,-1.0602487337161843E+001
 1.0905289999998185E+001, 1.0905289999998185E+001,-1.0602487337157914E+001
 1.0906289999998185E+001, 1.0906289999998185E+001,-1.0602487337147291E+001
 1.0907289999998184E+001, 1.0907289999998184E+001,-1.0602487337142005E+001
 1.0908289999998184E+001, 1.0908289999998184E+001,-1.0602487337146115E+001
 1.0909289999998183E+001, 1.0909289999998183E+001,-1.0602487337144964E+001
 1.0910289999998183E+001, 1.0910289999998183E+001,-1.0602487337138133E+001
 1.0911289999998182E+001, 1.0911289999998182E+001,-1.0602487337138479E+001
 1.0912289999998182E+001, 1.0912289999998182E+001,-1.0602487337123486E+001
 1.0913289999998181E+001, 1.0913289999998181E+001,-1.0602487337133763E+001
 1.0914289999998180E+001, 1.0914289999998180E+001,-1.0602487337129034E+001
 1.0915289999998180E+001, 1.0915289999998180E+001,-1.0602487337131365E+001
 1.0916289999998179E+001, 1.0916289999998179E+001,-1.0602487337121797E+001
 1.0917289999998179E+001, 1.0917289999998179E+001,-1.0602487337119383E+001
 1.0918289999998178E+001, 1.0918289999998178E+001,-1.0602487337113416E+001
 1.0919289999998178E+001, 1.0919289999998178E+001,-1.0602487337119303E+001
 1.0920289999998177E+001, 1.0920289999998177E+001,-1.0602487337100722E+001
 1.0921289999998177E+001, 1.0921289999998177E+001,-1.0602487337105380E+001
 1.0922289999998176E+001, 1.0922289999998176E+001,-1.0602487337092301E+001
 1.0923289999998175E+001, 1.0923289999998175E+001,-1.0602487337097102E+001
 1.0924289999998175E+001, 1.0924289999998175E+001,-1.0602487337091326E+001
 1.0925289999998174E+001, 1.0925289999998174E+001,-1.0602487337094534E+001
 1.0926289999998174E+001, 1.0926289999998174E+001,-1.0602487337089604E+001
 1.0927289999998173E+001, 1.0927289999998173E+001,-1.0602487337073434E+001
 1.0928289999998173E+001, 1.0928289999998173E+001,-1.0602487337077259E+001
 1.0929289999998172E+001, 1.0929289999998172E+001,-1.0602487337082497E+001
 1.0930289999998172E+001, 1.0930289999998172E+001,-1.0602487337063911E+001
 1.0931289999998171E+001, 1.0931289999998171E+001,-1.0602487337063055E+001
 1.0932289999998170E+001, 1.0932289999998170E+001,-1.0602487337068180E+001
 1.0933289999998170E+001, 1.0933289999998170E+001,-1.0602487337066142E+001
 1.0934289999998169E+001, 1.0934289999998169E+001,-1.0602487337065707E+001
 1.0935289999998169E+001, 1.0935289999998169E+001,-1.0602487337062634E+001
 1.0936289999998168E+001, 1.0936289999998168E+001,-1.0602487337058443E+001
 1.0937289999998168E+001, 1.0937289999998168E+001,-1.0602487337045130E+001
 1.0938289999998167E+001, 1.0938289999998167E+001,-1.0602487337050825E+001
 1.0939289999998167E+001, 1.0939289999998167E+001,-1.0602487337044174E+001
 1.0940289999998166E+001, 1.0940289999998166E+001,-1.0602487337031693E+001
 1.0941289999998165E+001, 1.0941289999998165E+001,-1.0602487337024568E+001
 1.0942289999998165E+001, 1.0942289999998165E+001,-1.0602487337029531E+001
 1.0943289999998164E+001, 1.0943289999998164E+001,-1.0602487337023764E+001
 1.0944289999998164E+001, 1.0944289999998164E+001,-1.0602487337020547E+001
 1.0945289999998163E+001, 1.0945289999998163E+001,-1.0602487337015457E+001
 1.0946289999998163E+001, 1.0946289999998163E+001,-1.0602487337003900E+001
 1.0947289999998162E+001, 1.0947289999998162E+001,-1.0602487337006957E+001
 1.0948289999998162E+001, 1.0948289999998162E+001,-1.0602487337002033E+001
 1.0949289999998161E+001, 1.0949289999998161E+001,-1.0602487337010782E+001
 1.0950289999998160E+001, 1.0950289999998160E+001,-1.0602487336994081E+001
 1.0951289999998160E+001, 1.0951289999998160E+001,-1.0602487336993251E+001
 1.0952289999998159E+001, 1.0952289999998159E+001,-1.0602487336998387E+001
 1.0953289999998159E+001, 1.0953289999998159E+001,-1.0602487336986204E+001
 1.0954289999998158E+001, 1.0954289999998158E+001,-1.0602487336991025E+001
 1.0955289999998158E+001, 1.0955289999998158E+001,-1.0602487336978850E+001
 1.0956289999998157E+001, 1.0956289999998157E+001,-1.0602487336977248E+001
 1.0957289999998157E+001, 1.0957289999998157E+001,-1.0602487336971317E+001
 1.0958289999998156E+001, 1.0958289999998156E+001,-1.0602487336976299E+001
 1.0959289999998155E+001, 1.0959289999998155E+001,-1.0602487336985305E+001
 1.0960289999998155E+001, 1.0960289999998155E+001,-1.0602487336968602E+001
 1.0961289999998154E+001, 1.0961289999998154E+001,-1.0602487336965998E+001
 1.0962289999998154E+001, 1.0962289999998154E+001,-1.0602487336971082E+001
 1.0963289999998153E+001, 1.0963289999998153E+001,-1.0602487336959786E+001
 1.0964289999998153E+001, 1.0964289999998153E+001,-1.0602487336958223E+001
 1.0965289999998152E+001, 1.0965289999998152E+001,-1.0602487336951391E+001
 1.0966289999998152E+001, 1.0966289999998152E+001,-1.0602487336946208E+001
 1.0967289999998151E+001, 1.0967289999998151E+001,-1.0602487336950309E+001
 1.0968289999998150E+001, 1.0968289999998150E+001,-1.0602487336939003E+001
 1.0969289999998150E+001, 1.0969289999998150E+001,-1.0602487336939229E+001
 1.0970289999998149E+001, 1.0970289999998149E+001,-1.0602487336937056E+001
 1.0971289999998149E+001, 1.0971289999998149E+001,-1.0602487336935738E+001
 1.0972289999998148E+001, 1.0972289999998148E+001,-1.0602487336923396E+001
 1.0973289999998148E+001, 1.0973289999998148E+001,-1.0602487336921794E+001
 1.0974289999998147E+001, 1.0974289999998147E+001,-1.0602487336911230E+001
 1.0975289999998147E+001, 1.0975289999998147E+001,-1.0602487336915203E+001
 1.0976289999998146E+001, 1.0976289999998146E+001,-1.0602487336909411E+001
 1.0977289999998145E+001, 1.0977289999998145E+001,-1.0602487336908878E+001
 1.0978289999998145E+001, 1.0978289999998145E+001,-1.0602487336906709E+001
 1.0979289999998144E+001, 1.0979289999998144E+001,-1.0602487336906268E+001
 1.0980289999998144E+001, 1.0980289999998144E+001,-1.0602487336897667E+001
 1.0981289999998143E+001, 1.0981289999998143E+001,-1.0602487336898873E+001
 1.0982289999998143E+001, 1.0982289999998143E+001,-1.0602487336896727E+001
 1.0983289999998142E+001, 1.0983289999998142E+001,-1.0602487336881516E+001
 1.0984289999998142E+001, 1.0984289999998142E+001,-1.0602487336883591E+001
 1.0985289999998141E+001, 1.0985289999998141E+001,-1.0602487336876845E+001
 1.0986289999998140E+001, 1.0986289999998140E+001,-1.0602487336880920E+001
 1.0987289999998140E+001, 1.0987289999998140E+001,-1.0602487336869610E+001
 1.0988289999998139E+001, 1.0988289999998139E+001,-1.0602487336875354E+001
 1.0989289999998139E+001, 1.0989289999998139E+001,-1.0602487336868709E+001
 1.0990289999998138E+001, 1.0990289999998138E+001,-1.0602487336866364E+001
 1.0991289999998138E+001, 1.0991289999998138E+001,-1.0602487336867718E+001
 1.0992289999998137E+001, 1.0992289999998137E+001,-1.0602487336854551E+001
 1.0993289999998137E+001, 1.0993289999998137E+001,-1.0602487336852921E+001
 1.0994289999998136E+001, 1.0994289999998136E+001,-1.0602487336853404E+001
 1.0995289999998135E+001, 1.0995289999998135E+001,-1.0602487336846622E+001
 1.0996289999998135E+001, 1.0996289999998135E+001,-1.0602487336839658E+001
 1.0997289999998134E+001, 1.0997289999998134E+001,-1.0602487336839094E+001
 1.0998289999998134E+001, 1.0998289999998134E+001,-1.0602487336841545E+001
 1.0999289999998133E+001, 1.0999289999998133E+001,-1.0602487336836596E+001
 1.1000289999998133E+001, 1.1000289999998133E+001,-1.0602487336819539E+001
 1.1001289999998132E+001, 1.1001289999998132E+001,-1.0602487336829752E+001
 1.1002289999998132E+001, 1.1002289999998132E+001,-1.0602487336822326E+001
 1.1003289999998131E+001, 1.1003289999998131E+001,-1.0602487336811603E+001
 1.1004289999998131E+001, 1.1004289999998131E+001,-1.0602487336814683E+001
 1.1005289999998130E+001, 1.1005289999998130E+001,-1.0602487336817076E+001
 1.1006289999998129E+001, 1.1006289999998129E+001,-1.0602487336814077E+001
 1.1007289999998129E+001, 1.1007289999998129E+001,-1.0602487336802586E+001
 1.1008289999998128E+001, 1.1008289999998128E+001,-1.0602487336801007E+001
 1.1009289999998128E+001, 1.1009289999998128E+001,-1.0602487336791489E+001
 1.1010289999998127E+001, 1.1010289999998127E+001,-1.0602487336793548E+001
 1.1011289999998127E+001, 1.1011289999998127E+001,-1.0602487336802474E+001
 1.1012289999998126E+001, 1.1012289999998126E+001,-1.0602487336791285E+001
 1.1013289999998126E+001, 1.1013289999998126E+001,-1.0602487336789723E+001
 1.1014289999998125E+001, 1.1014289999998125E+001,-1.0602487336784685E+001
 1.1015289999998124E+001, 1.1015289999998124E+001,-1.0602487336776861E+001
 1.1016289999998124E+001, 1.1016289999998124E+001,-1.0602487336770762E+001
 1.1017289999998123E+001, 1.1017289999998123E+001,-1.0602487336770221E+001
 1.1018289999998123E+001, 1.1018289999998123E+001,-1.0602487336773562E+001
 1.1019289999998122E+001, 1.1019289999998122E+001,-1.0602487336763131E+001
 1.1020289999998122E+001, 1.1020289999998122E+001,-1.0602487336766208E+001
 1.1021289999998121E+001, 1.1021289999998121E+001,-1.0602487336760387E+001
 1.1022289999998121E+001, 1.1022289999998121E+001,-1.0602487336754340E+001
 1.1023289999998120E+001, 1.1023289999998120E+001,-1.0602487336753800E+001
 1.1024289999998119E+001, 1.1024289999998119E+001,-1.0602487336747000E+001
 1.1025289999998119E+001, 1.1025289999998119E+001,-1.0602487336740024E+001
 1.1026289999998118E+001, 1.1026289999998118E+001,-1.0602487336750510E+001
 1.1027289999998118E+001, 1.1027289999998118E+001,-1.0602487336737575E+001
 1.1028289999998117E+001, 1.1028289999998117E+001,-1.0602487336731343E+001
 1.1029289999998117E+001, 1.1029289999998117E+001,-1.0602487336740937E+001
 1.1030289999998116E+001, 1.1030289999998116E+001,-1.0602487336735315E+001
 1.1031289999998116E+001, 1.1031289999998116E+001,-1.0602487336728366E+001
 1.1032289999998115E+001, 1.1032289999998115E+001,-1.0602487336727799E+001
 1.1033289999998114E+001, 1.1033289999998114E+001,-1.0602487336715471E+001
 1.1034289999998114E+001, 1.1034289999998114E+001,-1.0602487336703735E+001
 1.1035289999998113E+001, 1.1035289999998113E+001,-1.0602487336714097E+001
 1.1036289999998113E+001, 1.1036289999998113E+001,-1.0602487336712194E+001
 1.1037289999998112E+001, 1.1037289999998112E+001,-1.0602487336706242E+001
 1.1038289999998112E+001, 1.1038289999998112E+001,-1.0602487336701980E+001
 1.1039289999998111E+001, 1.1039289999998111E+001,-1.0602487336698807E+001
 1.1040289999998111E+001, 1.1040289999998111E+001,-1.0602487336698356E+001
 1.1041289999998110E+001, 1.1041289999998110E+001,-1.0602487336691544E+001
 1.1042289999998109E+001, 1.1042289999998109E+001,-1.0602487336683675E+001
 1.1043289999998109E+001, 1.1043289999998109E+001,-1.0602487336668336E+001
 1.1044289999998108E+001, 1.1044289999998108E+001,-1.0602487336673057E+001
 1.1045289999998108E+001, 1.1045289999998108E+001,-1.0602487336676539E+001
 1.1046289999998107E+001, 1.1046289999998107E+001,-1.0602487336669842E+001
 1.1047289999998107E+001, 1.1047289999998107E+001,-1.0602487336675708E+001
 1.1048289999998106E+001, 1.1048289999998106E+001,-1.0602487336673693E+001
 1.1049289999998106E+001, 1.1049289999998106E+001,-1.0602487336663113E+001
 1.1050289999998105E+001, 1.1050289999998105E+001,-1.0602487336661572E+001
 1.1051289999998104E+001, 1.1051289999998104E+001,-1.0602487336654736E+001
 1.1052289999998104E+001, 1.1052289999998104E+001,-1.0602487336650455E+001
 1.1053289999998103E+001, 1.1053289999998103E+001,-1.0602487336646387E+001
 1.1054289999998103E+001, 1.1054289999998103E+001,-1.0602487336656043E+001
 1.1055289999998102E+001, 1.1055289999998102E+001,-1.0602487336655031E+001
 1.1056289999998102E+001, 1.1056289999998102E+001,-1.0602487336642691E+001
 1.1057289999998101E+001, 1.1057289999998101E+001,-1.0602487336637370E+001
 1.1058289999998101E+001, 1.1058289999998101E+001,-1.0602487336635951E+001
 1.1059289999998100E+001, 1.1059289999998100E+001,-1.0602487336635534E+001
 1.1060289999998099E+001, 1.1060289999998099E+001,-1.0602487336622310E+001
 1.1061289999998099E+001, 1.1061289999998099E+001,-1.0602487336622488E+001
 1.1062289999998098E+001, 1.1062289999998098E+001,-1.0602487336615695E+001
 1.1063289999998098E+001, 1.1063289999998098E+001,-1.0602487336609615E+001
 1.1064289999998097E+001, 1.1064289999998097E+001,-1.0602487336604465E+001
 1.1065289999998097E+001, 1.1065289999998097E+001,-1.0602487336603955E+001
 1.1066289999998096E+001, 1.1066289999998096E+001,-1.0602487336607290E+001
 1.1067289999998096E+001, 1.1067289999998096E+001,-1.0602487336593276E+001
 1.1068289999998095E+001, 1.1068289999998095E+001,-1.0602487336604471E+001
 1.1069289999998094E+001, 1.1069289999998094E+001,-1.0602487336598875E+001
 1.1070289999998094E+001, 1.1070289999998094E+001,-1.0602487336587304E+001
 1.1071289999998093E+001, 1.1071289999998093E+001,-1.0602487336591253E+001
 1.1072289999998093E+001, 1.1072289999998093E+001,-1.0602487336583655E+001
 1.1073289999998092E+001, 1.1073289999998092E+001,-1.0602487336572038E+001
 1.1074289999998092E+001, 1.1074289999998092E+001,-1.0602487336576877E+001
 1.1075289999998091E+001, 1.1075289999998091E+001,-1.0602487336571112E+001
 1.1076289999998091E+001, 1.1076289999998091E+001,-1.0602487336568791E+001
 1.1077289999998090E+001, 1.1077289999998090E+001,-1.0602487336569261E+001
 1.1078289999998089E+001, 1.1078289999998089E+001,-1.0602487336572617E+001
 1.1079289999998089E+001, 1.1079289999998089E+001,-1.0602487336565913E+001
 1.1080289999998088E+001, 1.1080289999998088E+001,-1.0602487336559836E+001
 1.1081289999998088E+001, 1.1081289999998088E+001,-1.0602487336558418E+001
 1.1082289999998087E+001, 1.1082289999998087E+001,-1.0602487336552484E+001
 1.1083289999998087E+001, 1.1083289999998087E+001,-1.0602487336545526E+001
 1.1084289999998086E+001, 1.1084289999998086E+001,-1.0602487336545867E+001
 1.1085289999998086E+001, 1.1085289999998086E+001,-1.0602487336551018E+001
 1.1086289999998085E+001, 1.1086289999998085E+001,-1.0602487336537944E+001
 1.1087289999998085E+001, 1.1087289999998085E+001,-1.0602487336530807E+001
 1.1088289999998084E+001, 1.1088289999998084E+001,-1.0602487336530238E+001
 1.1089289999998083E+001, 1.1089289999998083E+001,-1.0602487336524328E+001
 1.1090289999998083E+001, 1.1090289999998083E+001,-1.0602487336527533E+001
 1.1091289999998082E+001, 1.1091289999998082E+001,-1.0602487336505156E+001
 1.1092289999998082E+001, 1.1092289999998082E+001,-1.0602487336520747E+001
 1.1093289999998081E+001, 1.1093289999998081E+001,-1.0602487336513473E+001
 1.1094289999998081E+001, 1.1094289999998081E+001,-1.0602487336508274E+001
 1.1095289999998080E+001, 1.1095289999998080E+001,-1.0602487336512388E+001
 1.1096289999998080E+001, 1.1096289999998080E+001,-1.0602487336500186E+001
 1.1097289999998079E+001, 1.1097289999998079E+001,-1.0602487336494862E+001
 1.1098289999998078E+001, 1.1098289999998078E+001,-1.0602487336500767E+001
 1.1099289999998078E+001, 1.1099289999998078E+001,-1.0602487336486819E+001
 1.1100289999998077E+001, 1.1100289999998077E+001,-1.0602487336486078E+001
 1.1101289999998077E+001, 1.1101289999998077E+001,-1.0602487336489412E+001
 1.1102289999998076E+001, 1.1102289999998076E+001,-1.0602487336482703E+001
 1.1103289999998076E+001, 1.1103289999998076E+001,-1.0602487336477537E+001
 1.1104289999998075E+001, 1.1104289999998075E+001,-1.0602487336476120E+001
 1.1105289999998075E+001, 1.1105289999998075E+001,-1.0602487336474820E+001
 1.1106289999998074E+001, 1.1106289999998074E+001,-1.0602487336462465E+001
 1.1107289999998073E+001, 1.1107289999998073E+001,-1.0602487336456235E+001
 1.1108289999998073E+001, 1.1108289999998073E+001,-1.0602487336466748E+001
 1.1109289999998072E+001, 1.1109289999998072E+001,-1.0602487336454708E+001
 1.1110289999998072E+001, 1.1110289999998072E+001,-1.0602487336457745E+001
 1.1111289999998071E+001, 1.1111289999998071E+001,-1.0602487336452823E+001
 1.1112289999998071E+001, 1.1112289999998071E+001,-1.0602487336435747E+001
 1.1113289999998070E+001, 1.1113289999998070E+001,-1.0602487336444181E+001
 1.1114289999998070E+001, 1.1114289999998070E+001,-1.0602487336441188E+001
 1.1115289999998069E+001, 1.1115289999998069E+001,-1.0602487336442673E+001
 1.1116289999998068E+001, 1.1116289999998068E+001,-1.0602487336437710E+001
 1.1117289999998068E+001, 1.1117289999998068E+001,-1.0602487336420651E+001
 1.1118289999998067E+001, 1.1118289999998067E+001,-1.0602487336429078E+001
 1.1119289999998067E+001, 1.1119289999998067E+001,-1.0602487336429821E+001
 1.1120289999998066E+001, 1.1120289999998066E+001,-1.0602487336421250E+001
 1.1121289999998066E+001, 1.1121289999998066E+001,-1.0602487336422428E+001
 1.1122289999998065E+001, 1.1122289999998065E+001,-1.0602487336419404E+001
 1.1123289999998065E+001, 1.1123289999998065E+001,-1.0602487336408803E+001
 1.1124289999998064E+001, 1.1124289999998064E+001,-1.0602487336408146E+001
 1.1125289999998063E+001, 1.1125289999998063E+001,-1.0602487336400447E+001
 1.1126289999998063E+001, 1.1126289999998063E+001,-1.0602487336394336E+001
 1.1127289999998062E+001, 1.1127289999998062E+001,-1.0602487336393807E+001
 1.1128289999998062E+001, 1.1128289999998062E+001,-1.0602487336391633E+001
 1.1129289999998061E+001, 1.1129289999998061E+001,-1.0602487336392096E+001
 1.1130289999998061E+001, 1.1130289999998061E+001,-1.0602487336379788E+001
 1.1131289999998060E+001, 1.1131289999998060E+001,-1.0602487336388347E+001
 1.1132289999998060E+001, 1.1132289999998060E+001,-1.0602487336372526E+001
 1.1133289999998059E+001, 1.1133289999998059E+001,-1.0602487336371730E+001
 1.1134289999998058E+001, 1.1134289999998058E+001,-1.0602487336375965E+001
 1.1135289999998058E+001, 1.1135289999998058E+001,-1.0602487336364657E+001
 1.1136289999998057E+001, 1.1136289999998057E+001,-1.0602487336363080E+001
 1.1137289999998057E+001, 1.1137289999998057E+001,-1.0602487336367293E+001
 1.1138289999998056E+001, 1.1138289999998056E+001,-1.0602487336354187E+001
 1.1139289999998056E+001, 1.1139289999998056E+001,-1.0602487336358996E+001
 1.1140289999998055E+001, 1.1140289999998055E+001,-1.0602487336348588E+001
 1.1141289999998055E+001, 1.1141289999998055E+001,-1.0602487336346151E+001
 1.1142289999998054E+001, 1.1142289999998054E+001,-1.0602487336345712E+001
 1.1143289999998053E+001, 1.1143289999998053E+001,-1.0602487336334283E+001
 1.1144289999998053E+001, 1.1144289999998053E+001,-1.0602487336344659E+001
 1.1145289999998052E+001, 1.1145289999998052E+001,-1.0602487336338129E+001
 1.1146289999998052E+001, 1.1146289999998052E+001,-1.0602487336330269E+001
 1.1147289999998051E+001, 1.1147289999998051E+001,-1.0602487336324170E+001
 1.1148289999998051E+001, 1.1148289999998051E+001,-1.0602487336323627E+001
 1.1149289999998050E+001, 1.1149289999998050E+001,-1.0602487336327867E+001
 1.1150289999998050E+001, 1.1150289999998050E+001,-1.0602487336309256E+001
 1.1151289999998049E+001, 1.1151289999998049E+001,-1.0602487336310185E+001
 1.1152289999998048E+001, 1.1152289999998048E+001,-1.0602487336308030E+001
 1.1153289999998048E+001, 1.1153289999998048E+001,-1.0602487336302975E+001
 1.1154289999998047E+001, 1.1154289999998047E+001,-1.0602487336311718E+001
 1.1155289999998047E+001, 1.1155289999998047E+001,-1.0602487336299635E+001
 1.1156289999998046E+001, 1.1156289999998046E+001,-1.0602487336287892E+001
 1.1157289999998046E+001, 1.1157289999998046E+001,-1.0602487336292734E+001
 1.1158289999998045E+001, 1.1158289999998045E+001,-1.0602487336281445E+001
 1.1159289999998045E+001, 1.1159289999998045E+001,-1.0602487336284495E+001
 1.1160289999998044E+001, 1.1160289999998044E+001,-1.0602487336279580E+001
 1.1161289999998043E+001, 1.1161289999998043E+001,-1.0602487336278164E+001
 1.1162289999998043E+001, 1.1162289999998043E+001,-1.0602487336275981E+001
 1.1163289999998042E+001, 1.1163289999998042E+001,-1.0602487336270908E+001
 1.1164289999998042E+001, 1.1164289999998042E+001,-1.0602487336268615E+001
 1.1165289999998041E+001, 1.1165289999998041E+001,-1.0602487336267288E+001
 1.1166289999998041E+001, 1.1166289999998041E+001,-1.0602487336262241E+001
 1.1167289999998040E+001, 1.1167289999998040E+001,-1.0602487336250693E+001
 1.1168289999998040E+001, 1.1168289999998040E+001,-1.0602487336265686E+001
 1.1169289999998039E+001, 1.1169289999998039E+001,-1.0602487336253766E+001
 1.1170289999998039E+001, 1.1170289999998039E+001,-1.0602487336251277E+001
 1.1171289999998038E+001, 1.1171289999998038E+001,-1.0602487336246210E+001
 1.1172289999998037E+001, 1.1172289999998037E+001,-1.0602487336240186E+001
 1.1173289999998037E+001, 1.1173289999998037E+001,-1.0602487336236962E+001
 1.1174289999998036E+001, 1.1174289999998036E+001,-1.0602487336238289E+001
 1.1175289999998036E+001, 1.1175289999998036E+001,-1.0602487336226011E+001
 1.1176289999998035E+001, 1.1176289999998035E+001,-1.0602487336235470E+001
 1.1177289999998035E+001, 1.1177289999998035E+001,-1.0602487336228920E+001
 1.1178289999998034E+001, 1.1178289999998034E+001,-1.0602487336222858E+001
 1.1179289999998034E+001, 1.1179289999998034E+001,-1.0602487336220523E+001
 1.1180289999998033E+001, 1.1180289999998033E+001,-1.0602487336215461E+001
 1.1181289999998032E+001, 1.1181289999998032E+001,-1.0602487336208526E+001
 1.1182289999998032E+001, 1.1182289999998032E+001,-1.0602487336212608E+001
 1.1183289999998031E+001, 1.1183289999998031E+001,-1.0602487336201300E+001
 1.1184289999998031E+001, 1.1184289999998031E+001,-1.0602487336205261E+001
 1.1185289999998030E+001, 1.1185289999998030E+001,-1.0602487336204076E+001
 1.1186289999998030E+001, 1.1186289999998030E+001,-1.0602487336188002E+001
 1.1187289999998029E+001, 1.1187289999998029E+001,-1.0602487336181682E+001
 1.1188289999998029E+001, 1.1188289999998029E+001,-1.0602487336189505E+001
 1.1189289999998028E+001, 1.1189289999998028E+001,-1.0602487336183799E+001
 1.1190289999998027E+001, 1.1190289999998027E+001,-1.0602487336182385E+001
 1.1191289999998027E+001, 1.1191289999998027E+001,-1.0602487336166309E+001
 1.1192289999998026E+001, 1.1192289999998026E+001,-1.0602487336175658E+001
 1.1193289999998026E+001, 1.1193289999998026E+001,-1.0602487336163588E+001
 1.1194289999998025E+001, 1.1194289999998025E+001,-1.0602487336168412E+001
 1.1195289999998025E+001, 1.1195289999998025E+001,-1.0602487336161742E+001
 1.1196289999998024E+001, 1.1196289999998024E+001,-1.0602487336162088E+001
 1.1197289999998024E+001, 1.1197289999998024E+001,-1.0602487336165451E+001
 1.1198289999998023E+001, 1.1198289999998023E+001,-1.0602487336153233E+001
 1.1199289999998022E+001, 1.1199289999998022E+001,-1.0602487336151629E+001
 1.1200289999998022E+001, 1.1200289999998022E+001,-1.0602487336153008E+001
 1.1201289999998021E+001, 1.1201289999998021E+001,-1.0602487336144458E+001
 1.1202289999998021E+001, 1.1202289999998021E+001,-1.0602487336146545E+001
 1.1203289999998020E+001, 1.1203289999998020E+001,-1.0602487336142637E+001
 1.1204289999998020E+001, 1.1204289999998020E+001,-1.0602487336137544E+001
 1.1205289999998019E+001, 1.1205289999998019E+001,-1.0602487336129713E+001
 1.1206289999998019E+001, 1.1206289999998019E+001,-1.0602487336129137E+001
 1.1207289999998018E+001, 1.1207289999998018E+001,-1.0602487336124115E+001
 1.1208289999998017E+001, 1.1208289999998017E+001,-1.0602487336120923E+001
 1.1209289999998017E+001, 1.1209289999998017E+001,-1.0602487336114951E+001
 1.1210289999998016E+001, 1.1210289999998016E+001,-1.0602487336105154E+001
 1.1211289999998016E+001, 1.1211289999998016E+001,-1.0602487336109148E+001
 1.1212289999998015E+001, 1.1212289999998015E+001,-1.0602487336113505E+001
 1.1213289999998015E+001, 1.1213289999998015E+001,-1.0602487336101312E+001
 1.1214289999998014E+001, 1.1214289999998014E+001,-1.0602487336100616E+001
 1.1215289999998014E+001, 1.1215289999998014E+001,-1.0602487336104836E+001
 1.1216289999998013E+001, 1.1216289999998013E+001,-1.0602487336088906E+001
 1.1217289999998012E+001, 1.1217289999998012E+001,-1.0602487336097369E+001
 1.1218289999998012E+001, 1.1218289999998012E+001,-1.0602487336090789E+001
 1.1219289999998011E+001, 1.1219289999998011E+001,-1.0602487336083826E+001
 1.1220289999998011E+001, 1.1220289999998011E+001,-1.0602487336082376E+001
 1.1221289999998010E+001, 1.1221289999998010E+001,-1.0602487336076443E+001
 1.1222289999998010E+001, 1.1222289999998010E+001,-1.0602487336069487E+001
 1.1223289999998009E+001, 1.1223289999998009E+001,-1.0602487336068938E+001
 1.1224289999998009E+001, 1.1224289999998009E+001,-1.0602487336066758E+001
 1.1225289999998008E+001, 1.1225289999998008E+001,-1.0602487336060793E+001
 1.1226289999998007E+001, 1.1226289999998007E+001,-1.0602487336062048E+001
 1.1227289999998007E+001, 1.1227289999998007E+001,-1.0602487336053514E+001
 1.1228289999998006E+001, 1.1228289999998006E+001,-1.0602487336052910E+001
 1.1229289999998006E+001, 1.1229289999998006E+001,-1.0602487336046993E+001
 1.1230289999998005E+001, 1.1230289999998005E+001,-1.0602487336045566E+001
 1.1231289999998005E+001, 1.1231289999998005E+001,-1.0602487336028595E+001
 1.1232289999998004E+001, 1.1232289999998004E+001,-1.0602487336028657E+001
 1.1233289999998004E+001, 1.1233289999998004E+001,-1.0602487336035740E+001
 1.1234289999998003E+001, 1.1234289999998003E+001,-1.0602487336035562E+001
 1.1235289999998002E+001, 1.1235289999998002E+001,-1.0602487336024133E+001
 1.1236289999998002E+001, 1.1236289999998002E+001,-1.0602487336020628E+001
 1.1237289999998001E+001, 1.1237289999998001E+001,-1.0602487336016578E+001
 1.1238289999998001E+001, 1.1238289999998001E+001,-1.0602487336017878E+001
 1.1239289999998000E+001, 1.1239289999998000E+001,-1.0602487336004714E+001
 1.1240289999998000E+001, 1.1240289999998000E+001,-1.0602487335996678E+001
 1.1241289999997999E+001, 1.1241289999997999E+001,-1.0602487336002504E+001
 1.1242289999997999E+001, 1.1242289999997999E+001,-1.0602487336001378E+001
 1.1243289999997998E+001, 1.1243289999997998E+001,-1.0602487336000969E+001
 1.1244289999997997E+001, 1.1244289999997997E+001,-1.0602487335999694E+001
 1.1245289999997997E+001, 1.1245289999997997E+001,-1.0602487335982723E+001
 1.1246289999997996E+001, 1.1246289999997996E+001,-1.0602487335986531E+001
 1.1247289999997996E+001, 1.1247289999997996E+001,-1.0602487335989084E+001
 1.1248289999997995E+001, 1.1248289999997995E+001,-1.0602487335980413E+001
 1.1249289999997995E+001, 1.1249289999997995E+001,-1.0602487335966979E+001
 1.1250289999997994E+001, 1.1250289999997994E+001,-1.0602487335971766E+001
 1.1251289999997994E+001, 1.1251289999997994E+001,-1.0602487335969739E+001
 1.1252289999997993E+001, 1.1252289999997993E+001,-1.0602487335969302E+001
 1.1253289999997993E+001, 1.1253289999997993E+001,-1.0602487335968025E+001
 1.1254289999997992E+001, 1.1254289999997992E+001,-1.0602487335957459E+001
 1.1255289999997991E+001, 1.1255289999997991E+001,-1.0602487335956805E+001
 1.1256289999997991E+001, 1.1256289999997991E+001,-1.0602487335954629E+001
 1.1257289999997990E+001, 1.1257289999997990E+001,-1.0602487335948672E+001
 1.1258289999997990E+001, 1.1258289999997990E+001,-1.0602487335946353E+001
 1.1259289999997989E+001, 1.1259289999997989E+001,-1.0602487335951436E+001
 1.1260289999997989E+001, 1.1260289999997989E+001,-1.0602487335933731E+001
 1.1261289999997988E+001, 1.1261289999997988E+001,-1.0602487335937523E+001
 1.1262289999997988E+001, 1.1262289999997988E+001,-1.0602487335937241E+001
 1.1263289999997987E+001, 1.1263289999997987E+001,-1.0602487335936857E+001
 1.1264289999997986E+001, 1.1264289999997986E+001,-1.0602487335925430E+001
 1.1265289999997986E+001, 1.1265289999997986E+001,-1.0602487335923856E+001
 1.1266289999997985E+001, 1.1266289999997985E+001,-1.0602487335922534E+001
 1.1267289999997985E+001, 1.1267289999997985E+001,-1.0602487335928547E+001
 1.1268289999997984E+001, 1.1268289999997984E+001,-1.0602487335904454E+001
 1.1269289999997984E+001, 1.1269289999997984E+001,-1.0602487335914482E+001
 1.1270289999997983E+001, 1.1270289999997983E+001,-1.0602487335907965E+001
 1.1271289999997983E+001, 1.1271289999997983E+001,-1.0602487335906522E+001
 1.1272289999997982E+001, 1.1272289999997982E+001,-1.0602487335895063E+001
 1.1273289999997981E+001, 1.1273289999997981E+001,-1.0602487335895278E+001
 1.1274289999997981E+001, 1.1274289999997981E+001,-1.0602487335887590E+001
 1.1275289999997980E+001, 1.1275289999997980E+001,-1.0602487335892537E+001
 1.1276289999997980E+001, 1.1276289999997980E+001,-1.0602487335892290E+001
 1.1277289999997979E+001, 1.1277289999997979E+001,-1.0602487335879969E+001
 1.1278289999997979E+001, 1.1278289999997979E+001,-1.0602487335872855E+001
 1.1279289999997978E+001, 1.1279289999997978E+001,-1.0602487335871398E+001
 1.1280289999997978E+001, 1.1280289999997978E+001,-1.0602487335870984E+001
 1.1281289999997977E+001, 1.1281289999997977E+001,-1.0602487335864179E+001
 1.1282289999997976E+001, 1.1282289999997976E+001,-1.0602487335874670E+001
 1.1283289999997976E+001, 1.1283289999997976E+001,-1.0602487335867256E+001
 1.1284289999997975E+001, 1.1284289999997975E+001,-1.0602487335851013E+001
 1.1285289999997975E+001, 1.1285289999997975E+001,-1.0602487335849329E+001
 1.1286289999997974E+001, 1.1286289999997974E+001,-1.0602487335847107E+001
 1.1287289999997974E+001, 1.1287289999997974E+001,-1.0602487335841152E+001
 1.1288289999997973E+001, 1.1288289999997973E+001,-1.0602487335835100E+001
 1.1289289999997973E+001, 1.1289289999997973E+001,-1.0602487335840985E+001
 1.1290289999997972E+001, 1.1290289999997972E+001,-1.0602487335832549E+001
 1.1291289999997971E+001, 1.1291289999997971E+001,-1.0602487335838372E+001
 1.1292289999997971E+001, 1.1292289999997971E+001,-1.0602487335837253E+001
 1.1293289999997970E+001, 1.1293289999997970E+001,-1.0602487335826694E+001
 1.1294289999997970E+001, 1.1294289999997970E+001,-1.0602487335828883E+001
 1.1295289999997969E+001, 1.1295289999997969E+001,-1.0602487335828565E+001
 1.1296289999997969E+001, 1.1296289999997969E+001,-1.0602487335816239E+001
 1.1297289999997968E+001, 1.1297289999997968E+001,-1.0602487335826586E+001
 1.1298289999997968E+001, 1.1298289999997968E+001,-1.0602487335804396E+001
 1.1299289999997967E+001, 1.1299289999997967E+001,-1.0602487335814478E+001
 1.1300289999997966E+001, 1.1300289999997966E+001,-1.0602487335818992E+001
 1.1301289999997966E+001, 1.1301289999997966E+001,-1.0602487335795757E+001
 1.1302289999997965E+001, 1.1302289999997965E+001,-1.0602487335804923E+001
 1.1303289999997965E+001, 1.1303289999997965E+001,-1.0602487335786424E+001
 1.1304289999997964E+001, 1.1304289999997964E+001,-1.0602487335793766E+001
 1.1305289999997964E+001, 1.1305289999997964E+001,-1.0602487335780749E+001
 1.1306289999997963E+001, 1.1306289999997963E+001,-1.0602487335778253E+001
 1.1307289999997963E+001, 1.1307289999997963E+001,-1.0602487335779600E+001
 1.1308289999997962E+001, 1.1308289999997962E+001,-1.0602487335783881E+001
 1.1309289999997961E+001, 1.1309289999997961E+001,-1.0602487335777196E+001
 1.1310289999997961E+001, 1.1310289999997961E+001,-1.0602487335770229E+001
 1.1311289999997960E+001, 1.1311289999997960E+001,-1.0602487335775194E+001
 1.1312289999997960E+001, 1.1312289999997960E+001,-1.0602487335767634E+001
 1.1313289999997959E+001, 1.1313289999997959E+001,-1.0602487335760650E+001
 1.1314289999997959E+001, 1.1314289999997959E+001,-1.0602487335751732E+001
 1.1315289999997958E+001, 1.1315289999997958E+001,-1.0602487335753949E+001
 1.1316289999997958E+001, 1.1316289999997958E+001,-1.0602487335747224E+001
 1.1317289999997957E+001, 1.1317289999997957E+001,-1.0602487335736523E+001
 1.1318289999997956E+001, 1.1318289999997956E+001,-1.0602487335746000E+001
 1.1319289999997956E+001, 1.1319289999997956E+001,-1.0602487335744991E+001
 1.1320289999997955E+001, 1.1320289999997955E+001,-1.0602487335738166E+001
 1.1321289999997955E+001, 1.1321289999997955E+001,-1.0602487335738507E+001
 1.1322289999997954E+001, 1.1322289999997954E+001,-1.0602487335729039E+001
 1.1323289999997954E+001, 1.1323289999997954E+001,-1.0602487335724680E+001
 1.1324289999997953E+001, 1.1324289999997953E+001,-1.0602487335725082E+001
 1.1325289999997953E+001, 1.1325289999997953E+001,-1.0602487335721143E+001
 1.1326289999997952E+001, 1.1326289999997952E+001,-1.0602487335716926E+001
 1.1327289999997951E+001, 1.1327289999997951E+001,-1.0602487335704499E+001
 1.1328289999997951E+001, 1.1328289999997951E+001,-1.0602487335703806E+001
 1.1329289999997950E+001, 1.1329289999997950E+001,-1.0602487335708028E+001
 1.1330289999997950E+001, 1.1330289999997950E+001,-1.0602487335695825E+001
 1.1331289999997949E+001, 1.1331289999997949E+001,-1.0602487335697976E+001
 1.1332289999997949E+001, 1.1332289999997949E+001,-1.0602487335688391E+001
 1.1333289999997948E+001, 1.1333289999997948E+001,-1.0602487335687767E+001
 1.1334289999997948E+001, 1.1334289999997948E+001,-1.0602487335697525E+001
 1.1335289999997947E+001, 1.1335289999997947E+001,-1.0602487335686366E+001
 1.1336289999997947E+001, 1.1336289999997947E+001,-1.0602487335684799E+001
 1.1337289999997946E+001, 1.1337289999997946E+001,-1.0602487335683483E+001
 1.1338289999997945E+001, 1.1338289999997945E+001,-1.0602487335665618E+001
 1.1339289999997945E+001, 1.1339289999997945E+001,-1.0602487335669386E+001
 1.1340289999997944E+001, 1.1340289999997944E+001,-1.0602487335664501E+001
 1.1341289999997944E+001, 1.1341289999997944E+001,-1.0602487335663094E+001
 1.1342289999997943E+001, 1.1342289999997943E+001,-1.0602487335656271E+001
 1.1343289999997943E+001, 1.1343289999997943E+001,-1.0602487335656598E+001
 1.1344289999997942E+001, 1.1344289999997942E+001,-1.0602487335655338E+001
 1.1345289999997942E+001, 1.1345289999997942E+001,-1.0602487335654029E+001
 1.1346289999997941E+001, 1.1346289999997941E+001,-1.0602487335647210E+001
 1.1347289999997940E+001, 1.1347289999997940E+001,-1.0602487335640241E+001
 1.1348289999997940E+001, 1.1348289999997940E+001,-1.0602487335634153E+001
 1.1349289999997939E+001, 1.1349289999997939E+001,-1.0602487335643771E+001
 1.1350289999997939E+001, 1.1350289999997939E+001,-1.0602487335638127E+001
 1.1351289999997938E+001, 1.1351289999997938E+001,-1.0602487335630286E+001
 1.1352289999997938E+001, 1.1352289999997938E+001,-1.0602487335625971E+001
 1.1353289999997937E+001, 1.1353289999997937E+001,-1.0602487335608020E+001
 1.1354289999997937E+001, 1.1354289999997937E+001,-1.0602487335612702E+001
 1.1355289999997936E+001, 1.1355289999997936E+001,-1.0602487335628112E+001
 1.1356289999997935E+001, 1.1356289999997935E+001,-1.0602487335609794E+001
 1.1357289999997935E+001, 1.1357289999997935E+001,-1.0602487335619070E+001
 1.1358289999997934E+001, 1.1358289999997934E+001,-1.0602487335602383E+001
 1.1359289999997934E+001, 1.1359289999997934E+001,-1.0602487335611714E+001
 1.1360289999997933E+001, 1.1360289999997933E+001,-1.0602487335594123E+001
 1.1361289999997933E+001, 1.1361289999997933E+001,-1.0602487335594189E+001
 1.1362289999997932E+001, 1.1362289999997932E+001,-1.0602487335598440E+001
 1.1363289999997932E+001, 1.1363289999997932E+001,-1.0602487335580715E+001
 1.1364289999997931E+001, 1.1364289999997931E+001,-1.0602487335580769E+001
 1.1365289999997930E+001, 1.1365289999997930E+001,-1.0602487335578601E+001
 1.1366289999997930E+001, 1.1366289999997930E+001,-1.0602487335567124E+001
 1.1367289999997929E+001, 1.1367289999997929E+001,-1.0602487335570165E+001
 1.1368289999997929E+001, 1.1368289999997929E+001,-1.0602487335565247E+001
 1.1369289999997928E+001, 1.1369289999997928E+001,-1.0602487335574899E+001
 1.1370289999997928E+001, 1.1370289999997928E+001,-1.0602487335557319E+001
 1.1371289999997927E+001, 1.1371289999997927E+001,-1.0602487335557367E+001
 1.1372289999997927E+001, 1.1372289999997927E+001,-1.0602487335555214E+001
 1.1373289999997926E+001, 1.1373289999997926E+001,-1.0602487335549259E+001
 1.1374289999997925E+001, 1.1374289999997925E+001,-1.0602487335544092E+001
 1.1375289999997925E+001, 1.1375289999997925E+001,-1.0602487335547313E+001
 1.1376289999997924E+001, 1.1376289999997924E+001,-1.0602487335536871E+001
 1.1377289999997924E+001, 1.1377289999997924E+001,-1.0602487335536217E+001
 1.1378289999997923E+001, 1.1378289999997923E+001,-1.0602487335544184E+001
 1.1379289999997923E+001, 1.1379289999997923E+001,-1.0602487335531189E+001
 1.1380289999997922E+001, 1.1380289999997922E+001,-1.0602487335531368E+001
 1.1381289999997922E+001, 1.1381289999997922E+001,-1.0602487335536509E+001
 1.1382289999997921E+001, 1.1382289999997921E+001,-1.0602487335524346E+001
 1.1383289999997920E+001, 1.1383289999997920E+001,-1.0602487335522746E+001
 1.1384289999997920E+001, 1.1384289999997920E+001,-1.0602487335511286E+001
 1.1385289999997919E+001, 1.1385289999997919E+001,-1.0602487335520747E+001
 1.1386289999997919E+001, 1.1386289999997919E+001,-1.0602487335508686E+001
 1.1387289999997918E+001, 1.1387289999997918E+001,-1.0602487335508890E+001
 1.1388289999997918E+001, 1.1388289999997918E+001,-1.0602487335502104E+001
 1.1389289999997917E+001, 1.1389289999997917E+001,-1.0602487335500653E+001
 1.1390289999997917E+001, 1.1390289999997917E+001,-1.0602487335498445E+001
 1.1391289999997916E+001, 1.1391289999997916E+001,-1.0602487335487865E+001
 1.1392289999997915E+001, 1.1392289999997915E+001,-1.0602487335487218E+001
 1.1393289999997915E+001, 1.1393289999997915E+001,-1.0602487335480408E+001
 1.1394289999997914E+001, 1.1394289999997914E+001,-1.0602487335474336E+001
 1.1395289999997914E+001, 1.1395289999997914E+001,-1.0602487335473800E+001
 1.1396289999997913E+001, 1.1396289999997913E+001,-1.0602487335477145E+001
 1.1397289999997913E+001, 1.1397289999997913E+001,-1.0602487335465801E+001
 1.1398289999997912E+001, 1.1398289999997912E+001,-1.0602487335465131E+001
 1.1399289999997912E+001, 1.1399289999997912E+001,-1.0602487335469355E+001
 1.1400289999997911E+001, 1.1400289999997911E+001,-1.0602487335458061E+001
 1.1401289999997910E+001, 1.1401289999997910E+001,-1.0602487335452743E+001
 1.1402289999997910E+001, 1.1402289999997910E+001,-1.0602487335450448E+001
 1.1403289999997909E+001, 1.1403289999997909E+001,-1.0602487335464780E+001
 1.1404289999997909E+001, 1.1404289999997909E+001,-1.0602487335460156E+001
 1.1405289999997908E+001, 1.1405289999997908E+001,-1.0602487335453253E+001
 1.1406289999997908E+001, 1.1406289999997908E+001,-1.0602487335439852E+001
 1.1407289999997907E+001, 1.1407289999997907E+001,-1.0602487335440024E+001
 1.1408289999997907E+001, 1.1408289999997907E+001,-1.0602487335433233E+001
 1.1409289999997906E+001, 1.1409289999997906E+001,-1.0602487335432681E+001
 1.1410289999997905E+001, 1.1410289999997905E+001,-1.0602487335425872E+001
 1.1411289999997905E+001, 1.1411289999997905E+001,-1.0602487335428153E+001
 1.1412289999997904E+001, 1.1412289999997904E+001,-1.0602487335424108E+001
 1.1413289999997904E+001, 1.1413289999997904E+001,-1.0602487335416306E+001
 1.1414289999997903E+001, 1.1414289999997903E+001,-1.0602487335421252E+001
 1.1415289999997903E+001, 1.1415289999997903E+001,-1.0602487335409968E+001
 1.1416289999997902E+001, 1.1416289999997902E+001,-1.0602487335413914E+001
 1.1417289999997902E+001, 1.1417289999997902E+001,-1.0602487335397090E+001
 1.1418289999997901E+001, 1.1418289999997901E+001,-1.0602487335396264E+001
 1.1419289999997901E+001, 1.1419289999997901E+001,-1.0602487335394970E+001
 1.1420289999997900E+001, 1.1420289999997900E+001,-1.0602487335388135E+001
 1.1421289999997899E+001, 1.1421289999997899E+001,-1.0602487335389380E+001
 1.1422289999997899E+001, 1.1422289999997899E+001,-1.0602487335380829E+001
 1.1423289999997898E+001, 1.1423289999997898E+001,-1.0602487335381118E+001
 1.1424289999997898E+001, 1.1424289999997898E+001,-1.0602487335378061E+001
 1.1425289999997897E+001, 1.1425289999997897E+001,-1.0602487335372098E+001
 1.1426289999997897E+001, 1.1426289999997897E+001,-1.0602487335366035E+001
 1.1427289999997896E+001, 1.1427289999997896E+001,-1.0602487335369236E+001
 1.1428289999997896E+001, 1.1428289999997896E+001,-1.0602487335351487E+001
 1.1429289999997895E+001, 1.1429289999997895E+001,-1.0602487335357948E+001
 1.1430289999997894E+001, 1.1430289999997894E+001,-1.0602487335357749E+001
 1.1431289999997894E+001, 1.1431289999997894E+001,-1.0602487335356475E+001
 1.1432289999997893E+001, 1.1432289999997893E+001,-1.0602487335354269E+001
 1.1433289999997893E+001, 1.1433289999997893E+001,-1.0602487335350091E+001
 1.1434289999997892E+001, 1.1434289999997892E+001,-1.0602487335341403E+001
 1.1435289999997892E+001, 1.1435289999997892E+001,-1.0602487335350048E+001
 1.1436289999997891E+001, 1.1436289999997891E+001,-1.0602487335333349E+001
 1.1437289999997891E+001, 1.1437289999997891E+001,-1.0602487335333423E+001
 1.1438289999997890E+001, 1.1438289999997890E+001,-1.0602487335331263E+001
 1.1439289999997889E+001, 1.1439289999997889E+001,-1.0602487335319788E+001
 1.1440289999997889E+001, 1.1440289999997889E+001,-1.0602487335334780E+001
 1.1441289999997888E+001, 1.1441289999997888E+001,-1.0602487335313601E+001
 1.1442289999997888E+001, 1.1442289999997888E+001,-1.0602487335307147E+001
 1.1443289999997887E+001, 1.1443289999997887E+001,-1.0602487335315857E+001
 1.1444289999997887E+001, 1.1444289999997887E+001,-1.0602487335303771E+001
 1.1445289999997886E+001, 1.1445289999997886E+001,-1.0602487335313224E+001
 1.1446289999997886E+001, 1.1446289999997886E+001,-1.0602487335302946E+001
 1.1447289999997885E+001, 1.1447289999997885E+001,-1.0602487335295885E+001
 1.1448289999997884E+001, 1.1448289999997884E+001,-1.0602487335300848E+001
 1.1449289999997884E+001, 1.1449289999997884E+001,-1.0602487335300596E+001
 1.1450289999997883E+001, 1.1450289999997883E+001,-1.0602487335287380E+001
 1.1451289999997883E+001, 1.1451289999997883E+001,-1.0602487335286657E+001
 1.1452289999997882E+001, 1.1452289999997882E+001,-1.0602487335290899E+001
 1.1453289999997882E+001, 1.1453289999997882E+001,-1.0602487335278701E+001
 1.1454289999997881E+001, 1.1454289999997881E+001,-1.0602487335273370E+001
 1.1455289999997881E+001, 1.1455289999997881E+001,-1.0602487335267330E+001
 1.1456289999997880E+001, 1.1456289999997880E+001,-1.0602487335265005E+001
 1.1457289999997879E+001, 1.1457289999997879E+001,-1.0602487335270094E+001
 1.1458289999997879E+001, 1.1458289999997879E+001,-1.0602487335263433E+001
 1.1459289999997878E+001, 1.1459289999997878E+001,-1.0602487335262870E+001
 1.1460289999997878E+001, 1.1460289999997878E+001,-1.0602487335256072E+001
 1.1461289999997877E+001, 1.1461289999997877E+001,-1.0602487335249991E+001
 1.1462289999997877E+001, 1.1462289999997877E+001,-1.0602487335249455E+001
 1.1463289999997876E+001, 1.1463289999997876E+001,-1.0602487335248178E+001
 1.1464289999997876E+001, 1.1464289999997876E+001,-1.0602487335245987E+001
 1.1465289999997875E+001, 1.1465289999997875E+001,-1.0602487335233613E+001
 1.1466289999997874E+001, 1.1466289999997874E+001,-1.0602487335229172E+001
 1.1467289999997874E+001, 1.1467289999997874E+001,-1.0602487335233308E+001
 1.1468289999997873E+001, 1.1468289999997873E+001,-1.0602487335236770E+001
 1.1469289999997873E+001, 1.1469289999997873E+001,-1.0602487335219912E+001
 1.1470289999997872E+001, 1.1470289999997872E+001,-1.0602487335213581E+001
 1.1471289999997872E+001, 1.1471289999997872E+001,-1.0602487335216765E+001
 1.1472289999997871E+001, 1.1472289999997871E+001,-1.0602487335212748E+001
 1.1473289999997871E+001, 1.1473289999997871E+001,-1.0602487335205844E+001
 1.1474289999997870E+001, 1.1474289999997870E+001,-1.0602487335197978E+001
 1.1475289999997869E+001, 1.1475289999997869E+001,-1.0602487335203810E+001
 1.1476289999997869E+001, 1.1476289999997869E+001,-1.0602487335194478E+001
 1.1477289999997868E+001, 1.1477289999997868E+001,-1.0602487335191032E+001
 1.1478289999997868E+001, 1.1478289999997868E+001,-1.0602487335188769E+001
 1.1479289999997867E+001, 1.1479289999997867E+001,-1.0602487335192956E+001
 1.1480289999997867E+001, 1.1480289999997867E+001,-1.0602487335192688E+001
 1.1481289999997866E+001, 1.1481289999997866E+001,-1.0602487335185897E+001
 1.1482289999997866E+001, 1.1482289999997866E+001,-1.0602487335178937E+001
 1.1483289999997865E+001, 1.1483289999997865E+001,-1.0602487335178367E+001
 1.1484289999997864E+001, 1.1484289999997864E+001,-1.0602487335177976E+001
 1.1485289999997864E+001, 1.1485289999997864E+001,-1.0602487335170272E+001
 1.1486289999997863E+001, 1.1486289999997863E+001,-1.0602487335175205E+001
 1.1487289999997863E+001, 1.1487289999997863E+001,-1.0602487335168563E+001
 1.1488289999997862E+001, 1.1488289999997862E+001,-1.0602487335162486E+001
 1.1489289999997862E+001, 1.1489289999997862E+001,-1.0602487335150908E+001
 1.1490289999997861E+001, 1.1490289999997861E+001,-1.0602487335148439E+001
 1.1491289999997861E+001, 1.1491289999997861E+001,-1.0602487335137841E+001
 1.1492289999997860E+001, 1.1492289999997860E+001,-1.0602487335141817E+001
 1.1493289999997859E+001, 1.1493289999997859E+001,-1.0602487335147073E+001
 1.1494289999997859E+001, 1.1494289999997859E+001,-1.0602487335134894E+001
 1.1495289999997858E+001, 1.1495289999997858E+001,-1.0602487335138818E+001
 1.1496289999997858E+001, 1.1496289999997858E+001,-1.0602487335140337E+001
 1.1497289999997857E+001, 1.1497289999997857E+001,-1.0602487335132698E+001
 1.1498289999997857E+001, 1.1498289999997857E+001,-1.0602487335119278E+001
 1.1499289999997856E+001, 1.1499289999997856E+001,-1.0602487335113931E+001
 1.1500289999997856E+001, 1.1500289999997856E+001,-1.0602487335117143E+001
 1.1501289999997855E+001, 1.1501289999997855E+001,-1.0602487335106701E+001
 1.1502289999997855E+001, 1.1502289999997855E+001,-1.0602487335115301E+001
 1.1503289999997854E+001, 1.1503289999997854E+001,-1.0602487335116042E+001
 1.1504289999997853E+001, 1.1504289999997853E+001,-1.0602487335106593E+001
 1.1505289999997853E+001, 1.1505289999997853E+001,-1.0602487335102232E+001
 1.1506289999997852E+001, 1.1506289999997852E+001,-1.0602487335096221E+001
 1.1507289999997852E+001, 1.1507289999997852E+001,-1.0602487335098528E+001
 1.1508289999997851E+001, 1.1508289999997851E+001,-1.0602487335093585E+001
 1.1509289999997851E+001, 1.1509289999997851E+001,-1.0602487335093072E+001
 1.1510289999997850E+001, 1.1510289999997850E+001,-1.0602487335075235E+001
 1.1511289999997850E+001, 1.1511289999997850E+001,-1.0602487335079900E+001
 1.1512289999997849E+001, 1.1512289999997849E+001,-1.0602487335084280E+001
 1.1513289999997848E+001, 1.1513289999997848E+001,-1.0602487335071189E+001
 1.1514289999997848E+001, 1.1514289999997848E+001,-1.0602487335065847E+001
 1.1515289999997847E+001, 1.1515289999997847E+001,-1.0602487335064422E+001
 1.1516289999997847E+001, 1.1516289999997847E+001,-1.0602487335064900E+001
 1.1517289999997846E+001, 1.1517289999997846E+001,-1.0602487335058122E+001
 1.1518289999997846E+001, 1.1518289999997846E+001,-1.0602487335050267E+001
 1.1519289999997845E+001, 1.1519289999997845E+001,-1.0602487335049677E+001
 1.1520289999997845E+001, 1.1520289999997845E+001,-1.0602487335050181E+001
 1.1521289999997844E+001, 1.1521289999997844E+001,-1.0602487335048034E+001
 1.1522289999997843E+001, 1.1522289999997843E+001,-1.0602487335041181E+001
 1.1523289999997843E+001, 1.1523289999997843E+001,-1.0602487335050773E+001
 1.1524289999997842E+001, 1.1524289999997842E+001,-1.0602487335046021E+001
 1.1525289999997842E+001, 1.1525289999997842E+001,-1.0602487335037313E+001
 1.1526289999997841E+001, 1.1526289999997841E+001,-1.0602487335027456E+001
 1.1527289999997841E+001, 1.1527289999997841E+001,-1.0602487335015779E+001
 1.1528289999997840E+001, 1.1528289999997840E+001,-1.0602487335024355E+001
 1.1529289999997840E+001, 1.1529289999997840E+001,-1.0602487335014047E+001
 1.1530289999997839E+001, 1.1530289999997839E+001,-1.0602487335018926E+001
 1.1531289999997838E+001, 1.1531289999997838E+001,-1.0602487335004950E+001
 1.1532289999997838E+001, 1.1532289999997838E+001,-1.0602487335010620E+001
 1.1533289999997837E+001, 1.1533289999997837E+001,-1.0602487334996676E+001
 1.1534289999997837E+001, 1.1534289999997837E+001,-1.0602487334997718E+001
 1.1535289999997836E+001, 1.1535289999997836E+001,-1.0602487334990951E+001
 1.1536289999997836E+001, 1.1536289999997836E+001,-1.0602487334988608E+001
 1.1537289999997835E+001, 1.1537289999997835E+001,-1.0602487334993690E+001
 1.1538289999997835E+001, 1.1538289999997835E+001,-1.0602487334993448E+001
 1.1539289999997834E+001, 1.1539289999997834E+001,-1.0602487334982010E+001
 1.1540289999997833E+001, 1.1540289999997833E+001,-1.0602487334990595E+001
 1.1541289999997833E+001, 1.1541289999997833E+001,-1.0602487334978509E+001
 1.1542289999997832E+001, 1.1542289999997832E+001,-1.0602487334978710E+001
 1.1543289999997832E+001, 1.1543289999997832E+001,-1.0602487334971917E+001
 1.1544289999997831E+001, 1.1544289999997831E+001,-1.0602487334965851E+001
 1.1545289999997831E+001, 1.1545289999997831E+001,-1.0602487334969044E+001
 1.1546289999997830E+001, 1.1546289999997830E+001,-1.0602487334963232E+001
 1.1547289999997830E+001, 1.1547289999997830E+001,-1.0602487334950750E+001
 1.1548289999997829E+001, 1.1548289999997829E+001,-1.0602487334944534E+001
 1.1549289999997828E+001, 1.1549289999997828E+001,-1.0602487334965188E+001
 1.1550289999997828E+001, 1.1550289999997828E+001,-1.0602487334943273E+001
 1.1551289999997827E+001, 1.1551289999997827E+001,-1.0602487334951567E+001
 1.1552289999997827E+001, 1.1552289999997827E+001,-1.0602487334941259E+001
 1.1553289999997826E+001, 1.1553289999997826E+001,-1.0602487334935100E+001
 1.1554289999997826E+001, 1.1554289999997826E+001,-1.0602487334932766E+001
 1.1555289999997825E+001, 1.1555289999997825E+001,-1.0602487334938747E+001
 1.1556289999997825E+001, 1.1556289999997825E+001,-1.0602487334926584E+001
 1.1557289999997824E+001, 1.1557289999997824E+001,-1.0602487334919479E+001
 1.1558289999997823E+001, 1.1558289999997823E+001,-1.0602487334920699E+001
 1.1559289999997823E+001, 1.1559289999997823E+001,-1.0602487334916781E+001
 1.1560289999997822E+001, 1.1560289999997822E+001,-1.0602487334911673E+001
 1.1561289999997822E+001, 1.1561289999997822E+001,-1.0602487334906542E+001
 1.1562289999997821E+001, 1.1562289999997821E+001,-1.0602487334908872E+001
 1.1563289999997821E+001, 1.1563289999997821E+001,-1.0602487334908545E+001
 1.1564289999997820E+001, 1.1564289999997820E+001,-1.0602487334907263E+001
 1.1565289999997820E+001, 1.1565289999997820E+001,-1.0602487334901339E+001
 1.1566289999997819E+001, 1.1566289999997819E+001,-1.0602487334888863E+001
 1.1567289999997818E+001, 1.1567289999997818E+001,-1.0602487334889060E+001
 1.1568289999997818E+001, 1.1568289999997818E+001,-1.0602487334887789E+001
 1.1569289999997817E+001, 1.1569289999997817E+001,-1.0602487334896631E+001
 1.1570289999997817E+001, 1.1570289999997817E+001,-1.0602487334879029E+001
 1.1571289999997816E+001, 1.1571289999997816E+001,-1.0602487334878195E+001
 1.1572289999997816E+001, 1.1572289999997816E+001,-1.0602487334865851E+001
 1.1573289999997815E+001, 1.1573289999997815E+001,-1.0602487334866041E+001
 1.1574289999997815E+001, 1.1574289999997815E+001,-1.0602487334871206E+001
 1.1575289999997814E+001, 1.1575289999997814E+001,-1.0602487334869167E+001
 1.1576289999997813E+001, 1.1576289999997813E+001,-1.0602487334863213E+001
 1.1577289999997813E+001, 1.1577289999997813E+001,-1.0602487334856264E+001
 1.1578289999997812E+001, 1.1578289999997812E+001,-1.0602487334844669E+001
 1.1579289999997812E+001, 1.1579289999997812E+001,-1.0602487334837575E+001
 1.1580289999997811E+001, 1.1580289999997811E+001,-1.0602487334842529E+001
 1.1581289999997811E+001, 1.1581289999997811E+001,-1.0602487334846916E+001
 1.1582289999997810E+001, 1.1582289999997810E+001,-1.0602487334839344E+001
 1.1583289999997810E+001, 1.1583289999997810E+001,-1.0602487334825939E+001
 1.1584289999997809E+001, 1.1584289999997809E+001,-1.0602487334831622E+001
 1.1585289999997809E+001, 1.1585289999997809E+001,-1.0602487334820349E+001
 1.1586289999997808E+001, 1.1586289999997808E+001,-1.0602487334819674E+001
 1.1587289999997807E+001, 1.1587289999997807E+001,-1.0602487334823916E+001
 1.1588289999997807E+001, 1.1588289999997807E+001,-1.0602487334824541E+001
 1.1589289999997806E+001, 1.1589289999997806E+001,-1.0602487334806723E+001
 1.1590289999997806E+001, 1.1590289999997806E+001,-1.0602487334821546E+001
 1.1591289999997805E+001, 1.1591289999997805E+001,-1.0602487334804991E+001
 1.1592289999997805E+001, 1.1592289999997805E+001,-1.0602487334803289E+001
 1.1593289999997804E+001, 1.1593289999997804E+001,-1.0602487334807496E+001
 1.1594289999997804E+001, 1.1594289999997804E+001,-1.0602487334801712E+001
 1.1595289999997803E+001, 1.1595289999997803E+001,-1.0602487334790135E+001
 1.1596289999997802E+001, 1.1596289999997802E+001,-1.0602487334793194E+001
 1.1597289999997802E+001, 1.1597289999997802E+001,-1.0602487334781850E+001
 1.1598289999997801E+001, 1.1598289999997801E+001,-1.0602487334779383E+001
 1.1599289999997801E+001, 1.1599289999997801E+001,-1.0602487334780742E+001
 1.1600289999997800E+001, 1.1600289999997800E+001,-1.0602487334778600E+001
 1.1601289999997800E+001, 1.1601289999997800E+001,-1.0602487334778168E+001
 1.1602289999997799E+001, 1.1602289999997799E+001,-1.0602487334761213E+001
 1.1603289999997799E+001, 1.1603289999997799E+001,-1.0602487334764131E+001
 1.1604289999997798E+001, 1.1604289999997798E+001,-1.0602487334763826E+001
 1.1605289999997797E+001, 1.1605289999997797E+001,-1.0602487334757923E+001
 1.1606289999997797E+001, 1.1606289999997797E+001,-1.0602487334750979E+001
 1.1607289999997796E+001, 1.1607289999997796E+001,-1.0602487334755047E+001
 1.1608289999997796E+001, 1.1608289999997796E+001,-1.0602487334743739E+001
 1.1609289999997795E+001, 1.1609289999997795E+001,-1.0602487334743063E+001
 1.1610289999997795E+001, 1.1610289999997795E+001,-1.0602487334735358E+001
 1.1611289999997794E+001, 1.1611289999997794E+001,-1.0602487334741195E+001
 1.1612289999997794E+001, 1.1612289999997794E+001,-1.0602487334734544E+001
 1.1613289999997793E+001, 1.1613289999997793E+001,-1.0602487334737740E+001
 1.1614289999997792E+001, 1.1614289999997792E+001,-1.0602487334731020E+001
 1.1615289999997792E+001, 1.1615289999997792E+001,-1.0602487334733144E+001
 1.1616289999997791E+001, 1.1616289999997791E+001,-1.0602487334728359E+001
 1.1617289999997791E+001, 1.1617289999997791E+001,-1.0602487334718598E+001
 1.1618289999997790E+001, 1.1618289999997790E+001,-1.0602487334717075E+001
 1.1619289999997790E+001, 1.1619289999997790E+001,-1.0602487334711144E+001
 1.1620289999997789E+001, 1.1620289999997789E+001,-1.0602487334709707E+001
 1.1621289999997789E+001, 1.1621289999997789E+001,-1.0602487334703772E+001
 1.1622289999997788E+001, 1.1622289999997788E+001,-1.0602487334701458E+001
 1.1623289999997787E+001, 1.1623289999997787E+001,-1.0602487334701017E+001
 1.1624289999997787E+001, 1.1624289999997787E+001,-1.0602487334701534E+001
 1.1625289999997786E+001, 1.1625289999997786E+001,-1.0602487334694736E+001
 1.1626289999997786E+001, 1.1626289999997786E+001,-1.0602487334686877E+001
 1.1627289999997785E+001, 1.1627289999997785E+001,-1.0602487334688092E+001
 1.1628289999997785E+001, 1.1628289999997785E+001,-1.0602487334684172E+001
 1.1629289999997784E+001, 1.1629289999997784E+001,-1.0602487334674430E+001
 1.1630289999997784E+001, 1.1630289999997784E+001,-1.0602487334672899E+001
 1.1631289999997783E+001, 1.1631289999997783E+001,-1.0602487334670698E+001
 1.1632289999997782E+001, 1.1632289999997782E+001,-1.0602487334671155E+001
 1.1633289999997782E+001, 1.1633289999997782E+001,-1.0602487334665280E+001
 1.1634289999997781E+001, 1.1634289999997781E+001,-1.0602487334647288E+001
 1.1635289999997781E+001, 1.1635289999997781E+001,-1.0602487334650165E+001
 1.1636289999997780E+001, 1.1636289999997780E+001,-1.0602487334644341E+001
 1.1637289999997780E+001, 1.1637289999997780E+001,-1.0602487334642912E+001
 1.1638289999997779E+001, 1.1638289999997779E+001,-1.0602487334653560E+001
 1.1639289999997779E+001, 1.1639289999997779E+001,-1.0602487334643303E+001
 1.1640289999997778E+001, 1.1640289999997778E+001,-1.0602487334651020E+001
 1.1641289999997777E+001, 1.1641289999997777E+001,-1.0602487334628751E+001
 1.1642289999997777E+001, 1.1642289999997777E+001,-1.0602487334639733E+001
 1.1643289999997776E+001, 1.1643289999997776E+001,-1.0602487334638756E+001
 1.1644289999997776E+001, 1.1644289999997776E+001,-1.0602487334620886E+001
 1.1645289999997775E+001, 1.1645289999997775E+001,-1.0602487334612736E+001
 1.1646289999997775E+001, 1.1646289999997775E+001,-1.0602487334622287E+001
 1.1647289999997774E+001, 1.1647289999997774E+001,-1.0602487334622175E+001
 1.1648289999997774E+001, 1.1648289999997774E+001,-1.0602487334622680E+001
 1.1649289999997773E+001, 1.1649289999997773E+001,-1.0602487334598445E+001
 1.1650289999997772E+001, 1.1650289999997772E+001,-1.0602487334613990E+001
 1.1651289999997772E+001, 1.1651289999997772E+001,-1.0602487334602090E+001
 1.1652289999997771E+001, 1.1652289999997771E+001,-1.0602487334606920E+001
 1.1653289999997771E+001, 1.1653289999997771E+001,-1.0602487334590105E+001
 1.1654289999997770E+001, 1.1654289999997770E+001,-1.0602487334590180E+001
 1.1655289999997770E+001, 1.1655289999997770E+001,-1.0602487334587128E+001
 1.1656289999997769E+001, 1.1656289999997769E+001,-1.0602487334582046E+001
 1.1657289999997769E+001, 1.1657289999997769E+001,-1.0602487334576013E+001
 1.1658289999997768E+001, 1.1658289999997768E+001,-1.0602487334591139E+001
 1.1659289999997767E+001, 1.1659289999997767E+001,-1.0602487334579227E+001
 1.1660289999997767E+001, 1.1660289999997767E+001,-1.0602487334572126E+001
 1.1661289999997766E+001, 1.1661289999997766E+001,-1.0602487334566037E+001
 1.1662289999997766E+001, 1.1662289999997766E+001,-1.0602487334570128E+001
 1.1663289999997765E+001, 1.1663289999997765E+001,-1.0602487334557035E+001
 1.1664289999997765E+001, 1.1664289999997765E+001,-1.0602487334556312E+001
 1.1665289999997764E+001, 1.1665289999997764E+001,-1.0602487334540244E+001
 1.1666289999997764E+001, 1.1666289999997764E+001,-1.0602487334560632E+001
 1.1667289999997763E+001, 1.1667289999997763E+001,-1.0602487334548861E+001
 1.1668289999997763E+001, 1.1668289999997763E+001,-1.0602487334541749E+001
 1.1669289999997762E+001, 1.1669289999997762E+001,-1.0602487334540299E+001
 1.1670289999997761E+001, 1.1670289999997761E+001,-1.0602487334539887E+001
 1.1671289999997761E+001, 1.1671289999997761E+001,-1.0602487334527561E+001
 1.1672289999997760E+001, 1.1672289999997760E+001,-1.0602487334526867E+001
 1.1673289999997760E+001, 1.1673289999997760E+001,-1.0602487334525572E+001
 1.1674289999997759E+001, 1.1674289999997759E+001,-1.0602487334524261E+001
 1.1675289999997759E+001, 1.1675289999997759E+001,-1.0602487334513709E+001
 1.1676289999997758E+001, 1.1676289999997758E+001,-1.0602487334508425E+001
 1.1677289999997758E+001, 1.1677289999997758E+001,-1.0602487334518058E+001
 1.1678289999997757E+001, 1.1678289999997757E+001,-1.0602487334517040E+001
 1.1679289999997756E+001, 1.1679289999997756E+001,-1.0602487334510226E+001
 1.1680289999997756E+001, 1.1680289999997756E+001,-1.0602487334503252E+001
 1.1681289999997755E+001, 1.1681289999997755E+001,-1.0602487334492551E+001
 1.1682289999997755E+001, 1.1682289999997755E+001,-1.0602487334495626E+001
 1.1683289999997754E+001, 1.1683289999997754E+001,-1.0602487334490700E+001
 1.1684289999997754E+001, 1.1684289999997754E+001,-1.0602487334499440E+001
 1.1685289999997753E+001, 1.1685289999997753E+001,-1.0602487334480047E+001
 1.1686289999997753E+001, 1.1686289999997753E+001,-1.0602487334491094E+001
 1.1687289999997752E+001, 1.1687289999997752E+001,-1.0602487334485492E+001
 1.1688289999997751E+001, 1.1688289999997751E+001,-1.0602487334477654E+001
 1.1689289999997751E+001, 1.1689289999997751E+001,-1.0602487334466932E+001
 1.1690289999997750E+001, 1.1690289999997750E+001,-1.0602487334466264E+001
 1.1691289999997750E+001, 1.1691289999997750E+001,-1.0602487334464090E+001
 1.1692289999997749E+001, 1.1692289999997749E+001,-1.0602487334458132E+001
 1.1693289999997749E+001, 1.1693289999997749E+001,-1.0602487334463122E+001
 1.1694289999997748E+001, 1.1694289999997748E+001,-1.0602487334457351E+001
 1.1695289999997748E+001, 1.1695289999997748E+001,-1.0602487334455937E+001
 1.1696289999997747E+001, 1.1696289999997747E+001,-1.0602487334453725E+001
 1.1697289999997746E+001, 1.1697289999997746E+001,-1.0602487334446881E+001
 1.1698289999997746E+001, 1.1698289999997746E+001,-1.0602487334437068E+001
 1.1699289999997745E+001, 1.1699289999997745E+001,-1.0602487334434644E+001
 1.1700289999997745E+001, 1.1700289999997745E+001,-1.0602487334433311E+001
 1.1701289999997744E+001, 1.1701289999997744E+001,-1.0602487334423646E+001
 1.1702289999997744E+001, 1.1702289999997744E+001,-1.0602487334426758E+001
 1.1703289999997743E+001, 1.1703289999997743E+001,-1.0602487334425550E+001
 1.1704289999997743E+001, 1.1704289999997743E+001,-1.0602487334413212E+001
 1.1705289999997742E+001, 1.1705289999997742E+001,-1.0602487334418033E+001
 1.1706289999997741E+001, 1.1706289999997741E+001,-1.0602487334419569E+001
 1.1707289999997741E+001, 1.1707289999997741E+001,-1.0602487334411030E+001
 1.1708289999997740E+001, 1.1708289999997740E+001,-1.0602487334409533E+001
 1.1709289999997740E+001, 1.1709289999997740E+001,-1.0602487334412855E+001
 1.1710289999997739E+001, 1.1710289999997739E+001,-1.0602487334409723E+001
 1.1711289999997739E+001, 1.1711289999997739E+001,-1.0602487334400161E+001
 1.1712289999997738E+001, 1.1712289999997738E+001,-1.0602487334391192E+001
 1.1713289999997738E+001, 1.1713289999997738E+001,-1.0602487334388776E+001
 1.1714289999997737E+001, 1.1714289999997737E+001,-1.0602487334388348E+001
 1.1715289999997736E+001, 1.1715289999997736E+001,-1.0602487334381539E+001
 1.1716289999997736E+001, 1.1716289999997736E+001,-1.0602487334369041E+001
 1.1717289999997735E+001, 1.1717289999997735E+001,-1.0602487334374754E+001
 1.1718289999997735E+001, 1.1718289999997735E+001,-1.0602487334372748E+001
 1.1719289999997734E+001, 1.1719289999997734E+001,-1.0602487334366790E+001
 1.1720289999997734E+001, 1.1720289999997734E+001,-1.0602487334366252E+001
 1.1721289999997733E+001, 1.1721289999997733E+001,-1.0602487334362284E+001
 1.1722289999997733E+001, 1.1722289999997733E+001,-1.0602487334351656E+001
 1.1723289999997732E+001, 1.1723289999997732E+001,-1.0602487334356516E+001
 1.1724289999997731E+001, 1.1724289999997731E+001,-1.0602487334347019E+001
 1.1725289999997731E+001, 1.1725289999997731E+001,-1.0602487334344604E+001
 1.1726289999997730E+001, 1.1726289999997730E+001,-1.0602487334341486E+001
 1.1727289999997730E+001, 1.1727289999997730E+001,-1.0602487334337289E+001
 1.1728289999997729E+001, 1.1728289999997729E+001,-1.0602487334341426E+001
 1.1729289999997729E+001, 1.1729289999997729E+001,-1.0602487334340257E+001
 1.1730289999997728E+001, 1.1730289999997728E+001,-1.0602487334327925E+001
 1.1731289999997728E+001, 1.1731289999997728E+001,-1.0602487334320806E+001
 1.1732289999997727E+001, 1.1732289999997727E+001,-1.0602487334326662E+001
 1.1733289999997726E+001, 1.1733289999997726E+001,-1.0602487334318230E+001
 1.1734289999997726E+001, 1.1734289999997726E+001,-1.0602487334318528E+001
 1.1735289999997725E+001, 1.1735289999997725E+001,-1.0602487334317267E+001
 1.1736289999997725E+001, 1.1736289999997725E+001,-1.0602487334315953E+001
 1.1737289999997724E+001, 1.1737289999997724E+001,-1.0602487334304513E+001
 1.1738289999997724E+001, 1.1738289999997724E+001,-1.0602487334302928E+001
 1.1739289999997723E+001, 1.1739289999997723E+001,-1.0602487334302516E+001
 1.1740289999997723E+001, 1.1740289999997723E+001,-1.0602487334300335E+001
 1.1741289999997722E+001, 1.1741289999997722E+001,-1.0602487334300800E+001
 1.1742289999997721E+001, 1.1742289999997721E+001,-1.0602487334282973E+001
 1.1743289999997721E+001, 1.1743289999997721E+001,-1.0602487334287659E+001
 1.1744289999997720E+001, 1.1744289999997720E+001,-1.0602487334287398E+001
 1.1745289999997720E+001, 1.1745289999997720E+001,-1.0602487334284334E+001
 1.1746289999997719E+001, 1.1746289999997719E+001,-1.0602487334274629E+001
 1.1747289999997719E+001, 1.1747289999997719E+001,-1.0602487334273997E+001
 1.1748289999997718E+001, 1.1748289999997718E+001,-1.0602487334271814E+001
 1.1749289999997718E+001, 1.1749289999997718E+001,-1.0602487334266755E+001
 1.1750289999997717E+001, 1.1750289999997717E+001,-1.0602487334269084E+001
 1.1751289999997717E+001, 1.1751289999997717E+001,-1.0602487334258612E+001
 1.1752289999997716E+001, 1.1752289999997716E+001,-1.0602487334253340E+001
 1.1753289999997715E+001, 1.1753289999997715E+001,-1.0602487334250137E+001
 1.1754289999997715E+001, 1.1754289999997715E+001,-1.0602487334248789E+001
 1.1755289999997714E+001, 1.1755289999997714E+001,-1.0602487334253894E+001
 1.1756289999997714E+001, 1.1756289999997714E+001,-1.0602487334247229E+001
 1.1757289999997713E+001, 1.1757289999997713E+001,-1.0602487334246682E+001
 1.1758289999997713E+001, 1.1758289999997713E+001,-1.0602487334234350E+001
 1.1759289999997712E+001, 1.1759289999997712E+001,-1.0602487334238285E+001
 1.1760289999997712E+001, 1.1760289999997712E+001,-1.0602487334233384E+001
 1.1761289999997711E+001, 1.1761289999997711E+001,-1.0602487334221834E+001
 1.1762289999997710E+001, 1.1762289999997710E+001,-1.0602487334212952E+001
 1.1763289999997710E+001, 1.1763289999997710E+001,-1.0602487334214134E+001
 1.1764289999997709E+001, 1.1764289999997709E+001,-1.0602487334217518E+001
 1.1765289999997709E+001, 1.1765289999997709E+001,-1.0602487334211704E+001
 1.1766289999997708E+001, 1.1766289999997708E+001,-1.0602487334204763E+001
 1.1767289999997708E+001, 1.1767289999997708E+001,-1.0602487334203310E+001
 1.1768289999997707E+001, 1.1768289999997707E+001,-1.0602487334197367E+001
 1.1769289999997707E+001, 1.1769289999997707E+001,-1.0602487334202369E+001
 1.1770289999997706E+001, 1.1770289999997706E+001,-1.0602487334196605E+001
 1.1771289999997705E+001, 1.1771289999997705E+001,-1.0602487334194283E+001
 1.1772289999997705E+001, 1.1772289999997705E+001,-1.0602487334179068E+001
 1.1773289999997704E+001, 1.1773289999997704E+001,-1.0602487334182911E+001
 1.1774289999997704E+001, 1.1774289999997704E+001,-1.0602487334179955E+001
 1.1775289999997703E+001, 1.1775289999997703E+001,-1.0602487334175770E+001
 1.1776289999997703E+001, 1.1776289999997703E+001,-1.0602487334174398E+001
 1.1777289999997702E+001, 1.1777289999997702E+001,-1.0602487334178607E+001
 1.1778289999997702E+001, 1.1778289999997702E+001,-1.0602487334171929E+001
 1.1779289999997701E+001, 1.1779289999997701E+001,-1.0602487334164959E+001
 1.1780289999997700E+001, 1.1780289999997700E+001,-1.0602487334163502E+001
 1.1781289999997700E+001, 1.1781289999997700E+001,-1.0602487334146529E+001
 1.1782289999997699E+001, 1.1782289999997699E+001,-1.0602487334156740E+001
 1.1783289999997699E+001, 1.1783289999997699E+001,-1.0602487334153953E+001
 1.1784289999997698E+001, 1.1784289999997698E+001,-1.0602487334137834E+001
 1.1785289999997698E+001, 1.1785289999997698E+001,-1.0602487334141660E+001
 1.1786289999997697E+001, 1.1786289999997697E+001,-1.0602487334134969E+001
 1.1787289999997697E+001, 1.1787289999997697E+001,-1.0602487334137102E+001
 1.1788289999997696E+001, 1.1788289999997696E+001,-1.0602487334134086E+001
 1.1789289999997695E+001, 1.1789289999997695E+001,-1.0602487334140058E+001
 1.1790289999997695E+001, 1.1790289999997695E+001,-1.0602487334127005E+001
 1.1791289999997694E+001, 1.1791289999997694E+001,-1.0602487334126279E+001
 1.1792289999997694E+001, 1.1792289999997694E+001,-1.0602487334119477E+001
 1.1793289999997693E+001, 1.1793289999997693E+001,-1.0602487334113402E+001
 1.1794289999997693E+001, 1.1794289999997693E+001,-1.0602487334101815E+001
 1.1795289999997692E+001, 1.1795289999997692E+001,-1.0602487334116807E+001
 1.1796289999997692E+001, 1.1796289999997692E+001,-1.0602487334103996E+001
 1.1797289999997691E+001, 1.1797289999997691E+001,-1.0602487334104174E+001
 1.1798289999997690E+001, 1.1798289999997690E+001,-1.0602487334102907E+001
 1.1799289999997690E+001, 1.1799289999997690E+001,-1.0602487334096978E+001
 1.1800289999997689E+001, 1.1800289999997689E+001,-1.0602487334100175E+001
 1.1801289999997689E+001, 1.1801289999997689E+001,-1.0602487334095262E+001
 1.1802289999997688E+001, 1.1802289999997688E+001,-1.0602487334075507E+001
 1.1803289999997688E+001, 1.1803289999997688E+001,-1.0602487334079234E+001
 1.1804289999997687E+001, 1.1804289999997687E+001,-1.0602487334074326E+001
 1.1805289999997687E+001, 1.1805289999997687E+001,-1.0602487334069203E+001
 1.1806289999997686E+001, 1.1806289999997686E+001,-1.0602487334066900E+001
 1.1807289999997685E+001, 1.1807289999997685E+001,-1.0602487334070185E+001
 1.1808289999997685E+001, 1.1808289999997685E+001,-1.0602487334061543E+001
 1.1809289999997684E+001, 1.1809289999997684E+001,-1.0602487334053633E+001
 1.1810289999997684E+001, 1.1810289999997684E+001,-1.0602487334056779E+001
 1.1811289999997683E+001, 1.1811289999997683E+001,-1.0602487334047233E+001
 1.1812289999997683E+001, 1.1812289999997683E+001,-1.0602487334050332E+001
 1.1813289999997682E+001, 1.1813289999997682E+001,-1.0602487334049149E+001
 1.1814289999997682E+001, 1.1814289999997682E+001,-1.0602487334048739E+001
 1.1815289999997681E+001, 1.1815289999997681E+001,-1.0602487334030885E+001
 1.1816289999997680E+001, 1.1816289999997680E+001,-1.0602487334041085E+001
 1.1817289999997680E+001, 1.1817289999997680E+001,-1.0602487334035466E+001
 1.1818289999997679E+001, 1.1818289999997679E+001,-1.0602487334023005E+001
 1.1819289999997679E+001, 1.1819289999997679E+001,-1.0602487334031551E+001
 1.1820289999997678E+001, 1.1820289999997678E+001,-1.0602487334015724E+001
 1.1821289999997678E+001, 1.1821289999997678E+001,-1.0602487334019553E+001
 1.1822289999997677E+001, 1.1822289999997677E+001,-1.0602487334018386E+001
 1.1823289999997677E+001, 1.1823289999997677E+001,-1.0602487334006055E+001
 1.1824289999997676E+001, 1.1824289999997676E+001,-1.0602487334017290E+001
 1.1825289999997675E+001, 1.1825289999997675E+001,-1.0602487334005261E+001
 1.1826289999997675E+001, 1.1826289999997675E+001,-1.0602487334009194E+001
 1.1827289999997674E+001, 1.1827289999997674E+001,-1.0602487334008931E+001
 1.1828289999997674E+001, 1.1828289999997674E+001,-1.0602487333995708E+001
 1.1829289999997673E+001, 1.1829289999997673E+001,-1.0602487333994093E+001
 1.1830289999997673E+001, 1.1830289999997673E+001,-1.0602487333989050E+001
 1.1831289999997672E+001, 1.1831289999997672E+001,-1.0602487333997793E+001
 1.1832289999997672E+001, 1.1832289999997672E+001,-1.0602487333981081E+001
 1.1833289999997671E+001, 1.1833289999997671E+001,-1.0602487333984886E+001
 1.1834289999997671E+001, 1.1834289999997671E+001,-1.0602487333969842E+001
 1.1835289999997670E+001, 1.1835289999997670E+001,-1.0602487333967284E+001
 1.1836289999997669E+001, 1.1836289999997669E+001,-1.0602487333976978E+001
 1.1837289999997669E+001, 1.1837289999997669E+001,-1.0602487333960301E+001
 1.1838289999997668E+001, 1.1838289999997668E+001,-1.0602487333958596E+001
 1.1839289999997668E+001, 1.1839289999997668E+001,-1.0602487333958170E+001
 1.1840289999997667E+001, 1.1840289999997667E+001,-1.0602487333956887E+001
 1.1841289999997667E+001, 1.1841289999997667E+001,-1.0602487333950958E+001
 1.1842289999997666E+001, 1.1842289999997666E+001,-1.0602487333949519E+001
 1.1843289999997666E+001, 1.1843289999997666E+001,-1.0602487333943591E+001
 1.1844289999997665E+001, 1.1844289999997665E+001,-1.0602487333942157E+001
 1.1845289999997664E+001, 1.1845289999997664E+001,-1.0602487333941744E+001
 1.1846289999997664E+001, 1.1846289999997664E+001,-1.0602487333940470E+001
 1.1847289999997663E+001, 1.1847289999997663E+001,-1.0602487333928114E+001
 1.1848289999997663E+001, 1.1848289999997663E+001,-1.0602487333932936E+001
 1.1849289999997662E+001, 1.1849289999997662E+001,-1.0602487333925374E+001
 1.1850289999997662E+001, 1.1850289999997662E+001,-1.0602487333919287E+001
 1.1851289999997661E+001, 1.1851289999997661E+001,-1.0602487333907707E+001
 1.1852289999997661E+001, 1.1852289999997661E+001,-1.0602487333913439E+001
 1.1853289999997660E+001, 1.1853289999997660E+001,-1.0602487333917839E+001
 1.1854289999997659E+001, 1.1854289999997659E+001,-1.0602487333914006E+001
 1.1855289999997659E+001, 1.1855289999997659E+001,-1.0602487333904277E+001
 1.1856289999997658E+001, 1.1856289999997658E+001,-1.0602487333898122E+001
 1.1857289999997658E+001, 1.1857289999997658E+001,-1.0602487333892061E+001
 1.1858289999997657E+001, 1.1858289999997657E+001,-1.0602487333895253E+001
 1.1859289999997657E+001, 1.1859289999997657E+001,-1.0602487333883920E+001
 1.1860289999997656E+001, 1.1860289999997656E+001,-1.0602487333894292E+001
 1.1861289999997656E+001, 1.1861289999997656E+001,-1.0602487333870306E+001
 1.1862289999997655E+001, 1.1862289999997655E+001,-1.0602487333875715E+001
 1.1863289999997654E+001, 1.1863289999997654E+001,-1.0602487333874596E+001
 1.1864289999997654E+001, 1.1864289999997654E+001,-1.0602487333867774E+001
 1.1865289999997653E+001, 1.1865289999997653E+001,-1.0602487333871842E+001
 1.1866289999997653E+001, 1.1866289999997653E+001,-1.0602487333859630E+001
 1.1867289999997652E+001, 1.1867289999997652E+001,-1.0602487333865350E+001
 1.1868289999997652E+001, 1.1868289999997652E+001,-1.0602487333858710E+001
 1.1869289999997651E+001, 1.1869289999997651E+001,-1.0602487333857272E+001
 1.1870289999997651E+001, 1.1870289999997651E+001,-1.0602487333846710E+001
 1.1871289999997650E+001, 1.1871289999997650E+001,-1.0602487333848877E+001
 1.1872289999997649E+001, 1.1872289999997649E+001,-1.0602487333845740E+001
 1.1873289999997649E+001, 1.1873289999997649E+001,-1.0602487333841690E+001
 1.1874289999997648E+001, 1.1874289999997648E+001,-1.0602487333846728E+001
 1.1875289999997648E+001, 1.1875289999997648E+001,-1.0602487333840065E+001
 1.1876289999997647E+001, 1.1876289999997647E+001,-1.0602487333839512E+001
 1.1877289999997647E+001, 1.1877289999997647E+001,-1.0602487333827192E+001
 1.1878289999997646E+001, 1.1878289999997646E+001,-1.0602487333820971E+001
 1.1879289999997646E+001, 1.1879289999997646E+001,-1.0602487333821312E+001
 1.1880289999997645E+001, 1.1880289999997645E+001,-1.0602487333815434E+001
 1.1881289999997644E+001, 1.1881289999997644E+001,-1.0602487333817734E+001
 1.1882289999997644E+001, 1.1882289999997644E+001,-1.0602487333818321E+001
 1.1883289999997643E+001, 1.1883289999997643E+001,-1.0602487333804225E+001
 1.1884289999997643E+001, 1.1884289999997643E+001,-1.0602487333803484E+001
 1.1885289999997642E+001, 1.1885289999997642E+001,-1.0602487333803985E+001
 1.1886289999997642E+001, 1.1886289999997642E+001,-1.0602487333802724E+001
 1.1887289999997641E+001, 1.1887289999997641E+001,-1.0602487333792165E+001
 1.1888289999997641E+001, 1.1888289999997641E+001,-1.0602487333784206E+001
 1.1889289999997640E+001, 1.1889289999997640E+001,-1.0602487333788254E+001
 1.1890289999997639E+001, 1.1890289999997639E+001,-1.0602487333782452E+001
 1.1891289999997639E+001, 1.1891289999997639E+001,-1.0602487333786550E+001
 1.1892289999997638E+001, 1.1892289999997638E+001,-1.0602487333774349E+001
 1.1893289999997638E+001, 1.1893289999997638E+001,-1.0602487333774551E+001
 1.1894289999997637E+001, 1.1894289999997637E+001,-1.0602487333766865E+001
 1.1895289999997637E+001, 1.1895289999997637E+001,-1.0602487333771805E+001
 1.1896289999997636E+001, 1.1896289999997636E+001,-1.0602487333766035E+001
 1.1897289999997636E+001, 1.1897289999997636E+001,-1.0602487333764611E+001
 1.1898289999997635E+001, 1.1898289999997635E+001,-1.0602487333753157E+001
 1.1899289999997634E+001, 1.1899289999997634E+001,-1.0602487333750695E+001
 1.1900289999997634E+001, 1.1900289999997634E+001,-1.0602487333761298E+001
 1.1901289999997633E+001, 1.1901289999997633E+001,-1.0602487333742850E+001
 1.1902289999997633E+001, 1.1902289999997633E+001,-1.0602487333742875E+001
 1.1903289999997632E+001, 1.1903289999997632E+001,-1.0602487333743401E+001
 1.1904289999997632E+001, 1.1904289999997632E+001,-1.0602487333734826E+001
 1.1905289999997631E+001, 1.1905289999997631E+001,-1.0602487333733329E+001
 1.1906289999997631E+001, 1.1906289999997631E+001,-1.0602487333727385E+001
 1.1907289999997630E+001, 1.1907289999997630E+001,-1.0602487333721346E+001
 1.1908289999997629E+001, 1.1908289999997629E+001,-1.0602487333726325E+001
 1.1909289999997629E+001, 1.1909289999997629E+001,-1.0602487333719663E+001
 1.1910289999997628E+001, 1.1910289999997628E+001,-1.0602487333712698E+001
 1.1911289999997628E+001, 1.1911289999997628E+001,-1.0602487333701982E+001
 1.1912289999997627E+001, 1.1912289999997627E+001,-1.0602487333717001E+001
 1.1913289999997627E+001, 1.1913289999997627E+001,-1.0602487333705083E+001
 1.1914289999997626E+001, 1.1914289999997626E+001,-1.0602487333708119E+001
 1.1915289999997626E+001, 1.1915289999997626E+001,-1.0602487333687533E+001
 1.1916289999997625E+001, 1.1916289999997625E+001,-1.0602487333691238E+001
 1.1917289999997625E+001, 1.1917289999997625E+001,-1.0602487333694697E+001
 1.1918289999997624E+001, 1.1918289999997624E+001,-1.0602487333684248E+001
 1.1919289999997623E+001, 1.1919289999997623E+001,-1.0602487333689128E+001
 1.1920289999997623E+001, 1.1920289999997623E+001,-1.0602487333675159E+001
 1.1921289999997622E+001, 1.1921289999997622E+001,-1.0602487333679042E+001
 1.1922289999997622E+001, 1.1922289999997622E+001,-1.0602487333678763E+001
 1.1923289999997621E+001, 1.1923289999997621E+001,-1.0602487333678383E+001
 1.1924289999997621E+001, 1.1924289999997621E+001,-1.0602487333666057E+001
 1.1925289999997620E+001, 1.1925289999997620E+001,-1.0602487333659834E+001
 1.1926289999997620E+001, 1.1926289999997620E+001,-1.0602487333663925E+001
 1.1927289999997619E+001, 1.1927289999997619E+001,-1.0602487333653507E+001
 1.1928289999997618E+001, 1.1928289999997618E+001,-1.0602487333646433E+001
 1.1929289999997618E+001, 1.1929289999997618E+001,-1.0602487333644087E+001
 1.1930289999997617E+001, 1.1930289999997617E+001,-1.0602487333649171E+001
 1.1931289999997617E+001, 1.1931289999997617E+001,-1.0602487333648028E+001
 1.1932289999997616E+001, 1.1932289999997616E+001,-1.0602487333642104E+001
 1.1933289999997616E+001, 1.1933289999997616E+001,-1.0602487333641573E+001
 1.1934289999997615E+001, 1.1934289999997615E+001,-1.0602487333633865E+001
 1.1935289999997615E+001, 1.1935289999997615E+001,-1.0602487333623142E+001
 1.1936289999997614E+001, 1.1936289999997614E+001,-1.0602487333622479E+001
 1.1937289999997613E+001, 1.1937289999997613E+001,-1.0602487333615677E+001
 1.1938289999997613E+001, 1.1938289999997613E+001,-1.0602487333607810E+001
 1.1939289999997612E+001, 1.1939289999997612E+001,-1.0602487333620060E+001
 1.1940289999997612E+001, 1.1940289999997612E+001,-1.0602487333607169E+001
 1.1941289999997611E+001, 1.1941289999997611E+001,-1.0602487333610197E+001
 1.1942289999997611E+001, 1.1942289999997611E+001,-1.0602487333604378E+001
 1.1943289999997610E+001, 1.1943289999997610E+001,-1.0602487333602950E+001
 1.1944289999997610E+001, 1.1944289999997610E+001,-1.0602487333603428E+001
 1.1945289999997609E+001, 1.1945289999997609E+001,-1.0602487333596644E+001
 1.1946289999997608E+001, 1.1946289999997608E+001,-1.0602487333596981E+001
 1.1947289999997608E+001, 1.1947289999997608E+001,-1.0602487333589311E+001
 1.1948289999997607E+001, 1.1948289999997607E+001,-1.0602487333582314E+001
 1.1949289999997607E+001, 1.1949289999997607E+001,-1.0602487333581751E+001
 1.1950289999997606E+001, 1.1950289999997606E+001,-1.0602487333574947E+001
 1.1951289999997606E+001, 1.1951289999997606E+001,-1.0602487333579914E+001
 1.1952289999997605E+001, 1.1952289999997605E+001,-1.0602487333574146E+001
 1.1953289999997605E+001, 1.1953289999997605E+001,-1.0602487333568106E+001
 1.1954289999997604E+001, 1.1954289999997604E+001,-1.0602487333554725E+001
 1.1955289999997603E+001, 1.1955289999997603E+001,-1.0602487333554011E+001
 1.1956289999997603E+001, 1.1956289999997603E+001,-1.0602487333557338E+001
 1.1957289999997602E+001, 1.1957289999997602E+001,-1.0602487333552425E+001
 1.1958289999997602E+001, 1.1958289999997602E+001,-1.0602487333551029E+001
 1.1959289999997601E+001, 1.1959289999997601E+001,-1.0602487333544190E+001
 1.1960289999997601E+001, 1.1960289999997601E+001,-1.0602487333539013E+001
 1.1961289999997600E+001, 1.1961289999997600E+001,-1.0602487333543127E+001
 1.1962289999997600E+001, 1.1962289999997600E+001,-1.0602487333536455E+001
 1.1963289999997599E+001, 1.1963289999997599E+001,-1.0602487333535890E+001
 1.1964289999997598E+001, 1.1964289999997598E+001,-1.0602487333528194E+001
 1.1965289999997598E+001, 1.1965289999997598E+001,-1.0602487333528504E+001
 1.1966289999997597E+001, 1.1966289999997597E+001,-1.0602487333531869E+001
 1.1967289999997597E+001, 1.1967289999997597E+001,-1.0602487333530686E+001
 1.1968289999997596E+001, 1.1968289999997596E+001,-1.0602487333513713E+001
 1.1969289999997596E+001, 1.1969289999997596E+001,-1.0602487333513789E+001
 1.1970289999997595E+001, 1.1970289999997595E+001,-1.0602487333512517E+001
 1.1971289999997595E+001, 1.1971289999997595E+001,-1.0602487333521360E+001
 1.1972289999997594E+001, 1.1972289999997594E+001,-1.0602487333505540E+001
 1.1973289999997593E+001, 1.1973289999997593E+001,-1.0602487333498338E+001
 1.1974289999997593E+001, 1.1974289999997593E+001,-1.0602487333501504E+001
 1.1975289999997592E+001, 1.1975289999997592E+001,-1.0602487333490172E+001
 1.1976289999997592E+001, 1.1976289999997592E+001,-1.0602487333479351E+001
 1.1977289999997591E+001, 1.1977289999997591E+001,-1.0602487333487938E+001
 1.1978289999997591E+001, 1.1978289999997591E+001,-1.0602487333476743E+001
 1.1979289999997590E+001, 1.1979289999997590E+001,-1.0602487333480710E+001
 1.1980289999997590E+001, 1.1980289999997590E+001,-1.0602487333475811E+001
 1.1981289999997589E+001, 1.1981289999997589E+001,-1.0602487333467995E+001
 1.1982289999997588E+001, 1.1982289999997588E+001,-1.0602487333478457E+001
 1.1983289999997588E+001, 1.1983289999997588E+001,-1.0602487333456271E+001
 1.1984289999997587E+001, 1.1984289999997587E+001,-1.0602487333456196E+001
 1.1985289999997587E+001, 1.1985289999997587E+001,-1.0602487333453137E+001
 1.1986289999997586E+001, 1.1986289999997586E+001,-1.0602487333448050E+001
 1.1987289999997586E+001, 1.1987289999997586E+001,-1.0602487333450387E+001
 1.1988289999997585E+001, 1.1988289999997585E+001,-1.0602487333443646E+001
 1.1989289999997585E+001, 1.1989289999997585E+001,-1.0602487333443989E+001
 1.1990289999997584E+001, 1.1990289999997584E+001,-1.0602487333442728E+001
 1.1991289999997583E+001, 1.1991289999997583E+001,-1.0602487333442326E+001
 1.1992289999997583E+001, 1.1992289999997583E+001,-1.0602487333435516E+001
 1.1993289999997582E+001, 1.1993289999997582E+001,-1.0602487333434064E+001
 1.1994289999997582E+001, 1.1994289999997582E+001,-1.0602487333427234E+001
 1.1995289999997581E+001, 1.1995289999997581E+001,-1.0602487333421166E+001
 1.1996289999997581E+001, 1.1996289999997581E+001,-1.0602487333420626E+001
 1.1997289999997580E+001, 1.1997289999997580E+001,-1.0602487333413826E+001
 1.1998289999997580E+001, 1.1998289999997580E+001,-1.0602487333412371E+001
 1.1999289999997579E+001, 1.1999289999997579E+001,-1.0602487333400907E+001
 1.2000000000000000E+001, 1.2000000000000000E+001,-1.0602487333405671E+001
